9.3e-07
9.3e-07
9.5e-07
9.8e-07
9.5e-07
9.5e-07
9.5e-07
9.8e-07
1.03e-06
9.5e-07
9.5e-07
1e-06
1.03e-06
1.03e-06
1.05e-06
1.07e-06
1.07e-06
1.1e-06
1.12e-06
1.12e-06
1.1e-06
1.07e-06
1.1e-06
1.12e-06
1.12e-06
1.1e-06
1.12e-06
1.1e-06
1.12e-06
1.12e-06
1.12e-06
1.15e-06
1.17e-06
1.2e-06
1.22e-06
1.29e-06
1.32e-06
1.32e-06
1.34e-06
1.34e-06
1.37e-06
1.37e-06
1.39e-06
1.39e-06
1.42e-06
1.44e-06
1.44e-06
1.44e-06
1.44e-06
1.42e-06
1.39e-06
1.39e-06
1.34e-06
1.32e-06
1.32e-06
1.29e-06
1.34e-06
1.34e-06
1.34e-06
