8.16442
7.69982
8.04282
7.75625
7.99659
7.79402
7.96487
7.80877
7.96043
7.84608
7.95494
7.87469
7.94844
7.85148
7.92005
7.82345
7.90559
7.81730
7.88599
7.84876
7.89628
7.85226
7.88370
7.84536
7.87287
7.84850
7.89875
7.90477
7.89432
7.87093
7.89171
7.87940
7.88360
7.87520
7.88788
7.85212
7.85457
7.83531
7.83505
7.81518
7.81753
7.80294
7.78938
7.79746
7.82233
7.82681
7.83855
7.82418
7.80774
7.80097
7.78283
7.78174
7.75709
7.75516
7.74043
7.72177
7.70761
7.70916
7.69380
7.70032
7.67318
7.66829
7.68360
7.68533
7.69100
7.69018
7.68675
7.69007
7.68143
7.65833
7.66825
7.63052
7.61670
7.60134
7.59173
7.57775
7.56792
7.55558
7.55013
7.53625
7.52806
7.52447
7.50560
7.49707
7.48874
7.47672
7.48179
7.45317
7.43646
7.43105
7.42967
7.44537
7.44615
7.45274
7.43577
7.41848
7.40587
7.39452
7.38485
7.37768
7.36413
7.34937
7.33651
7.32393
7.30909
7.29565
7.27992
7.26723
7.25105
7.24693
7.23368
7.23323
7.21811
7.27937
7.49807
7.68297
7.77070
7.79062
7.76456
7.77375
7.84715
7.98936
8.04994
8.02756
8.01659
8.04918
8.11942
8.33278
8.30581
8.26402
8.51115
8.51472
8.59858
8.59135
8.57865
8.55436
8.55151
8.53275
8.64912
8.82767
8.94101
8.96400
9.00746
9.17542
9.04750
9.13493
9.32171
9.25508
9.32967
9.31121
9.33820
9.33421
9.30105
9.24480
9.22657
9.19351
9.20040
9.19246
9.22746
9.22566
9.16860
9.17088
9.14052
9.26691
9.50996
9.64299
9.69047
9.63546
9.54151
9.48582
9.45485
9.45906
9.65641
9.81478
9.79997
9.85039
9.88552
9.90610
9.88137
9.82256
9.80373
9.93568
10.03114
10.08265
10.05202
9.99902
9.95876
9.92389
9.89556
9.87378
9.90394
9.88949
9.85679
9.85234
9.82887
9.87737
9.93535
10.12905
10.06710
10.05640
10.22493
10.31141
10.32361
10.35410
10.34164
10.33252
10.29357
10.30111
10.28297
10.29399
10.38081
10.42415
10.20808
10.23590
10.28171
10.34742
10.34152
10.36018
10.30042
10.10718
10.04770
10.22776
10.13383
10.18513
10.24707
10.39694
10.58402
10.63997
10.52554
10.33334
10.29100
10.26574
10.62804
10.74575
10.76305
10.86196
10.91919
10.87937
10.88465
10.90585
10.91893
10.91389
10.88244
10.86669
10.86494
10.96205
11.03666
10.62292
11.08995
11.31625
11.10142
11.38481
11.61962
11.28130
11.19071
11.34173
11.06570
10.88309
10.65670
10.75963
11.03829
11.25717
11.26451
11.36332
11.53607
11.70441
11.71379
11.71837
11.68615
11.66750
11.47461
11.33835
11.49664
11.57610
11.75628
11.68463
11.90007
11.55064
11.56104
11.55414
11.57558
11.72821
11.78869
11.87739
11.81391
11.75970
11.63868
11.62178
11.61136
11.60358
11.58448
11.54516
11.57678
11.62221
11.69541
11.62038
11.64648
11.80306
11.74561
11.72433
11.64802
11.77100
11.87629
11.92136
11.74344
11.91524
11.81669
11.78659
11.80425
11.79303
11.85520
11.99919
11.94241
11.99870
12.26426
12.52579
12.50005
12.60835
12.77286
12.83764
12.76467
12.87264
13.23896
13.37952
13.36843
13.18430
13.08871
13.06634
12.88496
12.75117
12.65629
12.59016
12.56788
12.54826
12.44629
12.41125
12.39219
12.43323
12.40055
12.42624
12.41225
12.60046
12.77172
12.72461
12.80105
12.80792
12.74749
12.68516
12.61882
12.59204
12.57105
12.57460
12.69980
12.74461
12.71505
12.71967
12.70263
12.66544
12.69627
12.65326
12.65128
12.70978
12.70341
12.61964
12.48243
12.38859
12.36382
12.42993
12.48657
12.41433
12.56901
12.84348
12.86430
12.77716
12.65475
12.58509
12.52897
12.50430
12.44393
12.38350
12.37147
12.32860
12.27151
12.25820
12.18781
12.15842
12.14989
12.11911
12.06761
12.04563
12.08916
12.12042
12.33092
12.27381
12.17235
12.39890
12.40690
12.57301
12.59761
12.71666
12.87621
12.90558
13.03195
12.77656
12.59624
12.89544
13.06977
13.56484
13.29887
13.35731
13.35160
13.48902
13.50645
13.42907
13.26974
13.22845
13.23061
12.98815
13.09227
13.14092
13.15111
13.21742
13.23115
13.24495
13.29278
13.59183
13.63270
13.54193
13.37760
13.28423
13.33317
13.46233
13.60844
13.56941
13.56641
13.59173
13.73580
13.77094
13.62226
13.49433
13.50512
13.42081
13.36477
13.29532
13.26676
13.24837
13.28043
13.27825
13.24570
13.24125
13.26123
13.22200
13.18486
13.11628
13.12163
13.10255
13.08016
12.88922
12.76925
12.76188
12.69956
12.70889
12.65331
12.62425
12.56031
12.59039
12.56249
12.80668
13.04788
13.25727
13.01202
12.78992
12.74065
12.72151
12.69644
12.52396
12.58757
12.23660
12.36425
12.61260
12.74003
12.77993
12.68714
12.58607
12.43988
12.38501
12.43724
12.44003
12.52596
12.52451
12.56419
12.64194
12.57310
12.45902
12.87547
12.82407
12.93034
13.06525
13.16491
13.07886
13.11032
12.89166
12.47516
12.44999
12.43701
12.39933
12.37575
12.38533
12.34448
12.37356
12.38692
12.39533
12.64426
12.67651
12.65484
12.62811
12.57459
12.52340
12.48040
12.49390
12.42460
12.40000
12.37153
12.38793
12.31856
12.29315
12.32830
12.30516
12.29839
12.82464
13.99892
14.85165
15.32727
15.28332
15.20396
15.00221
14.84306
14.78008
14.64018
14.55763
14.47499
14.39675
14.31511
14.25707
14.27143
14.35084
14.34025
14.35882
14.36957
14.31733
14.24299
14.10693
14.01048
13.86476
13.83387
13.81027
13.82376
13.68550
13.58008
13.55375
13.54665
13.54773
13.55218
13.52531
13.49209
13.50860
13.60694
13.65495
13.62530
13.59095
13.48786
13.43018
13.38857
13.34122
13.32884
13.26415
13.18939
13.06069
13.02682
12.97142
12.94354
12.91891
12.89159
12.84675
12.81476
12.76464
12.72284
12.72907
12.68113
12.59390
12.57768
12.58393
12.93547
13.53262
13.98838
14.19325
14.21349
14.12020
13.98279
13.86681
13.73195
13.58854
13.62670
13.54703
13.38044
13.15090
13.28841
13.32012
13.21873
13.21807
13.19430
13.17542
13.08648
13.15121
13.07876
13.03360
13.06995
13.13477
13.13005
13.13099
13.21612
13.26596
13.38769
13.48351
13.22598
13.22008
13.18969
13.10800
13.04885
13.05431
13.14327
13.18628
13.12519
13.05879
13.10538
13.15991
12.97342
12.88203
12.80799
12.75905
12.73434
12.72644
12.68444
12.71377
12.67821
12.67826
12.67724
12.67954
12.61714
12.69539
12.67684
12.75198
12.55621
12.67601
13.00605
13.12959
13.33630
13.32447
13.24244
12.93779
12.91405
12.91949
13.11363
13.24466
13.32006
13.22850
13.17318
13.07367
13.06606
13.00090
12.97391
12.94234
12.88363
12.87593
12.92968
12.92671
12.94640
12.81213
12.80336
12.85794
12.92927
13.08142
13.18027
13.36855
13.58270
13.85880
14.17585
13.96995
14.42162
15.29112
15.60298
15.80574
15.70007
15.62592
15.44012
15.21110
15.08399
15.06972
15.12333
15.23422
15.39607
15.64471
15.71789
15.75056
15.73149
15.50174
15.24960
15.43330
15.47785
15.39807
15.30574
15.64159
16.54630
17.16458
17.04769
17.17890
17.04414
17.07897
17.60218
17.18266
16.94677
16.79952
16.50011
16.51848
16.41742
16.30846
16.43478
15.67209
15.42901
15.50374
15.60429
15.55541
15.47691
15.47277
15.43804
15.34244
15.29784
15.45444
15.68787
15.64425
15.63859
15.64710
15.67161
15.90260
16.06686
16.23148
16.37085
16.32823
16.53271
16.52932
16.60965
16.60779
16.65360
16.13945
15.92059
16.05982
15.98752
16.12957
16.04168
16.05408
16.26977
16.40220
16.38583
16.31718
16.22617
16.14884
16.08444
16.05709
15.96363
15.94037
15.85188
15.94280
15.90313
15.61807
15.70676
15.56671
15.75883
15.84281
15.76005
15.73813
15.72267
15.70044
15.66607
15.60927
15.55644
15.51110
15.48560
15.44842
15.41796
15.37899
15.35612
15.32791
15.29122
15.26773
15.25337
15.22799
15.20512
15.16667
15.13540
15.10423
15.07873
15.05555
15.02644
15.01210
14.95215
14.91389
14.88900
14.87722
14.83451
14.80889
14.81071
14.82034
14.80766
14.79510
14.74603
14.71540
14.69363
14.65869
14.61705
14.57413
14.53275
14.50218
14.46505
14.42842
14.39016
14.35743
14.32470
14.28864
14.25148
14.21931
14.18503
14.14899
14.11638
14.08930
14.05033
14.01614
13.98571
13.95227
13.92400
13.90869
13.87416
13.84598
13.79488
13.77847
13.73465
13.73648
13.69392
13.67802
13.62593
13.61609
13.57553
13.59098
13.50817
13.49523
13.41308
13.46727
13.32790
13.33957
13.24689
13.28372
13.18111
13.24299
13.12464
13.18738
13.06272
13.16300
13.03490
13.14322
12.96658
13.08832
12.87021
13.03079
12.78549
12.98177
12.68115
12.96678
12.54604
12.97289
12.37292
13.06216
