18.21017
17.35545
18.09578
17.48144
17.99792
17.53902
17.88792
17.53749
17.81427
17.53524
17.76643
17.50984
17.69347
17.51611
17.65176
17.48957
17.60666
17.46997
17.56866
17.45697
17.52605
17.42215
17.47584
17.39195
17.44023
17.38593
17.35763
17.23764
17.27527
17.23909
17.30502
17.25469
17.27064
17.22863
17.25967
17.23070
17.23819
17.20705
17.20330
17.17396
17.17007
17.14399
17.13521
17.11274
17.10071
17.07897
17.06507
17.04260
17.02527
17.01844
17.01261
17.00090
16.99149
16.98059
16.96732
16.95006
16.93560
16.91942
16.91086
16.90298
16.89654
16.88771
16.87165
16.85924
16.84347
16.84609
16.86964
16.87590
16.86307
16.84761
16.82739
16.81506
16.80588
16.79708
16.79150
16.77724
16.75936
16.74125
16.72837
16.71531
16.69918
16.68619
16.66878
16.66498
16.66597
16.66892
16.67986
16.67808
16.67173
16.66459
16.64897
16.63216
16.63080
16.69187
16.73597
16.74533
16.75964
16.81948
16.85911
16.87455
16.84823
16.83173
16.80975
16.80461
16.77046
16.76461
16.76175
16.74851
16.73916
16.72078
16.70984
16.69620
16.68893
16.67761
16.66918
16.65627
16.64198
16.64635
16.65714
16.65166
16.63973
16.63718
16.62669
16.61510
16.60611
16.60113
16.59138
16.58387
16.57345
16.56201
16.54928
16.53647
16.52671
16.51975
16.51907
16.51524
16.50179
16.49250
16.48457
16.47658
16.46620
16.45593
16.44853
16.44769
16.45384
16.46652
16.49099
16.59298
16.69120
16.72762
16.72193
16.75082
16.77150
16.76316
16.75096
16.79452
16.76869
16.78906
16.98931
17.26167
17.52949
17.80243
17.82578
17.85080
17.88827
17.81200
17.76311
18.09553
17.89288
17.87018
18.00155
18.03534
17.99460
17.90590
17.92986
18.00913
17.97757
18.00152
18.10374
18.15299
18.16223
18.16800
18.17676
18.20658
18.20648
18.33949
18.53165
18.54348
18.73455
18.81742
18.79003
18.68807
18.67426
18.68723
18.84965
18.90261
18.91692
18.92625
19.06559
19.19546
19.22490
19.30536
19.32292
19.35215
19.23975
19.26240
19.23313
19.07306
19.19450
19.26922
19.38278
19.74022
19.93818
19.47175
19.59378
19.50620
19.67288
19.53250
19.79414
19.88260
19.80551
19.79959
19.58370
19.97637
19.68295
19.62822
19.69404
19.76287
19.74819
19.74816
19.97048
19.89912
19.76356
19.91749
19.91909
20.10176
20.12405
20.23146
20.14523
20.07817
20.24140
20.10689
20.07428
19.97909
20.12482
20.39794
20.47570
20.52021
20.59736
20.64086
20.15805
19.96021
20.06099
20.08639
20.39044
20.56240
20.33149
20.20353
20.15052
20.18068
20.04816
20.10978
20.10027
20.10918
20.14596
20.32063
20.25651
20.17314
20.19231
20.17403
20.07892
20.07729
20.03113
20.09239
20.15796
20.17133
20.10620
20.35841
20.16133
20.01268
20.32453
20.24487
20.09885
20.11833
20.24191
20.02631
19.98133
19.91558
19.90637
19.94561
19.90303
20.06190
20.22403
20.22280
20.09209
20.23427
20.29312
20.29825
20.40306
20.24209
20.33290
20.28874
20.27257
20.28127
20.19761
20.08249
20.10520
20.13191
20.12458
20.04439
20.02364
20.22942
20.23577
20.23858
20.26518
20.23948
20.24985
20.22485
20.25381
20.14638
20.17444
20.18919
20.17002
20.13810
20.15478
20.09065
20.06481
20.09277
20.33366
20.32418
20.41196
20.39611
20.38782
20.57096
20.67248
20.68106
20.59718
20.48341
20.52827
20.51579
20.48854
20.43992
20.40157
20.36795
20.36270
20.29623
20.34795
20.37841
20.32956
20.26432
20.11268
20.06414
20.12157
20.14338
20.11264
20.18611
20.20941
20.13185
20.17120
20.25336
20.20932
20.17486
20.15384
20.18103
20.17058
20.14973
20.21051
20.17608
20.15599
20.16874
20.17966
20.11509
20.11134
20.14004
20.05901
19.96652
19.97685
19.96080
19.84784
19.98881
19.99231
19.96409
20.04000
20.07643
20.13509
20.21904
20.24641
20.24088
20.20105
20.23051
20.28018
20.23501
20.13729
20.09626
20.12578
20.17883
20.22839
20.22979
20.40718
20.49904
20.53635
20.47154
20.42316
20.41984
20.37378
20.36221
20.33452
20.34431
20.41605
20.44772
20.44689
20.39510
20.31815
20.26881
20.28220
20.33049
20.33055
20.32322
20.31676
20.27738
20.26084
20.21306
20.19726
20.06044
20.00986
20.05436
20.07030
20.12068
20.17368
20.14481
20.07213
20.08561
20.06742
20.51562
20.26724
20.07362
20.34575
20.28068
20.19210
20.21187
20.22643
20.16537
20.19389
20.20529
20.23983
20.29067
20.40175
20.21634
20.29490
20.37747
20.39499
20.41213
20.34953
20.26356
20.28586
20.18926
20.20941
20.53892
20.70414
21.02047
21.54264
22.04478
22.23693
22.42024
22.54179
22.56023
22.51619
22.55892
22.69839
22.88884
22.97654
22.99480
23.05015
23.07640
22.97517
22.94310
22.98219
23.08095
23.06828
23.10326
23.00642
22.83500
22.96472
23.03502
23.00152
22.91911
22.92476
22.84894
22.75498
22.83000
22.79980
22.99275
23.02522
23.07235
23.08284
22.99103
23.02971
22.98303
23.02802
23.01493
22.94972
22.91786
22.85391
22.82021
22.77978
22.87801
23.10324
23.10916
23.00959
23.05584
22.97818
22.89468
22.93584
22.94090
22.92988
22.86879
22.86485
22.82528
22.81330
22.80930
22.77280
22.72049
22.67011
22.62490
22.60130
22.61258
22.63580
22.59021
22.52995
22.48307
22.47579
22.43172
22.39710
22.35480
22.30960
22.26759
22.23100
22.18804
22.14907
22.10416
22.06441
22.02338
21.98383
21.94209
21.89971
21.85989
21.81619
21.77658
21.72957
21.69731
21.65646
21.61419
21.57293
21.53886
21.50333
21.47988
21.45539
21.43753
21.40873
21.38230
21.34266
21.32060
21.30334
21.27974
21.26143
21.26661
21.27036
21.25298
21.23952
21.21215
21.19145
21.16866
21.14297
21.11876
21.09735
21.06909
21.03696
21.00226
20.97262
20.94401
20.91548
20.89654
20.89091
20.86887
20.85051
20.83215
20.81569
20.79528
20.77478
20.75074
20.72905
20.70577
20.67712
20.65122
20.62239
20.59121
20.56734
20.54389
20.51675
20.49058
20.46491
20.43575
20.40814
20.38366
20.36063
20.33286
20.30249
20.26113
20.29080
20.37867
20.43418
20.44034
20.42975
20.41176
20.39410
20.37549
20.35869
20.33402
20.31636
20.29172
20.27204
20.24586
20.22164
20.19606
20.17005
20.13851
20.11803
20.03826
19.94001
19.90314
19.87112
19.86595
19.85559
19.85778
19.84889
19.82724
19.82200
19.81672
19.81049
19.80130
19.78801
19.77730
19.76252
19.75380
19.73355
19.71943
19.71200
19.69606
19.67543
19.66712
19.66253
19.65234
19.63582
19.61643
19.60113
19.58947
19.57286
19.55083
19.53733
19.52372
19.49909
19.47820
19.45822
19.43601
19.42047
19.40468
19.38263
19.36768
19.35119
19.33319
19.31417
19.29488
19.27161
19.25182
19.23478
19.21618
19.20577
19.18659
19.16480
19.14029
19.12239
19.10199
19.08163
19.06168
19.04168
19.02383
19.00573
18.98423
18.96675
18.94721
18.93054
18.91418
18.89389
18.87573
18.85387
18.82790
18.81162
18.78920
18.76977
18.74828
18.73292
18.70683
18.71608
18.76756
18.78060
18.77482
18.76764
18.77366
18.76525
18.75473
18.73675
18.71919
18.70268
18.68799
18.68400
18.67589
18.66182
18.64484
18.62395
18.60643
18.59021
18.57498
18.55726
18.55215
18.60136
18.62948
18.64104
18.63566
18.63804
18.65012
18.67443
18.73851
18.77635
18.82169
18.89116
18.90602
18.90401
18.90435
18.89528
18.89197
18.88474
18.86852
18.85616
18.84503
18.83871
18.82172
18.81338
18.80838
18.87233
18.94043
18.99174
19.01993
19.03297
19.06347
19.06421
19.06132
19.06507
19.06739
19.05476
19.03809
19.02982
19.02204
19.01684
19.00812
18.99946
18.98922
18.99077
18.98469
18.97379
18.96423
18.97402
18.97736
18.97425
18.96990
18.95759
18.94194
18.94257
18.97062
18.96768
18.94954
18.94119
18.93008
18.92215
18.92766
18.91252
18.89889
18.88440
18.87029
18.85478
18.84011
18.83422
18.82580
18.80936
18.79652
18.80374
18.82088
18.81896
18.80802
18.79033
18.77307
18.76822
18.75919
18.74782
18.73617
18.71163
18.69728
18.68856
18.68089
18.66992
18.68725
18.70774
18.69553
18.68841
18.67776
18.66461
18.65301
18.63924
18.62338
18.61381
18.59991
18.58273
18.56692
18.56313
18.55742
18.55360
18.55201
18.57706
18.61101
18.59683
18.57406
18.55436
18.53725
18.52028
18.50799
18.51551
18.52485
18.51905
18.51153
18.49820
18.48959
18.48110
18.46744
18.46112
18.46161
18.46118
18.45020
18.44380
18.44189
18.44679
18.45349
18.44525
18.43600
18.42113
18.40575
18.39132
18.37910
18.37121
18.35530
18.35042
18.33482
18.33452
18.31857
18.31655
18.29856
18.29568
18.26659
18.26842
18.24005
18.24647
18.22332
18.25394
18.22713
18.24099
18.19654
18.21686
18.16960
18.20721
18.15256
18.18591
18.12037
18.16628
18.09020
18.15034
18.05711
18.12789
18.01820
18.10449
17.98399
18.08874
17.94597
18.07762
17.90828
18.07732
17.86600
18.07740
17.81264
18.09712
17.74366
18.15161
17.63542
18.28948
