23.88734
22.56468
24.25947
23.53052
23.66133
23.18160
24.10267
23.14039
25.06247
25.61533
25.25769
24.03738
23.80566
23.23875
24.31928
24.75701
25.84666
26.21560
25.31516
24.32684
23.79931
23.62073
23.45115
23.23673
23.11356
23.08818
23.15112
23.07748
22.86849
22.67010
22.63169
22.41673
22.88328
23.91106
23.69721
23.81533
23.93218
23.16691
23.58012
23.72873
22.97445
22.62362
22.39261
22.27602
22.25560
22.23748
23.78266
23.97428
23.00937
22.64870
23.74255
24.12606
23.26533
22.85579
22.61064
22.68265
22.85916
22.65717
22.39721
22.32338
22.16451
22.18517
22.02822
21.97306
21.87075
21.85714
21.74579
21.76138
21.61315
21.66468
21.46815
22.92849
23.98537
22.98869
22.57438
22.34992
22.15941
21.92480
21.87469
21.80324
21.74726
21.65248
21.65853
21.72577
21.75182
21.51797
21.84747
23.38227
23.52891
23.15154
23.32308
23.65315
23.21535
22.94866
22.78694
22.58317
22.34956
22.34422
23.36233
23.17673
23.32581
24.50311
24.46209
23.89568
23.42700
23.58779
23.22152
22.77111
23.31844
23.75501
23.56196
23.16304
22.77769
22.59061
22.58719
22.77663
22.82214
22.65825
22.65424
22.42416
22.32135
22.14237
22.74756
23.93590
23.55370
22.97734
22.79857
22.73348
22.44887
22.39246
22.21693
22.43214
22.92916
22.82967
22.47543
22.36422
22.09168
22.78336
24.77701
26.09013
27.22210
28.26286
28.07772
27.05143
27.02489
26.47899
26.56329
26.66447
26.55816
26.39058
26.29349
26.24418
26.91785
26.72004
26.40391
26.10270
26.49917
26.98725
26.76203
26.43742
26.10517
25.95485
25.76659
25.66495
25.55301
25.62666
25.68730
26.05933
26.20240
26.15592
25.86624
25.38758
25.13406
24.83145
24.80361
24.68836
24.62504
24.34223
24.38674
24.05388
25.79978
27.19189
26.25413
25.34588
25.51788
26.65322
26.37927
25.72130
25.23253
25.11628
24.84801
24.75537
24.74556
24.83396
24.72381
24.54820
24.63728
25.14745
24.76563
24.69963
24.81905
24.60814
24.25803
24.13271
24.06912
24.13053
24.08959
24.05230
24.26892
24.08933
23.77268
23.61306
23.48839
23.41264
23.25863
23.34145
23.73601
24.82256
24.36279
24.45106
25.05473
25.45887
24.98770
24.41040
24.30748
24.92896
24.84062
24.42144
24.28946
24.08045
24.04878
23.91181
24.05252
25.17921
26.38589
25.88212
25.32272
25.00682
24.37702
24.42386
25.15320
24.30485
23.11655
23.04030
23.05927
23.32351
23.01013
23.98467
25.75715
26.38791
26.40826
25.56509
24.87218
24.75330
24.54603
24.62826
25.26340
25.03053
24.69052
24.40257
24.28885
24.21038
24.08274
24.05580
24.30092
24.27842
24.39346
24.47819
24.92339
25.25654
24.84344
24.56633
24.76421
25.27458
24.59710
24.40929
24.43396
24.36699
24.44398
25.25770
24.82936
24.37252
24.00381
24.01165
23.88973
24.89316
25.42432
24.65460
24.36446
24.14401
24.06544
24.15030
24.07135
23.91643
24.12886
24.53962
24.30099
24.01856
23.99082
23.96919
23.78660
23.91610
24.74940
24.79169
25.48176
25.23704
24.59397
24.82600
24.89317
25.63707
25.63016
25.42095
25.47463
24.84757
24.77977
24.73010
24.41516
24.19335
24.08565
24.08239
24.07891
24.11504
24.06516
23.84368
24.19154
24.51074
24.28997
24.15431
24.51743
25.66515
25.98219
25.99299
25.35823
24.97838
24.80827
24.64954
24.56367
24.27375
24.23122
24.19158
24.07406
23.99161
23.87336
23.87218
23.72179
23.53725
23.44352
23.55174
23.98344
23.82652
23.58651
23.20363
23.38380
22.91688
24.45151
25.89060
26.30945
26.13588
25.26894
25.81933
25.37454
24.90523
24.53078
24.56180
24.23547
24.77386
25.85775
26.57511
26.52395
25.62580
25.07228
24.37530
24.19196
24.15694
24.00851
23.89402
23.76450
23.88522
23.96372
23.63982
24.29419
25.36483
24.79706
24.39315
23.96878
24.76554
26.10193
25.24661
24.17960
23.68441
23.67609
24.72739
24.94173
24.34819
24.38047
24.34779
23.93742
24.77004
25.72435
24.91945
24.47079
24.32305
25.12816
26.82941
26.62386
26.01275
25.79011
24.99739
24.63271
25.00043
24.89660
24.42341
23.92475
24.10777
24.47023
23.89197
23.07023
23.09050
23.23322
23.37006
23.94896
23.83621
23.56606
24.48887
24.48460
24.62542
25.42110
24.92225
24.44758
24.15920
24.40272
24.17917
23.94094
23.70795
23.62107
23.58382
23.81954
23.54017
23.43904
23.35361
24.41951
24.87025
24.20100
24.00805
23.99234
23.78971
23.90213
23.92310
23.72864
23.45979
22.84540
22.95635
24.28804
23.83153
23.16853
23.42048
24.36685
23.89047
22.87584
22.20444
22.33867
22.02283
22.51544
22.98976
24.99549
25.88554
25.85240
25.73664
25.47426
26.31042
26.14462
27.29800
26.70253
25.01780
23.78443
23.82780
23.65353
24.85764
24.58090
24.47832
24.08256
23.62162
23.25367
23.71447
24.03412
23.67851
23.24035
23.35929
23.61330
23.03701
22.82286
22.93151
24.47439
25.63148
24.61536
23.92446
23.47616
23.30655
23.02406
24.69569
26.79043
27.01049
26.93196
26.20639
26.51471
26.48190
25.93155
26.19209
25.71399
25.62732
26.27796
26.56935
27.73220
27.88979
27.20781
26.75229
26.48087
26.23140
26.15553
26.79920
27.46475
26.97448
26.59922
26.02544
25.52106
25.49567
25.83259
25.59919
25.69113
26.19293
26.32486
25.89711
25.68850
25.85336
26.11827
25.72241
26.75925
27.08623
26.91652
26.76721
26.90378
27.76873
27.14394
27.01362
27.95325
27.81278
27.03015
26.57892
26.81720
27.98346
27.76219
27.15500
26.70712
27.19841
27.14626
26.66767
26.50205
26.21440
26.12809
25.99116
26.46215
28.16123
27.60294
28.03589
28.31897
27.56999
26.90557
26.62950
26.35244
26.54101
26.51537
26.51968
26.38712
26.24850
25.96829
26.27065
25.74970
26.82658
27.50482
27.22666
27.36716
27.07817
26.95511
27.17144
28.46085
28.50408
28.01218
28.10296
27.65702
27.55534
28.05613
28.09311
28.15500
27.48440
27.24348
27.06789
27.09248
27.00158
26.75098
26.60466
26.57925
26.54746
26.39377
26.78919
27.86585
27.45917
27.29187
26.92739
26.84587
26.54934
26.88911
27.75595
27.90473
28.25335
27.65479
27.34635
26.99653
26.72337
26.91356
26.92913
26.69449
26.56248
26.60858
26.43552
27.50589
27.49072
26.93840
26.82437
26.58676
26.73684
26.50641
26.25914
26.11350
26.06455
26.21089
26.22035
26.42741
27.17459
27.11038
27.54502
27.49276
27.38560
28.08806
28.27826
28.08891
28.22046
28.19304
27.63630
27.35810
27.02041
26.87658
26.68926
26.74124
26.60970
26.69016
26.53678
26.75656
27.06505
26.93235
26.87252
27.15656
27.39900
27.10679
27.78067
27.37945
27.13201
26.85716
26.54702
26.64003
26.53312
26.83700
26.25887
25.69781
25.36140
25.12689
25.05321
24.90127
25.47800
27.68808
27.36912
27.33358
27.87546
27.28582
26.89119
26.61107
26.16438
26.14743
26.04521
26.99025
27.06493
27.44231
28.70627
28.04718
27.53089
27.25946
26.94865
26.33984
26.17277
26.12269
25.79078
26.10379
26.14025
26.69019
27.66792
28.49965
29.47038
29.09936
29.40880
29.71902
29.17086
28.94230
27.68576
27.61529
28.06081
30.55280
31.92880
32.28002
32.71601
31.87760
31.83510
33.65360
34.88992
35.54480
35.32747
35.09821
34.34367
34.40507
33.84089
33.46427
33.93090
34.51822
34.36709
33.88414
34.04989
33.43150
32.89060
33.10046
33.39125
32.81081
32.35271
32.07633
31.88498
31.63367
31.49336
31.33796
31.20454
31.05463
30.93102
30.92050
31.20952
31.12787
30.80189
30.43528
30.37570
30.17195
29.97833
29.94956
29.76833
29.69620
29.58433
29.52778
29.58259
29.73151
29.77568
29.56824
29.58914
29.35513
30.84810
31.26304
30.24515
29.75961
29.61522
30.24890
29.98988
30.26628
30.33381
29.78128
29.53239
29.21867
29.19299
28.91522
30.17778
31.24819
30.37758
29.75927
29.34352
29.18574
28.97349
28.88362
28.73013
28.77766
28.87614
29.11974
28.93645
28.68178
28.74389
29.11101
28.96844
29.10760
28.99310
28.64990
28.53971
28.71257
28.63159
28.40986
28.35708
28.47448
28.23442
28.63292
29.36121
28.93439
28.56371
28.24066
28.50154
28.48684
28.72669
29.23886
28.93470
28.47353
28.68206
28.89317
28.53386
28.30217
28.06925
27.87555
27.77701
27.95424
28.41284
28.53345
28.42982
30.18894
31.27555
30.68276
31.22838
32.05270
31.55241
30.70355
31.13337
31.80592
31.13381
30.60290
30.33297
30.41965
30.20935
29.94266
29.69039
29.52185
29.34999
29.36621
29.31931
29.18266
29.09822
29.11407
29.11934
29.45651
29.39188
29.28307
29.34188
29.03476
28.89379
28.74002
29.36187
30.63163
31.60612
30.82218
30.11588
29.54129
29.34885
29.06159
29.04464
28.71701
28.77587
28.93864
29.29669
29.49228
29.68347
29.62967
30.12302
30.85137
31.17030
30.24342
29.93948
29.27930
29.40296
28.77433
29.23537
28.53541
29.05304
28.06101
