31.49341
29.66499
30.73779
29.45272
30.46559
29.79930
30.34709
29.67084
30.52232
30.23895
30.52683
30.05573
30.53051
30.14305
30.65780
30.89658
31.09096
30.70928
31.34497
31.48096
31.45391
30.95008
30.68418
30.72411
31.22693
31.34733
31.31573
31.25154
32.04002
32.20268
32.09358
31.78734
31.60927
31.42071
31.33062
31.28661
31.36593
31.30148
31.26969
31.18288
31.12696
31.25652
32.66098
33.26024
32.96575
32.52202
32.12539
31.98161
31.84281
31.67856
31.52075
31.38328
31.64218
32.50249
32.62543
32.39784
32.09269
31.88594
31.79451
31.92694
32.12903
32.32513
32.26241
32.05262
31.90164
31.85497
31.82896
31.76135
31.74736
31.83309
31.84961
31.75450
31.65557
31.55447
31.69264
32.01177
31.98013
31.82418
31.74669
31.74248
31.71356
31.65313
31.56942
31.98490
32.55474
32.66082
32.56760
32.34620
32.22496
32.03280
31.86201
31.72547
31.63747
31.56114
31.51293
31.52267
31.86633
32.28019
32.25091
32.06908
31.88479
31.72201
31.66938
31.70549
31.84707
32.08002
31.98582
31.80368
31.66400
31.56469
31.48629
31.41712
31.35375
31.29571
31.23993
31.18879
31.13507
31.08476
31.03336
30.98799
30.94332
30.96655
31.10865
31.23798
31.28606
31.23560
31.19217
31.36789
31.78783
31.88275
31.73647
31.55118
31.46857
31.41468
31.43321
31.73083
31.94014
31.79450
31.66577
31.50553
31.39408
31.29495
31.59666
31.79014
31.77094
31.59588
31.57501
31.43929
32.01780
32.07876
31.95338
32.05304
31.72193
31.38475
31.37510
31.50794
31.65492
32.15256
31.79078
31.10902
30.79996
30.62853
31.25617
31.36504
31.51678
31.09097
30.97569
31.27959
31.70548
31.35661
31.36657
31.30326
31.23263
30.97277
30.93637
31.34636
31.07400
31.58050
31.64639
31.79279
31.47901
30.94420
31.29589
31.90211
31.14737
30.28314
30.33705
31.54600
32.39026
31.82908
31.91034
31.84754
31.88332
31.79542
31.82427
31.62165
31.66028
31.02323
31.03717
31.18312
30.86570
30.90881
31.04830
30.97668
31.32530
31.50977
31.84253
32.66415
33.11818
32.30490
32.08426
32.27529
31.92178
31.98731
32.08665
32.83992
33.01119
32.43027
32.54079
33.22151
33.63690
32.37724
32.68383
32.97243
33.00003
31.62733
31.56954
31.91490
32.44693
32.80652
31.94965
32.28816
31.69528
31.53389
31.71170
32.32035
32.07135
31.96970
31.49063
32.24083
32.45686
33.06104
32.53803
31.53166
31.21968
31.68818
32.94625
32.65494
32.37407
33.03869
33.46065
33.57983
33.42000
33.28273
33.07867
32.71581
33.04991
33.11446
33.38916
33.79467
34.38924
34.18012
34.06517
33.48806
33.64557
33.03797
33.45337
33.06445
32.64022
32.67173
32.35533
32.06180
32.92630
33.51869
33.32324
33.26300
33.92065
33.46178
33.34097
33.57346
33.20593
32.61991
32.92502
33.19637
33.46790
33.33922
33.38818
33.23239
33.44218
33.33551
33.53669
33.57231
33.74493
33.46095
34.12976
34.01414
33.92026
34.34295
34.05017
33.69068
33.81675
33.90417
35.04192
35.61167
35.53071
36.04791
36.03937
35.74345
34.98736
34.50234
33.58891
33.64493
34.22535
34.42266
34.70037
35.41773
35.45103
37.17612
38.14329
38.02080
36.73600
36.19056
37.17891
35.77792
37.09833
35.90833
35.32480
36.54151
37.03177
37.00201
36.03369
35.69927
36.26303
35.38497
36.75273
36.16856
36.73448
36.81740
37.44051
36.58336
36.74475
36.42571
35.02736
35.76283
37.51534
38.64641
36.79697
37.13287
36.28488
35.91610
36.56266
37.19102
37.04172
36.68711
36.30709
36.31229
36.56466
36.65865
36.45320
36.18635
35.77391
35.43261
35.78077
36.19920
36.13292
36.16620
36.70892
37.41816
37.21963
36.97928
36.81736
36.70368
36.28069
36.31605
36.39795
37.10477
37.45208
37.52298
37.22377
36.85512
36.26349
37.90020
38.41427
37.22731
37.32478
37.32372
37.71015
37.88050
37.58440
37.37416
37.33243
37.14685
36.95705
36.71434
37.10762
37.17892
35.96521
35.36750
36.47908
36.96275
36.82198
36.91435
36.99001
37.15650
37.50320
37.23813
37.11894
36.78746
36.69145
35.84131
37.15588
37.37144
38.14907
37.60274
37.72693
38.81351
38.55409
38.14429
37.73517
37.12473
36.31956
35.97708
35.72616
36.22362
36.64075
36.35934
36.20797
36.08581
36.90102
37.67297
37.87527
37.55178
38.16399
37.68551
37.70227
37.58145
37.91634
38.18789
38.61991
38.54981
39.79332
39.17466
38.92195
38.71875
38.19440
36.84933
36.53242
38.24769
37.36488
37.03233
37.28227
37.14085
36.71401
36.66963
36.44557
38.08002
38.32791
37.52157
37.06925
37.44130
37.82152
37.09392
37.47279
37.78232
37.70080
38.06334
38.08990
38.00623
37.77757
37.34556
37.70617
38.21811
37.78080
37.88804
37.51964
37.49144
37.22457
37.23683
37.03369
37.11430
36.81026
36.74760
36.69699
37.09955
36.90703
37.42228
37.06797
36.90100
37.55466
37.48918
37.88360
37.77892
37.64210
37.63713
37.43341
37.23236
37.35126
37.17331
36.21540
36.23721
36.52692
36.87779
37.97434
37.86675
37.88268
37.30720
37.10983
36.71677
37.87220
37.29277
36.86142
37.38813
37.54393
37.46089
36.58884
37.50928
36.49685
37.58382
37.15563
37.65561
38.24760
38.15359
38.44369
38.69598
38.56242
38.06776
37.37271
36.79674
36.39159
37.36211
38.33639
36.80371
37.15286
37.42924
37.42911
37.76241
37.99002
38.22833
38.04059
37.89581
37.62388
37.41452
37.52615
36.72856
36.86822
36.56804
36.81030
36.83663
36.61074
37.15250
37.37887
37.53369
37.47522
37.64475
37.53747
37.37036
37.22553
37.18735
37.33139
37.50107
37.62008
37.56282
38.35289
38.73419
38.37741
37.86838
37.19037
37.05368
36.95997
36.96348
37.32502
37.11252
37.20133
37.07552
36.87912
37.54908
37.79058
37.21836
37.27476
37.74130
36.21249
37.09420
37.44971
37.36167
37.44740
37.93362
38.22603
38.38241
38.53617
38.39570
37.61735
37.77608
37.84218
37.52296
36.70149
37.37734
37.53131
37.49593
37.50112
37.07054
36.60380
36.96735
36.78040
37.02638
37.18450
38.62482
39.19058
39.68571
39.58870
39.26882
38.99526
38.90912
38.51411
37.94073
36.84651
37.68542
37.64566
37.56860
37.69837
37.73661
37.93500
37.75616
37.92484
37.99239
38.13338
38.11843
38.07996
38.11912
38.21599
38.20918
38.24089
38.22860
38.32882
38.43808
37.67776
37.92631
37.81944
36.98995
37.97653
40.98082
42.36017
42.95330
43.57685
43.10671
40.59910
39.74075
39.70331
40.14971
40.22923
40.06162
40.14043
39.88177
40.97612
41.63443
42.03163
42.65624
43.52217
43.69910
43.52661
44.38355
44.61555
44.35059
44.63606
44.90406
44.32495
44.26995
44.80782
44.80941
44.33823
44.13641
43.83084
43.94269
44.26965
43.84746
43.40636
43.50794
43.14196
42.91801
42.51436
41.87223
42.65600
42.67036
43.18127
42.83455
42.99799
42.53056
42.59119
41.70718
42.46733
43.55720
42.97084
44.41252
43.95381
43.41094
43.86665
43.82650
44.04578
42.89392
42.10855
42.23018
41.98800
42.89077
44.32741
44.41269
43.81977
44.11599
43.88462
43.11747
43.97031
44.80412
45.49870
44.47603
43.74703
44.05686
44.50929
44.95431
44.62829
45.00045
44.12907
44.25209
43.42401
44.19622
45.67684
45.17594
44.99238
44.85115
45.25047
44.56834
44.55102
43.83592
43.93705
43.73146
43.68733
43.73533
44.48816
43.81007
44.22340
43.97948
43.53474
43.53278
43.11554
43.22294
43.18780
43.47876
43.89126
44.30191
44.96150
43.02985
41.52064
42.54690
43.49523
43.81540
43.25525
43.62759
44.64068
45.27899
46.24770
46.00171
45.18465
45.16106
45.19871
45.11220
45.01609
44.30762
45.54655
46.24829
45.23028
46.48410
46.21273
46.01917
45.61283
45.53322
45.95948
47.28797
47.52240
47.24849
47.03694
46.79990
47.68031
48.45249
48.25670
48.11285
48.01303
48.43162
47.83294
47.29294
46.73836
46.65768
46.40139
46.79702
46.15518
45.59552
45.46059
45.87026
45.87635
45.59471
45.43277
45.32063
45.28034
45.18829
45.09518
44.97987
44.87704
44.90221
44.82368
44.37998
44.89906
44.84967
45.14920
45.53309
45.36522
45.07743
44.84544
44.66343
44.57224
44.39980
44.41274
44.52126
44.44637
44.29444
44.17481
44.20218
44.21804
44.09416
44.07907
44.45986
44.60959
44.34571
44.13419
43.95549
44.19601
44.18950
44.05333
43.81206
44.30704
45.37349
45.27666
44.84250
44.34642
44.01537
43.75565
43.61009
43.47618
43.40196
43.33601
43.25394
43.18785
43.12980
43.07554
43.05224
42.99010
42.94850
42.89166
42.86131
42.82207
42.78523
42.73641
42.69996
42.65399
42.71166
42.75744
42.71291
42.65057
42.59107
42.64154
42.77419
42.75306
42.68153
42.61260
42.59155
42.54132
42.47467
42.44395
42.50301
42.46892
42.75031
42.85733
42.68660
42.55946
42.51941
42.61563
42.68360
42.65666
42.59362
42.54170
42.47994
42.36262
42.29531
42.28414
42.63828
42.77089
42.96169
44.08218
44.32482
43.86297
43.50899
43.11685
43.10374
43.16547
42.93300
43.16944
42.77979
42.40343
42.23691
42.50399
42.58862
42.49428
42.46508
42.64898
43.14268
43.60507
43.54741
43.35105
43.17643
43.77731
44.12422
43.86029
43.55521
43.25291
43.06795
42.91427
42.84716
42.75481
42.73750
42.67763
42.69069
42.60390
42.64861
42.77754
43.28149
43.64553
43.60840
43.29175
43.14538
42.98015
43.07489
42.92333
42.90554
42.68999
42.79484
42.94997
43.33302
43.10158
43.15860
42.80708
42.79824
42.69314
43.45269
42.93567
43.04998
42.54679
42.72051
42.80269
43.71033
43.24361
43.61468
42.79492
43.31165
42.43876
43.21361
42.38581
43.82825
41.84850
44.11433
