9.37440
8.71992
8.97313
8.76393
9.07730
8.95904
9.63958
9.40105
9.54118
9.63197
9.48346
9.42008
9.91419
10.32683
10.54156
10.26549
10.04081
9.72806
9.63051
9.45223
9.38741
9.24373
9.20819
9.07834
9.03628
8.98616
8.94446
8.84370
8.78534
8.66693
8.58512
8.50152
8.42787
8.38482
8.34893
9.07547
10.17455
10.27331
10.11010
10.01489
9.90450
9.72460
9.63136
9.52099
9.58483
9.92559
9.81414
9.75983
10.03981
10.08433
9.88300
9.84714
9.75393
9.80126
9.93609
9.87662
9.77884
9.98529
10.18351
9.98772
9.84638
9.71349
9.53555
9.48377
9.40628
9.51953
9.99084
10.00771
9.94193
10.02066
9.89377
10.27033
10.51815
10.33386
10.27714
10.44321
10.41636
10.40532
10.63253
10.84374
10.75556
10.47473
10.28247
10.13301
10.00853
10.03750
10.37292
10.35052
10.13352
9.99895
9.83187
9.79521
9.97318
9.91111
10.07056
10.17444
10.01162
9.86593
9.77300
9.69567
9.69169
9.87162
9.92938
9.80131
9.74010
9.59183
9.55268
9.45172
10.00273
10.83343
11.21658
11.33116
11.11091
10.77007
10.47962
10.27149
10.77912
11.60197
11.70510
11.56157
11.23194
11.08922
10.84482
10.59526
10.43749
10.82135
11.14488
10.88960
11.26732
11.64186
11.85543
12.03251
11.57500
11.24446
10.91816
11.31010
11.91410
12.06920
12.13575
12.02327
12.21746
12.45852
12.19362
11.85819
11.75035
11.64575
11.42652
11.72318
12.02839
12.28772
12.65168
12.17154
12.21057
12.31916
12.00706
12.01768
12.27326
12.36545
12.26526
11.79942
11.60275
11.58317
11.77448
11.83629
11.67225
11.68720
11.48334
11.96041
11.86775
11.98634
12.79792
12.78927
12.64070
12.46573
12.50484
12.91996
12.92421
13.13183
13.04900
12.38331
12.33219
12.95650
13.39695
13.03015
13.13440
13.36066
12.90443
12.63887
12.53937
12.41442
12.39056
12.82593
13.11612
12.99863
13.07173
13.68072
13.97965
13.66629
13.44352
13.13695
13.00473
12.86925
12.79664
13.05189
13.25794
12.88326
12.68306
12.96793
12.96525
12.80786
12.65908
12.43314
12.13805
11.95203
11.89077
11.82136
11.97152
12.64914
12.79615
12.64632
12.43353
12.25940
12.35255
12.22906
12.03532
12.11852
12.58029
12.53188
12.49554
12.70823
12.66063
13.15230
13.30137
12.94279
12.98164
13.09583
12.93011
12.74104
12.49458
12.39063
12.23312
12.10041
11.93055
11.96552
11.83088
11.73527
11.84660
12.25748
12.33704
12.42883
13.26321
13.27569
13.03341
12.64224
12.42564
12.36723
12.37466
12.05678
11.82867
12.15176
12.24375
11.98997
11.57217
11.47654
11.72202
12.52849
12.92556
12.95979
12.83121
12.59725
12.29404
12.18179
12.74068
13.27513
13.20593
12.78240
12.54061
12.34737
12.13778
12.06379
12.03714
11.93211
11.88201
11.76546
11.64736
11.75654
11.99429
12.05775
12.21476
13.38759
13.64827
13.74137
13.76826
13.64613
13.27821
12.98307
12.84488
13.11000
13.47557
13.14595
12.99968
13.30059
13.17393
12.88261
12.58828
12.39857
12.33162
12.19705
12.14110
12.14034
12.01116
12.02757
12.04796
12.10044
12.24179
12.23858
12.20975
12.08694
11.70465
11.67961
11.79455
11.88370
11.91737
11.85493
11.78967
11.66459
11.84462
12.00890
12.16546
12.29262
12.14114
12.02610
12.07257
12.23425
12.02834
12.34814
12.64050
12.28378
12.16137
12.74512
13.37170
13.18929
12.60830
12.34232
12.54420
12.80980
12.66908
12.98909
13.22009
12.88239
12.98477
13.18620
13.00464
12.74610
12.58176
12.52040
12.50632
12.46416
12.51484
12.40842
12.26255
12.13476
12.07950
12.09154
12.11034
12.09562
11.89956
11.85469
11.85980
11.87286
12.23787
13.31689
13.29974
13.15935
12.93065
12.46411
12.35145
12.21007
12.20670
12.26696
12.12844
12.13494
12.02166
12.28784
12.65177
12.48859
12.20527
12.70916
13.08799
13.37632
13.89029
13.40031
13.08185
12.65872
12.58622
12.58757
13.29584
14.00865
13.36899
13.15276
13.01770
13.11755
13.63932
13.31161
12.82945
12.98517
13.07235
12.74898
12.83609
12.90988
12.75490
12.64134
12.74844
12.77214
12.79896
13.10048
13.03892
12.74967
12.51399
12.46232
12.70447
12.83395
12.72527
12.56623
12.43198
12.34650
12.37042
12.49314
13.06521
13.89058
13.63034
13.60093
13.63539
13.37270
13.20079
13.24792
13.72878
13.76742
13.13065
12.94035
13.06038
13.43241
13.73025
13.38108
13.13356
13.04179
13.19236
14.45041
14.91787
14.46423
14.02942
13.74183
13.54513
13.37169
13.35557
13.26115
13.12630
12.96234
12.85134
12.70346
12.55558
12.51390
12.81877
12.81644
12.65881
12.46095
12.37155
12.23246
12.24771
12.34325
12.80027
13.09941
12.82633
12.60709
13.16736
13.53173
13.17790
12.77522
12.59096
12.76014
12.88460
12.68251
12.66293
12.49548
12.59473
12.94521
13.42385
13.62129
13.89072
14.30636
13.74760
13.48460
13.15949
13.12337
13.18928
13.04248
12.82301
12.64974
12.75110
13.32878
13.28364
12.93216
12.83804
12.87164
13.28655
14.25979
14.11953
13.61763
13.37314
13.18389
12.94923
12.92823
13.52781
13.72755
13.41406
13.13068
12.95976
12.81814
12.74523
13.16569
13.27694
12.97219
12.78114
12.63734
12.57528
12.42006
12.36706
12.29924
12.51641
12.59188
12.65899
12.31930
12.66732
13.67860
13.68188
13.40901
13.36524
13.21267
13.57557
13.73696
13.48704
13.50566
13.44978
13.38199
13.10758
12.89362
12.71533
12.56880
13.35643
13.83291
13.47453
13.17458
12.93576
13.03355
12.99453
13.32703
13.79358
13.50259
13.60256
13.34188
13.39033
13.44389
13.06618
13.33208
14.45822
14.42311
14.29799
13.91891
13.63399
13.43118
13.26347
13.17131
12.99012
12.95870
13.05320
12.98034
13.04800
12.86552
12.86022
13.38367
13.23412
13.37321
13.39212
13.30590
13.17404
13.08341
13.02047
12.99867
12.94633
12.85245
12.95561
13.10627
13.62017
14.07713
14.02628
14.84210
15.21876
14.82581
14.42360
14.17141
13.93314
13.95559
13.89370
13.72661
13.56422
13.38007
13.42596
14.12300
14.17014
13.91206
14.18505
14.24133
13.85753
14.08617
14.77240
14.64986
14.17564
13.87187
13.85215
13.63388
13.57921
13.39720
13.88897
14.62070
14.84454
14.58715
14.44187
14.36264
13.59302
13.40913
13.35501
14.36411
14.86557
14.59963
14.06040
13.63713
13.51970
13.39979
13.43344
14.33360
14.65681
14.27037
13.97432
13.55437
13.92922
14.73469
14.83540
14.26132
13.94642
13.71322
13.40402
13.29453
13.31590
13.29719
13.23050
13.15874
12.99076
12.92285
12.92443
12.92402
12.85882
12.60778
12.47188
12.50221
12.65034
12.76790
12.68403
12.47429
12.39725
12.35285
12.26935
12.46165
12.57597
12.36401
12.30417
13.00088
13.31567
12.99720
12.91005
12.84486
12.73352
12.67880
12.72151
12.78111
12.79179
12.70339
12.65416
12.62007
12.53087
12.55579
13.10657
13.19789
13.01020
12.93585
12.80472
13.17056
13.45490
13.60218
14.66602
14.90591
14.48946
13.99366
13.95609
14.03486
13.67441
14.25368
15.24153
15.09973
14.74746
14.04421
13.68961
13.40274
13.34575
13.69001
13.68783
13.97456
13.82641
13.49807
13.19037
13.34593
13.27584
13.52447
13.49376
13.31453
13.19718
12.98078
13.05306
12.97793
12.77446
13.00133
12.78485
13.20479
13.56368
13.66502
13.49540
14.03084
15.50269
14.95847
15.09512
15.12816
14.94879
14.96370
15.18283
14.83301
14.64802
14.41048
14.21242
14.13008
13.90075
13.81911
13.67129
13.62665
13.60165
13.49042
13.44667
13.48411
13.31517
13.55536
13.69258
13.50309
13.51496
13.43348
13.34306
13.21171
13.29474
14.24101
14.78602
14.32734
14.02594
13.78971
13.69717
13.46872
13.67184
13.83306
13.76074
13.90675
14.30051
14.33856
14.10899
13.80410
13.82636
13.85123
14.19147
15.16392
15.46208
15.09807
14.72741
14.47174
14.48225
14.45312
14.21678
14.07590
13.84621
13.78183
13.72033
13.89697
14.64900
14.59937
14.21854
13.97737
13.80823
13.62125
13.47744
13.43878
13.46456
13.71060
13.82607
13.61149
13.97138
14.77537
14.70175
14.36640
14.19111
14.07730
13.85896
13.61656
13.42823
13.30051
13.31111
13.20896
13.10017
13.03320
12.98790
12.89764
12.77955
12.69789
12.68105
12.90382
14.13532
14.69100
14.41815
14.12811
13.93785
13.76967
13.56112
13.50234
13.42414
13.30571
13.23712
13.18294
13.49630
13.86166
13.73496
13.53691
13.33894
13.25039
13.17562
13.08317
12.99526
13.13787
13.12720
12.98126
12.87907
12.81092
12.70832
12.77852
12.81570
12.66850
12.60446
12.63638
13.08512
13.73576
13.79121
13.62557
13.36407
13.47141
13.84107
13.75102
13.62006
13.54192
13.40014
13.33554
13.46553
13.42132
13.25810
13.15625
13.04674
13.38048
13.90557
13.67056
13.44973
13.35155
13.41413
13.35547
13.37455
13.17669
12.67750
12.93398
13.06276
13.34719
13.37281
13.23508
13.08723
13.28142
14.14130
14.04394
13.41300
13.11048
13.03972
12.92234
12.91870
12.81417
