30.92882
29.63562
31.20438
30.18257
31.00152
30.12155
30.66157
29.92937
30.48668
30.20390
30.60260
29.96538
30.40907
30.16005
30.43687
30.22772
30.59020
30.28124
30.36733
29.98218
30.21480
30.25542
30.46393
30.25343
30.94402
31.24237
31.39088
31.15967
30.97707
30.97583
31.28632
31.37429
31.49676
31.45853
31.41560
31.12880
30.75171
30.50365
30.30491
30.32076
30.76848
30.95202
30.94114
30.80977
30.88493
30.92857
30.80348
30.66024
30.52644
30.55018
30.56481
30.55176
30.38189
30.38062
30.47027
30.45844
30.35637
30.23281
30.21127
30.21530
30.15686
30.11456
30.12915
30.20024
30.14002
30.05797
30.01209
29.97400
29.86856
29.98642
30.22838
30.32163
30.27350
30.23295
30.27218
30.26549
30.34179
30.26448
30.40188
30.75133
30.96751
31.07442
31.04166
30.95005
30.90636
30.87548
30.73620
30.58300
30.42818
30.50681
30.65447
30.64706
30.57560
30.55692
30.51480
30.41749
30.27434
30.27007
30.36904
30.35545
30.39119
30.35763
30.29817
30.20391
30.16610
30.11868
30.16868
30.18265
30.16978
30.18168
30.14863
30.19556
30.20044
30.12160
30.06687
30.13498
30.28171
30.29434
30.22102
30.14222
30.17652
30.24696
30.19392
30.10122
30.01932
29.92670
29.99748
30.21042
30.23948
30.16665
30.14920
30.46705
30.72206
30.72544
30.83609
31.00950
31.04647
30.96083
30.80691
30.62618
30.47690
30.37399
30.25631
30.14602
30.06514
29.98965
29.91710
29.86962
29.83600
29.79346
29.74951
29.69372
29.67182
29.68311
30.09954
31.05297
31.54926
31.72090
32.05816
32.38068
31.91680
31.80268
31.73291
31.62850
31.63940
31.50702
31.33712
31.37564
31.37688
31.24766
31.06701
31.37606
31.33001
31.38419
31.07896
30.87597
30.78595
30.87972
31.16697
31.49897
31.36262
31.20148
30.39522
30.62987
30.61249
31.36284
29.88630
27.01402
27.25641
27.23783
27.52751
27.72226
27.36059
28.43942
30.49838
30.01186
30.07335
30.01943
30.05422
29.87938
30.26923
30.13603
30.14566
29.79882
30.07204
30.14615
30.20541
30.09004
30.10334
29.99582
30.27158
30.35183
30.50349
30.47991
30.44809
30.41458
30.39459
30.49047
30.53508
30.53952
30.43987
30.27346
30.29520
30.31436
30.27429
30.16783
30.35071
30.42731
30.35331
30.29883
30.30952
30.23731
30.25201
30.47378
30.60450
30.60018
30.55383
30.44974
30.36808
30.40346
30.47307
30.49134
30.46769
30.39992
30.33517
30.35323
30.53268
30.57441
30.48413
30.47558
30.60713
30.50932
30.30463
30.22879
30.17329
30.13064
30.10812
30.00035
30.01897
29.96492
30.15052
30.30147
30.29363
30.33141
30.67723
30.85736
30.81412
30.72811
30.60418
30.51261
30.35199
30.29848
30.22894
30.52429
30.93031
30.88114
30.73780
30.47336
30.64208
30.75999
30.71498
30.68754
30.86949
30.98293
30.91747
31.01302
31.21213
31.14988
30.82689
30.53217
30.47452
30.58894
30.60125
30.67838
30.78518
30.64018
30.58246
30.48532
30.34316
30.39466
30.43954
30.58071
30.62033
30.86523
30.94203
30.96314
31.00773
31.01543
30.94371
30.93765
30.99539
30.90072
30.68769
30.66036
30.50543
30.36573
30.64156
30.78488
30.57909
30.96011
31.68259
31.82088
32.17222
32.06213
32.26076
32.29108
32.06697
31.72525
31.86387
31.98293
32.16682
32.02331
32.80395
32.83899
32.91828
32.87630
32.46591
33.27997
33.01359
32.81555
32.64331
32.91546
33.25595
33.25385
33.55022
33.29390
32.81866
32.95534
32.89320
32.77566
32.64415
32.44184
32.22048
32.10681
32.10636
32.23612
31.96430
31.71742
31.46460
31.51671
31.58634
31.65715
31.87786
32.33758
32.66283
32.78582
32.94311
33.14886
33.47292
33.58547
33.53010
33.55377
33.99431
34.40143
34.45066
34.33430
34.39077
34.08343
34.01349
34.18302
33.96967
33.95295
33.70169
34.33443
34.83123
34.41805
35.69916
35.91348
36.30923
35.97444
35.78868
35.58761
35.60153
35.52828
35.62786
35.63147
35.46200
35.21465
35.27792
35.10962
35.27633
35.25561
35.54065
35.52653
35.44944
35.25070
35.28422
35.23712
35.04163
35.06582
34.66714
34.63006
34.60335
34.49503
34.42117
34.42766
34.43150
34.43100
34.41800
34.37535
34.28064
34.17707
34.20658
34.35590
34.23808
34.11676
33.71731
33.56273
33.47909
33.41021
33.44461
33.62608
33.99935
34.02959
33.56140
33.60793
34.05798
34.13760
33.97915
34.36880
33.96592
33.37476
33.62282
33.91341
34.23340
34.19414
34.10292
34.67338
35.10985
35.49801
35.63060
35.43593
35.37583
34.98739
34.59009
34.74582
34.52100
35.22750
35.35626
35.16446
34.83853
34.69162
35.21548
35.17465
35.31458
35.24686
35.46648
35.61791
35.28446
35.18820
35.38715
35.57684
36.20837
35.59102
35.56852
35.59776
35.36842
35.18289
35.09199
35.97224
36.56634
36.61311
36.57764
36.46268
36.59039
36.52001
36.28796
36.16311
36.49861
36.62971
37.11907
37.71561
37.24140
36.60179
36.64151
36.93847
37.00048
36.67660
36.55525
36.75290
36.93609
36.80728
36.67353
36.65950
36.66907
36.57578
36.55497
36.48358
36.40390
36.19644
35.94066
35.93666
35.96148
35.87484
35.95229
36.13733
36.11549
36.43584
36.90946
36.93134
36.82946
36.70968
36.16156
36.96362
37.29217
37.36993
37.44080
37.27419
37.16465
37.01185
37.10107
37.22353
37.73508
37.75603
38.08353
37.89177
37.11267
37.53557
37.46731
37.97276
38.16796
38.05605
37.85430
37.74771
37.71512
37.43817
37.28301
37.12613
37.63875
37.98705
37.99558
37.98465
37.60435
37.52294
37.17602
37.60589
37.85816
37.91378
37.12427
37.68711
38.51098
38.58099
38.40700
37.97771
38.30813
38.47024
38.13697
37.57513
37.55757
37.83683
37.82178
38.04599
37.76567
37.35380
37.30477
37.22665
37.78044
37.74578
37.31835
37.20295
37.23330
36.97101
36.63551
36.43284
36.75872
36.90018
36.85547
36.94417
37.50132
37.95225
37.46486
37.38003
38.51658
38.47550
38.56215
39.78983
39.80237
39.61745
39.09155
39.40695
39.65192
40.48301
40.97609
40.99863
41.27291
41.99356
42.44065
41.48008
41.04351
40.04088
39.88835
39.72408
39.81566
39.59067
38.97219
38.55627
38.79101
39.33970
38.78305
38.64194
38.66125
38.43428
38.25327
38.00605
38.10844
37.70887
37.28924
37.52080
37.70365
37.60795
38.28115
38.82389
38.72707
38.70259
38.57738
38.35015
38.01833
37.84733
37.65046
37.32605
37.23935
37.53078
38.03303
38.25647
38.02137
38.14400
37.96140
37.72701
37.37114
37.05805
36.95346
36.49485
36.48529
37.34163
37.43241
37.64983
38.26910
38.79492
39.16997
39.29126
39.18386
39.12214
39.08885
38.67372
38.41735
38.27962
38.01397
37.90087
37.84621
38.12787
38.91214
39.75131
40.27022
40.63235
40.65795
40.76534
40.78786
40.37533
40.35739
39.98337
39.32643
39.16577
38.79872
39.50561
40.14387
39.88636
39.68811
39.98427
39.86215
39.79863
39.84782
40.38567
40.35265
40.10870
39.89761
39.47082
39.02466
38.94225
39.34880
40.04457
40.13137
40.22555
40.20078
40.17678
39.83235
39.73423
39.66819
38.99618
38.51760
38.80696
38.77125
38.67103
38.47609
38.46849
38.31897
38.11878
38.39899
40.04790
39.60821
39.47178
38.08174
38.81116
42.10723
42.49626
43.24268
43.01135
42.74695
41.71362
41.64500
41.68183
42.38849
43.57436
39.24610
39.30383
44.47547
43.93054
44.59342
44.91915
44.64173
44.21008
43.86324
43.32839
43.07765
42.73890
42.54202
42.21231
42.17349
42.21289
42.10610
42.00373
41.97242
41.93654
42.07469
42.06593
42.00165
41.90641
41.77662
41.65746
41.59060
41.73616
42.19319
42.56394
42.52033
42.33484
42.02466
41.77315
41.16900
41.49190
42.55939
42.79973
42.66716
42.21988
41.88258
41.53054
41.65984
42.24616
42.59561
42.60542
42.59009
42.08752
41.67820
41.64474
41.59025
41.36415
41.09541
40.81137
40.56798
40.37547
40.23498
40.08633
39.96490
39.82660
39.72768
39.66742
39.59401
39.47589
39.37050
39.27915
39.19608
39.09208
39.20220
39.40474
39.39035
39.26572
39.12091
38.99564
38.87166
38.77935
38.69801
38.60489
38.53862
38.48042
38.47955
38.47642
38.42671
38.32227
38.24004
38.17180
38.07781
38.01357
37.94103
37.89783
37.85571
37.77775
37.78793
37.96683
38.03177
37.97128
37.84893
37.74773
37.67076
37.60512
37.53579
37.46569
37.40455
37.35388
37.34600
37.36986
37.35017
37.29289
37.22476
37.16264
37.26530
37.60310
37.74281
37.64666
37.50453
37.38668
37.48044
37.69805
37.67813
37.55023
37.41837
37.34986
37.32777
37.98906
38.81485
39.18170
39.49085
39.66843
39.57172
39.40677
39.13477
38.78921
38.52934
38.44403
38.42101
38.29119
38.51606
39.23196
39.39529
39.18587
38.86402
38.57747
38.32934
38.16672
37.95878
37.78502
37.71019
37.72869
37.62706
37.53269
37.42725
37.44774
37.49469
37.50645
37.38504
37.38437
37.37984
37.40943
37.36767
37.60206
37.58850
37.67860
37.67356
37.66085
37.43681
37.38965
37.16908
37.28286
37.22052
37.28130
37.11260
37.29634
37.01925
37.31443
37.23237
37.48871
37.22445
37.60056
37.51255
