8.96984
8.46047
8.86175
8.60917
8.91808
8.69690
8.87307
8.67163
8.78552
8.60928
8.73781
8.69022
8.81918
8.71238
8.77125
8.65878
8.68746
8.58756
8.61202
8.52296
8.53396
8.45129
8.46232
8.39524
8.39651
8.33172
8.32847
8.27237
8.26447
8.21147
8.19990
8.15514
8.14104
8.09689
8.07798
8.03836
8.01977
7.98283
7.96183
7.92821
7.90664
7.87541
7.85348
7.82172
7.79677
7.76303
7.73612
7.70698
7.67594
7.64815
7.61873
7.59255
7.56364
7.53561
7.50686
7.47817
7.45548
7.42604
7.39858
7.36960
7.34021
7.31343
7.28707
7.25997
7.22938
7.20516
7.18113
7.15645
7.13044
7.10242
7.07110
7.04563
7.01916
6.99395
6.97079
6.94829
6.92358
6.90201
6.87515
6.85242
6.82057
6.79220
6.76515
6.73687
6.71149
6.68320
6.65710
6.63108
6.60199
6.57421
6.54681
6.51931
6.49206
6.46499
6.43539
6.41201
6.38724
6.36161
6.33256
6.30739
6.27916
6.25468
6.22493
6.20436
6.17740
6.15062
6.12173
6.09856
6.07147
6.04697
6.01792
5.99345
5.96647
5.94304
5.91409
5.89151
5.85902
5.83776
5.80692
5.78362
5.75392
5.73466
5.70196
5.68119
5.64774
5.64895
5.66440
5.71321
5.71237
5.78668
5.78676
5.88305
5.94170
6.20481
6.53300
6.23088
6.34630
6.57701
7.16372
7.66505
8.00137
8.50979
8.99481
9.35877
9.86844
10.30034
10.36266
10.52353
10.78431
10.90178
10.95949
11.15503
11.34990
11.31723
11.20178
11.06204
10.89413
10.79384
10.95103
11.66071
12.08655
12.11939
12.08796
11.92191
11.76946
11.84426
11.86941
11.80584
11.69953
11.60954
11.62095
11.67269
11.70779
11.72312
11.73985
11.66458
11.76817
11.80946
11.90485
11.83539
11.78020
11.72798
11.68366
11.64382
11.61909
11.53302
11.46386
11.52352
11.52323
11.49905
11.55442
11.94924
12.42565
12.56963
12.58202
12.55516
12.49198
12.52049
12.70542
12.74991
12.83004
12.84735
12.88642
12.79145
12.73990
12.76751
12.87280
12.66624
12.63147
12.93753
13.03152
13.26271
12.84226
12.63264
12.74991
12.65505
12.66619
12.60265
12.68231
12.56081
12.42818
12.36646
12.43071
12.58435
12.51466
12.52195
12.65230
12.67840
12.75770
12.86429
12.80876
12.71192
12.59932
12.52869
12.52198
12.52759
12.52014
12.47247
12.42657
12.37310
12.41273
12.37411
12.34946
12.29634
12.26754
12.25777
12.42806
12.51456
12.46486
12.52556
12.46921
12.43640
12.33215
12.37262
12.40256
12.44694
12.39365
12.40176
12.40533
12.40564
12.38124
12.37161
12.32765
12.37340
12.45653
12.48478
12.78800
13.18917
13.24969
13.21557
13.04194
12.93634
12.90103
12.83013
12.78962
12.75612
12.69964
12.64533
12.60474
12.55633
12.51226
12.46729
12.43216
12.37087
12.31555
12.25857
12.21513
12.17197
12.13237
12.09370
12.06425
12.02819
12.00656
11.97273
11.93121
11.89397
11.86776
11.83441
11.80294
11.76831
11.74180
11.68659
11.69941
11.71536
11.66713
11.67745
11.65078
11.60071
11.58713
11.51113
11.41387
11.42345
11.43376
11.37878
11.37295
11.45287
11.44644
11.40059
11.32505
11.26263
11.20604
11.17520
11.17760
11.17306
11.11284
11.10232
11.12862
11.23888
11.36223
11.33690
11.41596
11.38693
11.37635
11.30561
11.27301
11.24836
11.19050
11.20878
11.22907
11.19155
11.16604
11.09435
11.16322
11.27646
11.11528
11.60572
12.13046
12.40781
12.45178
12.30778
11.99307
11.93893
11.97320
11.88166
11.83661
11.81559
11.81094
11.75387
11.72616
11.79508
11.80946
11.76731
11.70948
11.66655
11.63213
11.58152
11.54265
11.40677
11.20614
11.15095
11.23115
11.29843
11.26954
11.22200
11.13292
11.07109
10.99769
10.98395
10.91132
10.99109
11.14959
11.04769
11.03279
11.02379
11.05349
11.02257
11.04240
11.24008
11.27612
11.23169
11.16780
11.11400
11.03962
10.98856
10.93293
10.90527
10.78305
10.67802
10.62602
10.59844
10.62101
10.60972
10.59257
10.56911
10.53168
10.45731
10.48653
10.67244
11.07197
11.29443
11.36876
11.32563
11.27924
11.17760
11.28564
11.69405
11.92398
11.97249
11.86271
11.73792
11.59969
11.48858
11.43887
11.49609
11.46703
11.31739
11.23232
11.17574
11.07431
11.00669
10.91878
10.84803
10.76809
10.80260
10.88299
10.84594
11.01912
11.18620
11.21391
11.16964
11.07775
10.99020
10.96683
10.93087
10.84924
10.78505
10.78625
11.21196
11.85155
11.96928
11.88618
11.69206
11.51472
11.34437
11.35048
11.28116
11.19063
11.22069
11.30680
11.52150
11.68214
11.66265
11.58534
11.39985
11.37389
11.31399
11.19237
11.13352
11.06304
11.01532
11.07364
11.14738
11.01222
11.03828
11.10898
11.10499
11.09965
11.15011
11.11586
11.07514
11.04693
11.04345
11.02849
10.94768
10.88612
10.80273
10.76925
10.78055
10.70367
10.64774
10.57600
10.53222
10.59574
10.63461
10.57774
10.57348
10.64617
10.64496
10.59658
10.54574
10.55128
10.57025
10.57675
10.54917
10.45602
10.41209
10.40760
10.37003
10.33763
10.30413
10.24672
10.19281
10.14503
10.11242
10.10750
10.09071
10.09268
10.10084
10.09600
10.10407
10.11474
10.10367
10.10518
10.09061
10.06590
10.04917
10.03205
10.02180
10.00371
9.98468
9.95374
9.91963
9.87568
9.84902
9.81695
9.76689
9.74211
9.76856
9.88925
9.95967
9.95113
9.92519
9.88198
9.81035
9.71068
9.70937
9.68880
9.68142
9.65956
9.63462
9.60666
9.57717
9.53470
9.51116
9.48389
9.45435
9.42423
9.39651
9.36470
9.33839
9.30012
9.28528
9.22160
9.15292
9.14434
9.15893
9.15883
9.13203
9.10004
9.07119
9.03865
9.00535
8.97430
8.93718
8.94640
9.02884
9.00306
9.01267
9.25063
9.50743
9.57681
9.55394
9.55586
9.49978
9.40973
9.43789
9.41841
9.35908
9.38570
9.41753
9.39970
9.36067
9.32432
9.26104
9.22892
9.19616
9.15862
9.18260
9.16831
9.27177
9.45935
9.52425
9.51208
9.46592
9.50391
9.43540
9.36733
9.32749
9.29958
9.27073
9.23345
9.22579
9.20790
9.17523
9.15513
9.13818
9.12120
9.10930
9.08514
9.05852
9.05147
9.03765
9.02374
8.99938
8.97198
8.96134
8.96653
8.94650
8.94970
8.95549
8.91825
8.87490
8.85240
8.82343
8.82580
8.81300
8.81020
8.74630
8.72072
8.71370
8.64958
8.69509
8.71190
8.75255
8.72841
8.70487
8.68954
8.68578
8.65203
8.65705
8.60469
8.56892
8.60702
8.66962
8.68234
8.68804
8.65904
8.62832
8.54899
8.66665
8.75086
8.57405
8.65054
8.65051
8.65988
8.60994
8.52736
8.49858
8.55196
8.51739
8.52006
8.51629
8.54389
8.56782
8.47522
8.45686
8.43527
8.40473
8.37428
8.39316
8.38782
8.36314
8.34150
8.32019
8.38013
8.41696
8.41927
8.36250
8.34019
8.33181
8.34611
8.24946
8.24093
8.22528
8.22118
8.23774
8.20377
8.22738
8.22603
8.27312
8.28968
8.30332
8.27905
8.24998
8.21840
8.18457
8.15860
8.12456
8.12938
8.13037
8.09051
8.06494
8.02338
7.99811
7.96069
7.98085
8.03907
8.08643
8.09892
8.19319
8.27741
8.32691
8.31687
8.35859
8.52014
8.57026
8.56063
8.75210
8.68359
8.59284
8.53663
8.45760
8.43246
8.42115
8.39637
8.35731
8.31370
8.29079
8.25922
8.21786
8.18517
8.15847
8.13098
8.11107
8.09875
8.06394
8.03079
7.99604
7.97014
7.94056
7.91516
7.89844
7.85864
7.73074
7.76667
7.75840
7.73260
7.70522
7.68362
7.66004
7.63395
7.62278
7.62635
7.60540
7.60886
7.55835
7.54047
7.45946
7.28733
7.31422
7.33580
7.35220
7.38878
7.37773
7.37243
7.40096
7.41725
7.40056
7.39109
7.40336
7.38733
7.39835
7.39317
7.40910
7.47549
7.51687
7.52987
7.54203
7.52319
7.51019
7.48490
7.45931
7.43735
7.41766
7.39963
7.37824
7.36039
7.33126
7.31954
7.30495
7.27849
7.26146
7.24939
7.23303
7.21713
7.20236
7.18618
7.17188
7.15695
7.14453
7.12778
7.11192
7.09652
7.08016
7.05728
7.04295
7.03289
7.01947
7.00196
6.98922
6.97179
6.95534
6.93939
6.92592
6.91098
6.89373
6.87559
6.85903
6.84294
6.82821
6.82206
6.80705
6.79150
6.77352
6.75754
6.73932
6.71977
6.70219
6.68741
6.66823
6.65194
6.63624
6.62070
6.60331
6.58713
6.57155
6.55742
6.54003
6.52432
6.50652
6.48795
6.46989
6.45251
6.43862
6.42140
6.40807
6.39682
6.37908
6.36415
6.34903
6.33539
6.32262
6.30903
6.29622
6.27784
6.26558
6.25002
6.23661
6.21918
6.20536
6.18759
6.17457
6.15423
6.14143
6.12319
6.11145
6.08943
6.08343
6.06218
6.05214
6.02765
6.01678
5.99199
5.98554
5.95582
5.95310
5.92476
5.92260
5.89068
5.88674
5.84892
5.85443
5.81569
5.82441
5.78177
5.79619
5.74890
5.76599
5.71138
5.74048
5.67631
5.71241
5.63540
5.68461
5.59443
5.66587
5.54809
5.65078
5.48766
