27.33233
25.90087
27.03972
26.17332
27.31168
26.77997
27.16257
26.26250
26.66724
26.36812
26.54719
26.00654
26.24380
26.34648
26.80246
26.27035
26.56302
26.24360
26.16293
25.81055
25.89877
26.54395
26.71556
26.19965
26.17443
26.41438
26.67569
26.70225
26.90068
26.67072
26.41765
26.14395
26.09327
25.92847
25.81992
25.93448
26.10148
25.90649
25.76683
25.83529
25.85585
25.83352
25.82280
25.72515
25.60029
25.44222
25.41757
25.64256
25.99740
25.77090
25.53666
25.31020
25.14146
24.99540
24.91052
24.80378
24.71725
24.61638
24.51521
24.45055
24.66253
24.80461
24.72452
24.71274
24.85576
24.82191
24.75613
24.65257
24.48990
24.47747
24.48876
24.81838
25.13212
25.04224
25.02361
24.92505
24.82356
24.65663
24.55668
24.42421
24.37094
24.36826
24.37684
24.26365
24.25836
24.34921
24.28807
24.36821
24.59499
24.83691
25.12649
25.00675
24.77043
24.55330
24.70233
24.83420
24.67012
24.51135
24.44571
24.36178
24.24040
24.23172
24.52961
24.55995
24.54174
24.63617
24.66238
24.53780
24.77436
24.89169
24.71088
24.60717
25.00645
25.35884
25.73775
26.14676
25.95309
25.64880
25.37035
25.21585
25.06115
24.96946
24.91667
24.85694
24.78162
24.81151
24.85845
25.01294
25.31520
25.26377
25.19384
25.24547
26.18217
27.02812
27.49693
27.20794
27.77201
30.05769
31.35644
31.44131
31.07194
30.52916
30.30032
31.70387
31.73227
32.09960
32.35809
31.57372
31.10015
31.61256
32.51805
32.26880
30.70199
30.28855
30.12096
30.29092
30.47362
30.44363
30.40158
30.80003
30.62348
30.15219
29.76127
29.18166
29.44963
30.76124
30.22917
29.89042
30.58843
30.25998
30.07827
29.60167
29.69986
29.85867
29.66697
29.42144
29.41275
29.47990
30.07611
30.55009
30.30790
30.25647
30.60225
30.13800
30.14651
29.87443
29.37943
29.40695
30.64070
30.79458
30.40995
30.40415
30.62161
30.03893
30.03654
30.23512
30.34805
30.61883
30.11826
29.71275
29.95722
30.63921
30.01103
30.52912
31.16536
31.28116
31.43760
31.06770
30.84472
30.92640
30.63484
30.36965
30.17562
30.60601
30.65912
30.20661
30.32073
30.50307
30.15516
29.81302
29.70041
29.57752
29.80741
30.51392
30.56492
30.31711
29.93106
30.24296
30.70983
30.62075
30.57797
30.44736
30.94408
30.71433
30.06550
30.21654
30.34650
30.08639
30.32899
30.53286
30.25652
29.97454
29.43646
29.24559
29.56941
29.97050
29.94114
30.09653
30.28146
29.86416
29.43903
29.34606
29.71666
29.48310
30.15295
30.30010
29.93791
29.72476
29.56734
29.15985
29.18567
29.19943
29.05828
29.21050
29.22774
28.89314
28.75843
29.05904
28.96275
28.64708
28.43750
28.24626
28.04741
28.22553
28.87663
29.50246
29.43090
28.89856
28.75996
28.93394
28.77639
29.76307
30.57885
30.34187
30.15573
30.01246
29.99713
29.73132
29.42009
29.41963
29.87889
29.99892
30.27540
30.88796
30.28431
29.29988
29.30631
29.69112
29.25454
28.82891
28.68477
28.93569
28.99851
29.03926
29.06685
29.33896
29.38312
29.18644
28.68516
28.73756
28.51985
28.66353
29.41246
29.22006
28.79774
28.62049
28.85005
29.57771
30.09594
30.19528
30.37344
29.99557
29.87630
29.71177
29.68544
29.14916
28.81091
28.53317
28.68378
28.90167
28.73655
28.83432
28.63741
28.87140
29.34597
28.91235
29.27784
29.12792
29.90299
30.69111
30.82018
30.34037
30.71152
31.08127
30.66144
30.22313
30.60754
30.31816
31.43461
31.78113
31.26778
31.32208
31.35685
31.15860
31.08598
30.85837
30.84579
30.51510
30.00407
30.11828
29.93133
29.66582
29.83718
29.93106
30.97930
31.22057
31.32997
31.13143
30.15704
29.81967
30.77664
31.31808
31.23644
30.08074
28.62239
28.72613
28.49633
28.38501
28.28631
28.21855
28.15688
28.17963
28.04330
27.96662
27.86611
27.81242
27.96581
28.13230
27.95713
27.77274
27.68914
27.58841
27.94036
28.40551
28.19554
27.91412
28.33462
28.95831
28.55564
28.24425
27.91843
27.74139
27.73892
28.02376
27.85894
27.79007
27.66276
27.61081
27.41498
27.45902
27.43236
27.29175
27.14032
27.51307
28.00530
27.95838
27.79352
27.49849
27.32626
27.35479
27.48840
27.67439
27.75488
27.54723
28.08444
29.01044
28.92272
28.59567
28.37197
28.21658
28.43913
28.88182
29.06763
29.09004
28.98972
29.02451
29.43836
30.30292
30.34282
29.95274
29.61913
29.39063
29.45977
29.66325
29.46474
29.31037
29.16427
29.11906
29.01039
28.98511
28.87915
28.91952
28.19401
28.72586
28.63031
28.30544
28.10291
27.36981
27.49723
27.59404
27.48050
27.92469
27.84917
27.38939
27.58679
28.17258
28.42648
28.55753
28.43884
28.34359
28.26805
28.89166
29.22720
28.90850
28.68455
28.54588
28.76791
28.73922
28.47483
28.37308
28.40896
28.76325
28.85513
28.45860
28.28580
28.34423
28.50081
29.20490
29.21988
29.02196
28.84578
28.73245
28.95715
29.19359
29.67273
29.95521
29.34082
29.62691
29.66243
29.59295
29.74038
29.98968
29.86335
30.10848
30.81865
30.77530
30.37082
30.15328
29.88845
29.91843
29.61763
29.50879
29.58301
29.78603
30.40336
30.81978
30.09505
29.02353
29.44548
30.44671
30.44122
29.87805
29.84545
29.90353
29.36092
29.32435
29.16488
28.56143
28.64026
28.92522
29.10578
28.74689
28.28173
28.48163
28.77331
29.16936
28.98539
28.66071
28.74649
28.50403
28.72321
28.35784
29.13479
28.70549
28.57578
29.15597
29.18733
28.73594
28.74464
28.77466
28.46673
28.52013
28.43333
28.54576
28.28329
28.45236
28.51375
28.77423
28.46961
28.21275
28.60940
27.83995
28.19553
28.91352
28.60961
27.92528
27.86960
28.16944
27.88395
27.71243
28.31048
28.51464
28.75402
29.97095
30.05240
29.97483
29.54680
29.22247
29.10805
29.12249
29.06026
28.94853
28.92835
28.76919
28.78654
28.21638
27.99121
28.57379
28.39206
27.97529
27.97414
28.33860
28.92213
28.82616
28.55010
28.37547
28.54116
28.48159
28.90825
29.11225
28.72251
28.66106
29.29050
30.63678
31.14265
31.16029
30.88237
30.58388
30.35238
30.13907
30.02317
29.99556
29.89414
29.76964
29.69126
29.59497
29.78457
29.94983
30.18193
30.27228
30.70976
30.66921
30.76854
31.47274
31.78125
31.73913
31.24528
30.72070
30.36688
30.29169
30.15126
30.15002
30.03110
30.10023
30.16507
29.86765
29.72750
29.93553
29.95880
29.97440
29.83399
29.86478
30.24269
30.21183
29.94009
30.13477
30.03619
29.86529
29.73131
29.63234
29.48550
29.63708
30.14135
30.14622
29.81543
29.71394
29.52082
29.35000
29.08130
28.22745
28.38938
28.46253
28.32437
28.21896
28.15422
28.19490
28.10815
28.25681
28.28657
28.17776
28.04607
28.93356
29.16982
29.21273
30.10176
29.91905
29.98193
30.40517
30.57118
30.20396
30.09099
29.85656
29.71934
29.67801
29.65694
29.52305
29.44459
29.32992
29.27198
29.35419
29.63877
29.53357
29.36484
29.27331
29.21386
29.12726
29.05630
28.90946
28.81028
28.72965
29.03495
29.65249
29.65430
29.37727
29.12283
29.33295
29.86962
29.69907
29.39990
29.17802
29.03972
28.88562
28.81145
28.78058
29.26290
29.11758
29.09103
29.37710
29.23635
29.08863
29.00390
29.03486
28.95335
29.32432
29.38624
29.68689
30.68636
31.13930
31.06175
30.85105
31.12656
32.40162
32.53947
33.47693
33.15819
33.18517
32.92397
32.92530
33.05026
32.70362
32.51749
32.31980
31.91174
31.82639
32.13088
31.80622
32.08249
31.94015
31.71251
32.98886
33.61908
33.50926
34.19127
34.21195
33.91339
34.75701
35.15551
34.28709
34.21653
34.81312
34.62939
34.91807
34.73215
34.65728
34.39597
34.11341
34.54173
34.71955
34.96270
34.80391
34.86796
34.69142
34.32896
34.10659
34.23106
34.36358
34.13941
33.87718
33.73511
33.63387
33.48356
33.35080
33.26853
33.18013
33.18805
33.13967
32.98639
32.89019
33.22272
33.22298
32.94457
32.70184
32.64159
32.56012
32.45510
32.36499
32.80134
33.17430
32.90853
32.93954
32.83815
32.62232
32.39694
32.28889
32.15971
32.26401
32.59484
32.77214
32.70258
32.58886
32.49646
32.95679
32.92953
32.64059
32.40726
32.25346
32.11606
32.04657
31.95937
31.90976
31.82013
31.83465
31.92278
32.38036
32.81431
32.29938
32.41095
32.67283
32.56430
32.25191
32.05695
31.90535
31.82568
31.72881
31.65173
31.55935
31.46927
31.36786
31.26989
31.20300
31.12834
31.06127
31.06544
31.52230
31.69770
31.45522
31.22868
31.04923
30.93662
30.83802
30.74510
30.81146
31.06982
31.06350
31.47933
31.80467
31.59617
31.28747
31.05043
30.90504
30.79249
30.69454
30.59552
30.51982
30.43836
30.37481
30.34742
30.39655
30.32261
30.26330
30.16378
30.12813
30.03175
30.01362
29.91956
29.91810
29.81223
29.81644
29.70419
29.74814
29.63294
29.69147
29.55566
29.62644
29.46798
29.58175
29.43016
29.55706
29.38446
29.54493
29.28825
29.46413
29.14884
29.56203
29.87327
30.32186
30.07766
30.51760
30.06275
30.20487
30.56991
32.91163
33.18087
34.26357
32.84777
33.45881
32.05927
35.30871
