13.68699
13.26475
14.11450
13.77250
14.21705
14.03211
14.03420
13.59800
13.65960
13.34575
13.43866
13.21758
13.27203
13.06191
13.08969
12.89910
12.92350
12.76083
12.81736
12.67815
13.23313
13.45314
13.30669
13.09129
12.98254
12.84499
12.79105
12.69188
12.64909
12.56496
12.52412
12.44378
12.40318
12.33418
12.29263
12.22464
12.18569
12.12494
12.08054
12.02661
11.97980
11.92245
11.87578
11.82422
11.77633
11.72651
11.68250
11.63375
11.58319
11.53534
11.48497
11.44068
11.39678
11.35223
11.31081
11.26385
11.22058
11.17455
11.12714
11.08871
11.04612
11.00959
11.01327
10.99120
10.94935
10.90711
10.86734
10.83130
10.79304
10.75077
10.70846
10.67035
10.63183
10.59335
10.55984
10.52447
10.49246
10.46081
10.42691
10.39232
10.35763
10.32429
10.29135
10.25617
10.22379
10.19079
10.15463
10.12114
10.08803
10.05799
10.02437
9.99430
9.96321
9.93212
9.89669
9.86889
9.84069
9.81566
9.79437
9.76347
9.73210
9.69854
9.67151
9.64623
9.62132
9.59073
9.57107
9.54799
9.52342
9.49736
9.47737
9.44983
9.43415
9.40696
9.39299
9.37767
9.41864
9.61964
9.90891
10.33023
10.50288
10.43323
10.36127
10.28334
10.28218
10.29327
10.20810
10.16862
10.11683
10.07095
10.03122
9.99143
9.95748
9.92834
9.91095
9.86594
9.85136
9.83265
10.08104
10.88987
11.62136
12.45078
13.17731
14.00812
14.84815
15.61934
16.29730
16.95984
17.22485
17.04792
17.04788
17.01337
17.43692
17.66521
17.94457
18.10499
18.01288
18.00145
17.99561
17.96264
18.03944
18.06461
17.62906
17.19804
16.95700
16.77804
17.13294
17.62689
17.86703
17.83182
17.50812
17.37362
17.15977
17.21002
17.29967
16.92892
16.87802
16.84854
16.66132
17.03715
17.13757
16.91731
16.78399
16.60293
16.44867
16.48232
16.34982
16.17511
16.04547
15.99899
15.85169
16.17398
16.42044
16.18577
16.19179
16.28406
16.07243
15.90693
15.79224
15.65220
15.57086
15.51587
15.65498
16.26983
16.17069
15.93685
15.73809
15.97551
16.32130
16.41373
16.10583
16.30386
16.27641
16.21640
16.10159
16.20716
16.04180
16.14282
15.99799
16.00349
16.25957
16.28132
16.14997
15.80254
15.59606
15.78108
15.91193
15.62836
15.57392
15.36089
15.33775
15.21581
15.13829
15.03192
14.97674
14.89410
14.93514
15.07483
15.59239
15.91443
15.89452
15.56576
15.41888
15.52299
15.96744
15.82117
15.54243
15.55375
15.38988
15.56107
15.83327
15.69208
15.53208
15.53733
15.59098
15.58489
15.71637
15.51724
15.35885
15.36225
15.68303
16.08678
16.12408
16.01690
16.27464
16.48226
16.32012
16.09327
15.92644
15.69070
15.85769
16.37476
16.23429
15.94093
16.08174
15.89421
15.97228
16.26171
16.05233
16.32902
16.12668
15.87202
15.73166
15.64424
15.54363
15.46605
15.38144
15.33765
15.30507
15.26409
15.40201
15.74533
15.63303
15.51347
15.70385
15.98702
16.38203
16.80450
16.73719
16.62673
16.54629
16.38440
16.13946
16.09088
15.93127
16.06713
16.00803
15.82484
15.62731
15.58131
15.68205
15.77817
15.63698
15.48136
15.43548
15.40868
15.44687
15.35062
15.22361
15.12953
15.05533
14.94221
14.87069
14.86028
14.78921
14.72547
14.79163
15.51793
15.68469
15.57601
15.45689
15.76286
15.81917
15.58018
15.70967
15.70468
15.49240
15.37697
15.30629
15.15759
15.03971
15.15071
15.50185
15.33820
15.23850
15.10742
15.01650
14.90976
15.30637
16.08932
16.20994
16.03926
15.72969
15.58616
15.42523
15.47795
15.56153
15.52328
15.79321
15.92831
15.70069
15.64421
15.83557
15.72159
15.66912
15.58776
15.45893
15.33412
15.21103
15.33061
15.50570
15.32437
15.24980
15.61880
15.60184
15.34791
15.21322
15.24374
15.41176
15.39877
15.36129
15.42068
15.68508
15.63856
15.45458
15.46226
15.40633
15.33669
15.36181
15.28667
15.18065
15.11197
15.04993
15.00059
14.95362
14.90626
14.86682
14.80700
14.76349
14.70059
14.67467
14.70759
14.76707
14.88024
15.35746
16.28677
16.64477
16.87826
17.18538
17.08715
17.05472
16.79139
17.04416
17.23057
16.75764
16.63591
16.44093
16.29603
16.30155
16.17935
15.98742
16.12294
16.23323
16.04523
15.99956
16.05664
16.19405
16.18286
16.09604
15.96758
15.84866
15.74385
15.66449
15.58293
15.57448
15.56046
15.66356
16.15938
16.33658
16.00966
16.38099
16.59609
16.17865
16.37407
16.28977
15.94791
15.66767
15.51051
15.38400
15.28874
15.17678
15.16961
15.10662
15.11616
15.47346
15.56782
15.44663
15.71545
15.58426
15.34790
15.64863
15.73815
15.59129
15.38985
15.16336
15.15994
15.23461
14.86678
14.95212
15.42793
15.35502
15.34923
15.38820
15.54176
15.10685
14.89105
14.79628
14.86616
15.05383
15.15957
15.34591
15.37225
15.38712
15.21753
15.06971
14.97244
15.11799
15.17499
15.07256
14.97546
14.98745
15.29476
15.70717
15.53625
15.72717
15.93690
15.80014
16.02634
15.81731
15.49872
15.30989
15.28702
15.39540
15.73874
16.32643
16.35056
16.33960
16.58904
16.36542
16.11480
16.10485
15.94126
16.02113
16.41438
16.36338
16.15736
16.01464
15.86279
15.99287
16.09181
15.99361
16.11581
15.97461
15.71478
15.60918
15.66833
15.91363
15.78711
16.04472
16.30915
16.23726
16.80422
16.89335
16.51105
16.12418
16.28942
15.98839
16.08416
16.20286
16.34864
16.53647
17.06808
17.11250
16.91686
17.44380
17.21921
17.29871
17.23785
17.28068
17.06816
16.90817
16.81184
17.45767
17.45600
17.22356
17.13023
16.95576
16.71472
16.57772
16.40288
16.28754
16.15120
16.04581
15.94317
15.79341
15.74768
15.63690
15.52437
15.48513
15.34097
15.33820
15.29657
15.16958
15.34157
15.36051
15.47366
15.52433
15.65332
15.66000
15.90185
16.00429
15.79417
15.68944
15.90763
16.13459
16.07378
16.05194
15.99297
16.01811
16.27901
16.20395
16.05433
15.87558
15.83445
15.85681
16.55918
16.65302
16.33922
16.15637
16.24702
16.21056
16.28205
16.60775
16.12842
15.94853
16.51833
16.79710
16.80345
17.08297
17.39976
17.41761
17.04685
16.88535
16.79782
16.72601
16.73053
16.56344
16.40772
16.29727
16.20473
16.11248
16.03289
15.96204
15.89761
15.82971
15.76613
15.69867
15.65203
15.62653
15.55999
15.64626
15.92294
15.99948
16.22800
16.61852
16.55720
16.45473
16.53164
16.58514
16.46651
16.37425
16.41917
16.29664
16.17631
15.97074
16.28987
16.67833
16.39766
16.14646
15.99437
15.83653
15.75337
15.90627
15.76161
15.65161
15.71044
15.55083
15.55317
15.54675
15.50665
15.52419
15.56066
15.47132
15.61752
15.70579
15.55158
15.45069
15.36192
15.29478
15.26321
15.21159
15.19187
15.17104
15.11025
15.08689
15.05488
14.98844
15.02364
15.16976
15.14567
15.11321
15.36096
15.31562
15.18739
15.05327
15.40953
15.53540
15.75001
15.75361
15.50026
15.32375
15.27601
15.25997
15.49982
15.72665
15.61684
15.59895
15.45033
15.51039
15.70973
15.78121
15.61971
15.55169
15.89090
16.01641
15.80401
15.67598
15.54788
15.49458
15.65310
15.94179
16.21915
16.39365
16.19796
16.04825
16.02341
16.04298
16.38150
16.55940
16.48097
16.60899
16.69693
16.55449
16.32293
16.41352
16.80966
16.64707
16.79308
16.84752
16.63156
16.54294
16.41207
16.37722
16.32500
16.25470
16.22498
16.16334
16.10818
16.06791
15.99315
16.03689
16.07376
16.00084
15.92378
15.86509
15.78883
15.78935
15.77644
16.02926
16.27096
16.97222
17.47098
17.86973
17.88591
17.41597
17.19498
16.99853
16.87241
16.72771
16.63368
16.53111
16.45490
16.37226
16.29967
16.22420
16.14713
16.12180
16.17631
16.38781
16.84506
16.77251
16.63459
16.47246
16.34540
16.22502
16.14446
16.06015
15.98559
15.91542
15.85588
15.79973
15.74827
15.69372
15.64773
15.59058
15.54278
15.48871
15.44207
15.38838
15.34319
15.28704
15.24080
15.18827
15.14808
15.16665
15.34494
15.42791
15.33936
15.24074
15.15607
15.09205
15.03245
14.97929
14.92361
14.87161
14.82668
14.78158
14.73590
14.69232
14.64667
14.60529
14.55842
14.51597
14.47743
14.43618
14.39367
14.35499
14.31547
14.28010
14.24276
14.20295
14.16327
14.12530
14.08740
14.04648
14.01027
13.97235
13.93121
13.89432
13.85928
13.82280
13.77811
13.75079
13.75586
13.71665
13.72738
13.76428
13.72164
13.68684
13.62654
13.59464
13.54290
13.51701
13.46325
13.44827
13.39186
13.38213
13.31732
13.30931
13.25562
13.31815
13.26383
13.35493
13.35130
13.37516
13.31939
13.38257
13.26906
13.30074
13.18034
13.23212
13.09529
13.16507
13.01510
13.11037
12.94106
13.06341
12.86010
13.01940
12.77871
12.99050
12.69188
12.97475
12.57232
12.97742
12.41488
