1.93132
1.82540
1.90861
1.84120
1.89753
1.84737
1.89050
1.85261
1.88462
1.85516
1.88264
1.85906
1.87917
1.85859
1.87602
1.85908
1.87346
1.85962
1.87178
1.85999
1.86967
1.86036
1.86819
1.85948
1.86494
1.85801
1.86509
1.85727
1.86188
1.85653
1.86109
1.85617
1.85888
1.85411
1.85558
1.85352
1.85354
1.85177
1.85183
1.85010
1.85148
1.84911
1.84837
1.84778
1.84823
1.84650
1.84644
1.84796
1.84892
1.84788
1.84842
1.84723
1.84634
1.84634
1.84771
1.85092
1.85620
1.85654
1.85527
1.85454
1.85495
1.85442
1.85345
1.85367
1.85314
1.85210
1.85080
1.84953
1.84915
1.84878
1.84816
1.84670
1.84628
1.84591
1.84562
1.84406
1.84180
1.84202
1.84137
1.84073
1.84031
1.83791
1.83763
1.83651
1.83544
1.83411
1.83404
1.83443
1.83381
1.83236
1.83148
1.83120
1.83066
1.82907
1.82847
1.82742
1.82620
1.82503
1.82407
1.82307
1.82189
1.82222
1.82074
1.81993
1.81842
1.81681
1.81612
1.81499
1.81531
1.81453
1.81444
1.81299
1.81082
1.80979
1.80937
1.80791
1.80725
1.80563
1.80625
1.80546
1.80344
1.80298
1.80174
1.80116
1.80159
1.80034
1.79907
1.79829
1.79852
1.79705
1.79711
1.79699
1.79330
1.79254
1.79194
1.79667
1.79541
1.79662
1.79459
1.79596
1.79916
1.79962
1.79957
1.80023
1.79913
1.79856
1.80004
1.80028
1.79970
1.79997
1.79567
1.79804
1.79748
1.79869
1.79569
1.79671
1.79449
1.79421
1.79553
1.80069
1.80364
1.80669
1.81167
1.81707
1.80962
1.80878
1.80882
1.80949
1.80839
1.81074
1.81043
1.81170
1.81227
1.81013
1.80999
1.81098
1.80804
1.81490
1.81013
1.80250
1.80344
1.80512
1.80909
1.80422
1.80610
1.80382
1.80289
1.79623
1.79648
1.80150
1.80214
1.80607
1.80529
1.80460
1.80219
1.80105
1.79703
1.79437
1.79045
1.78414
1.78557
1.78905
1.78912
1.78921
1.78731
1.78864
1.78660
1.78766
1.78606
1.79342
1.78846
1.78343
1.78659
1.78310
1.78148
1.77768
1.78217
1.78059
1.77332
1.76623
1.76288
1.76125
1.75848
1.75899
1.75914
1.75880
1.75809
1.76037
1.75918
1.75843
1.76099
1.76084
1.76163
1.76148
1.76347
1.76228
1.76258
1.76563
1.75169
1.75144
1.75437
1.75862
1.75724
1.75551
1.75588
1.76045
1.75793
1.76101
1.76196
1.76552
1.76646
1.76771
1.76290
1.75994
1.76235
1.75885
1.76040
1.75735
1.75778
1.75779
1.75770
1.75924
1.76113
1.76075
1.75917
1.75812
1.75679
1.75849
1.75739
1.75687
1.75524
1.75481
1.75464
1.75382
1.75336
1.75197
1.74797
1.74804
1.74737
1.75102
1.75162
1.75394
1.75296
1.75248
1.75563
1.75657
1.75648
1.75565
1.75372
1.75318
1.75350
1.75920
1.75831
1.76667
1.75990
1.76388
1.76301
1.76054
1.75894
1.76147
1.75580
1.75837
1.75027
1.76612
1.75867
1.73926
1.74990
1.74500
1.75152
1.75234
1.75464
1.75439
1.75673
1.75771
1.75750
1.75753
1.75503
1.74799
1.75042
1.74475
1.74688
1.74224
1.74560
1.74549
1.73856
1.74607
1.74466
1.74270
1.74202
1.74005
1.73452
1.73681
1.74263
1.74123
1.74332
1.74292
1.74227
1.74052
1.73979
1.73833
1.73804
1.73834
1.73735
1.73606
1.73266
1.72935
1.72872
1.73094
1.73184
1.72407
1.71623
1.71480
1.71655
1.72630
1.72356
1.72483
1.73046
1.73963
1.74419
1.75315
1.76920
1.75813
1.77636
1.78022
1.77403
1.77601
1.77656
1.81013
1.80676
1.80524
1.80209
1.80823
1.80449
1.80628
1.80354
1.80018
1.80594
1.80187
1.80237
1.80205
1.80201
1.80107
1.80144
1.80072
1.79917
1.79774
1.79733
1.79601
1.79351
1.79031
1.79377
1.79531
1.79337
1.79461
1.79689
1.79690
1.79569
1.79517
1.79848
1.79663
1.79457
1.79364
1.79344
1.79314
1.79129
1.79018
1.78670
1.78324
1.78492
1.78608
1.78889
1.78268
1.77455
1.77305
1.77258
1.76365
1.76528
1.76518
1.76444
1.76533
1.76819
1.76837
1.76705
1.76722
1.76142
1.76384
1.76456
1.76324
1.76504
1.76406
1.76284
1.76283
1.76192
1.76074
1.76106
1.75953
1.75817
1.75628
1.75927
1.76481
1.76126
1.76035
1.75933
1.75718
1.75785
1.75551
1.75511
1.75471
1.75346
1.75227
1.75228
1.75298
1.75098
1.75370
1.75370
1.75165
1.75126
1.75032
1.74853
1.73962
1.73995
1.73931
1.73844
1.73767
1.73604
1.73596
1.73498
1.73365
1.73184
1.73114
1.73152
1.72928
1.72982
1.73026
1.73179
1.73068
1.73096
1.72983
1.72955
1.72921
1.72784
1.72908
1.72809
1.72589
1.72636
1.71814
1.71020
1.70969
1.70725
1.70692
1.70492
1.70436
1.70538
1.70579
1.70469
1.70775
1.71014
1.70845
1.70956
1.70625
1.70231
1.70448
1.70433
1.70198
1.70317
1.70084
1.69733
1.70125
1.70015
1.70144
1.70105
1.70023
1.69915
1.69797
1.69591
1.69412
1.69402
1.69238
1.69215
1.69112
1.68903
1.68733
1.68607
1.68539
1.68562
1.68355
1.68204
1.68018
1.67776
1.67796
1.67902
1.67789
1.67627
1.67386
1.67195
1.66940
1.66832
1.66885
1.66722
1.66660
1.66349
1.66339
1.66172
1.66469
1.66418
1.66221
1.65703
1.65783
1.66772
1.66584
1.65647
1.65804
1.65611
1.65554
1.65343
1.65502
1.65333
1.65177
1.65570
1.65630
1.65589
1.65484
1.65477
1.65446
1.65682
1.66045
1.65969
1.65761
1.65572
1.65595
1.65376
1.65649
1.65626
1.64375
1.64556
1.64781
1.64636
1.64639
1.64562
1.64626
1.64420
1.64576
1.63256
1.63025
1.62870
1.62737
1.62884
1.62783
1.62699
1.62609
1.62823
1.62867
1.62336
1.61713
1.62530
1.62689
1.62908
1.62415
1.61724
1.61181
1.61613
1.61699
1.61611
1.61482
1.61373
1.61150
1.61186
1.61115
1.60869
1.60666
1.60525
1.60536
1.60233
1.60406
1.60081
1.60420
1.60719
1.60618
1.60569
1.60522
1.60038
1.59981
1.60349
1.60249
1.59828
1.59364
1.59900
1.59936
1.59899
1.59772
1.59722
1.59619
1.59662
1.59539
1.59574
1.59261
1.59358
1.59121
1.59272
1.59067
1.59198
1.58925
1.58790
1.58231
1.58774
1.57805
1.60017
1.60297
1.56463
1.58261
1.57540
1.58448
1.57842
1.58153
1.57774
1.57418
1.56995
1.57363
1.57386
1.57450
1.57235
1.57402
1.57155
1.57159
1.56933
1.56895
1.56763
1.56762
1.56695
1.56575
1.56505
1.56315
1.56326
1.56388
1.56125
1.56209
1.56324
1.56551
1.56557
1.56702
1.57029
1.57414
1.57557
1.57862
1.58060
1.58163
1.58000
1.57829
1.57748
1.57712
1.57514
1.57526
1.57783
1.58370
1.58537
1.58460
1.58294
1.58230
1.58170
1.58194
1.57922
1.58328
1.57602
1.56869
1.57187
1.56600
1.55923
1.55829
1.56187
1.56154
1.56443
1.56359
1.56375
1.56689
1.56979
1.57203
1.58146
1.59461
1.60141
1.60304
1.60384
1.60648
1.60751
1.60897
1.61175
1.61304
1.61108
1.61189
1.61246
1.61370
1.61456
1.61479
1.61567
1.61591
1.61615
1.61931
1.62014
1.62055
1.62148
1.62192
1.62196
1.62126
1.62162
1.62168
1.62303
1.62430
1.62604
1.62830
1.62840
1.62784
1.62743
1.62663
1.62511
1.62650
1.62809
1.62702
1.62644
1.62567
1.62431
1.62428
1.62345
1.62265
1.62115
1.62039
1.61932
1.61784
1.61926
1.61930
1.61946
1.62014
1.61815
1.61751
1.61644
1.61609
1.61471
1.61487
1.61465
1.61563
1.61474
1.61425
1.61437
1.61254
1.61112
1.61136
1.61105
1.60994
1.60929
1.60785
1.60757
1.60663
1.60553
1.60529
1.60362
1.60274
1.60230
1.60108
1.60059
1.59948
1.59869
1.59803
1.59699
1.59623
1.59693
1.59561
1.59505
1.59416
1.59366
1.59270
1.59240
1.59225
1.59060
1.59007
1.58931
1.58940
1.58891
1.58875
1.58785
1.58811
1.58814
1.58646
1.58579
1.58517
1.58436
1.58346
1.58307
1.58279
1.58203
1.58115
1.58074
1.58038
1.57943
1.57791
1.57663
1.57472
1.57456
1.57404
1.57347
1.57307
1.57146
1.57180
1.57080
1.57004
1.56930
1.56821
1.56864
1.56868
1.56813
1.56663
1.56598
1.56596
1.56461
1.56284
1.56284
1.56219
1.56190
1.56151
1.56109
1.56118
1.56057
1.56215
1.56055
1.56085
1.55838
1.55940
1.55751
1.55812
1.55442
1.55879
1.55676
1.55971
1.55830
1.56121
1.55861
1.56099
1.55701
1.56229
1.55674
1.56236
1.55617
1.56181
1.55421
1.56277
1.55302
1.56245
1.55672
1.57083
1.55668
1.56795
1.55615
1.57399
1.55496
1.57435
1.54962
1.57928
1.54228
1.58474
