11.05991
10.38358
10.80948
10.37026
10.65552
10.34118
10.54958
10.35550
10.84066
10.90415
11.07604
10.84725
10.84852
10.65155
10.69300
10.72740
10.91219
10.81361
10.81450
10.66405
10.63745
10.53800
10.62653
10.62060
10.66053
10.59411
10.63105
10.88988
11.28279
11.41319
11.42765
11.32101
11.21086
11.08636
11.04308
11.35955
11.84709
12.03475
12.01506
11.85297
11.83727
11.77188
11.67761
11.64532
11.82037
11.89848
11.85389
11.76517
11.76419
11.76862
11.73519
11.69284
11.67317
11.65680
11.63702
11.60345
11.57209
11.55433
11.54325
11.53980
11.60086
11.65467
11.66217
11.64793
11.62380
11.59192
11.54479
11.55085
11.67937
11.86461
11.99274
11.99096
12.00131
11.99180
11.94296
11.89884
11.90096
11.91067
11.92833
11.89461
11.87450
11.90268
12.57958
13.19067
13.30582
13.32103
13.24230
13.34417
13.45455
13.38905
13.53598
13.56749
13.79815
14.08674
14.03457
13.87961
13.79778
13.72429
13.55868
13.41496
13.26070
13.16151
13.09008
13.05201
12.99991
12.99857
12.94589
13.48294
14.15860
14.31524
14.21160
13.99396
13.74944
13.55133
13.42856
13.34431
13.31160
13.66264
14.02803
14.20117
14.25007
14.37192
14.66772
14.69619
14.52935
14.34476
14.09282
13.92862
13.81755
14.14311
14.46878
14.69197
15.51165
15.66829
15.52662
15.76626
16.25132
16.48319
16.58226
16.52568
16.32149
16.09547
15.99850
16.39531
16.79841
16.79787
16.67063
16.68636
16.88201
16.87573
16.75283
16.48620
16.28271
16.22485
16.40233
16.52993
16.73897
16.77933
16.71812
16.53381
16.41647
16.51338
16.61410
16.70270
16.71696
16.60388
16.51031
16.44411
16.39704
16.45666
16.37922
16.69428
17.40513
17.58141
17.72656
17.64106
17.39984
17.17808
16.75919
16.79778
16.72459
16.84131
17.43474
17.73085
17.60366
17.46020
17.37263
17.27001
17.30916
17.23237
17.19868
17.15634
17.18315
16.94815
17.11659
17.13826
16.93064
16.92280
17.09934
17.16730
17.17067
17.23581
17.33796
17.56247
17.61082
17.71743
17.69317
17.66838
17.81365
17.81532
17.72085
17.70946
17.69943
17.66489
17.82170
17.65836
17.55139
17.48294
17.43442
17.33707
17.29318
17.36891
17.18262
17.13441
17.12571
17.28651
17.36717
17.32162
17.17517
16.96789
17.01830
17.08902
17.11831
17.09713
17.01248
16.95123
16.87170
16.82842
16.76048
16.79322
16.77589
16.73766
16.69294
16.64003
16.71322
16.70540
16.66379
16.71234
16.95268
17.11265
17.09774
17.02596
16.91489
17.00976
17.10226
17.05846
16.97545
16.84533
16.76550
16.70038
16.68250
16.56391
16.44490
16.56747
16.69543
16.70587
16.48592
16.54599
16.45316
16.47232
16.40296
16.36101
16.43828
16.54921
16.72988
16.77076
16.67543
16.56826
16.47879
16.56383
16.74561
16.82033
16.87595
16.81126
16.59614
16.50561
17.40301
17.97572
18.03913
18.01352
17.95538
17.85600
17.70008
17.67853
17.61502
17.66037
17.56073
17.56626
18.56772
19.12684
18.94055
18.73955
18.43279
18.16401
18.10234
18.37595
18.45995
18.23340
17.68530
17.50585
17.51382
17.18445
16.98144
17.37934
17.55730
17.35236
16.92279
16.95430
17.09811
17.03399
16.95958
16.92559
16.94920
16.96493
17.09498
17.05898
16.73718
16.63102
16.57715
16.52664
16.57471
16.82025
16.91184
16.84441
16.73978
16.62565
16.53293
16.39239
16.30275
16.22256
16.13932
16.08605
16.06525
16.07269
16.04917
15.80805
15.77360
15.64633
15.66440
15.74568
15.70569
15.71606
15.68558
15.54373
15.34317
15.22412
15.21136
15.30795
15.46187
15.47519
15.51666
15.69584
15.93152
15.98847
15.87768
15.82034
15.70305
15.66757
15.53420
15.37391
15.30442
15.24719
15.25507
15.34745
15.36674
15.53483
15.73312
15.76197
15.79346
15.96164
16.03964
15.93213
15.86971
15.73207
15.68520
15.68431
15.68174
15.68252
15.63146
15.58733
15.55787
15.53304
15.41315
15.37504
15.36352
15.38214
15.26295
15.21625
15.21655
15.36237
15.47236
15.46078
15.42620
15.38035
15.32718
15.26219
15.20227
15.19255
15.04031
15.09404
15.11100
15.21799
15.54098
15.60909
15.56898
15.48594
15.35861
15.28188
15.21012
15.20184
15.13248
14.97085
15.02630
14.95808
14.97411
14.94719
14.77900
14.75168
14.74461
14.70074
14.76725
14.89100
14.82168
14.74121
14.68515
14.58330
14.60796
14.58966
14.57557
14.52089
14.47129
14.41143
14.41389
14.36514
14.35140
14.33741
14.34388
14.31921
14.25925
14.19047
14.16426
14.16730
14.11576
14.04633
14.00641
14.03529
14.07662
14.05917
14.04554
13.98454
13.96834
13.97540
13.96629
13.93247
13.82579
13.80591
13.73402
13.69820
13.64832
13.64278
13.63011
13.60882
13.68100
13.88027
13.72901
13.72569
13.81878
13.80255
13.76496
13.70886
13.65998
13.61760
13.59726
13.56319
13.53265
13.50257
13.47947
13.46114
13.34621
13.28890
13.28737
13.32969
13.45875
13.67209
13.78856
13.78087
13.75127
13.67616
13.67131
13.63258
13.56089
13.52877
13.46747
13.39086
13.35451
13.33513
13.32116
13.30835
13.49758
13.75266
13.82105
13.78323
13.67358
13.62451
13.56076
13.47374
13.47262
13.47012
13.47710
13.39013
13.34022
13.30535
13.28041
13.25526
13.22382
13.24179
13.32059
13.26570
13.28468
13.35223
13.41978
13.38010
13.24087
13.18722
13.14849
13.14699
13.21901
13.29721
13.26398
13.23307
13.17818
13.10552
13.04954
13.03095
12.99917
12.97290
12.90886
12.85448
12.81056
12.76548
12.74204
12.77300
12.76968
12.72203
12.69285
12.71368
12.72263
12.70545
12.68417
12.65572
12.64333
12.63992
12.62895
12.62756
12.62036
12.55283
12.48437
12.47886
12.46907
12.41750
12.39057
12.29282
12.11262
12.14320
12.22708
12.34638
12.45525
12.56255
12.62466
12.60733
12.58977
12.65196
12.61632
12.57328
12.60012
12.73225
12.85574
12.82025
12.84934
12.83406
12.74150
12.63022
12.58948
12.57260
12.56363
12.52139
12.55688
12.49773
12.41877
12.41637
12.40434
12.40148
12.34901
12.28475
12.34898
12.42191
12.39230
12.41045
12.43897
12.52491
12.54269
12.46686
12.44491
12.34293
12.34510
12.38455
12.31107
12.35965
12.36013
12.34987
12.29333
12.10224
12.08826
12.04972
12.07724
12.02838
12.02222
12.08335
12.07112
12.06312
12.10330
12.05049
12.05874
12.05895
12.13966
12.14118
12.09760
12.33711
12.44259
12.43388
12.43143
12.48072
12.38407
12.34021
12.26949
12.23070
12.23295
12.32602
12.33358
12.29374
12.27971
12.21432
12.30620
12.41197
12.35673
12.39774
12.46110
12.41904
12.35709
12.32174
12.39650
12.59831
12.65014
12.59090
12.33423
12.34769
12.50036
12.47962
12.67232
12.75813
12.76889
12.70775
12.67139
12.63159
12.60274
12.59990
12.74531
13.18173
13.43977
13.48721
13.42978
13.26055
13.09522
12.98509
13.03642
13.05368
13.04814
13.14544
13.22280
13.16565
13.21002
13.24909
13.24090
13.06081
13.01227
12.97681
13.07326
12.98957
12.89106
13.00020
12.95231
13.08409
13.02840
12.91562
12.90503
12.94779
12.91069
12.99986
13.30496
13.55576
13.58444
13.50878
13.37521
13.36965
13.62102
13.96148
14.37664
14.58691
14.54989
14.56535
14.59781
14.85894
15.48869
15.84365
15.95620
16.39990
16.69958
16.74312
16.60575
16.38560
16.11720
16.22447
17.32030
18.02709
18.17241
18.09988
17.89914
17.68411
17.47238
17.25274
17.09702
16.97414
16.99489
17.20114
17.26959
17.21366
17.08356
16.94550
16.83948
16.74732
16.68269
16.63900
16.56457
16.53613
16.60551
16.91401
17.31993
17.53539
17.45532
17.57167
17.90513
17.91787
17.77881
17.53542
17.38229
17.32705
17.25558
17.16586
17.03916
16.96968
17.38744
17.74275
17.74468
17.58757
17.38255
17.20220
17.06501
16.96872
16.89875
16.83913
16.78136
16.73510
16.68949
16.67109
16.71791
16.72637
16.69972
16.64308
16.59018
16.53301
16.49019
16.44955
16.44898
16.42092
16.39719
16.36323
16.85369
17.53744
17.69503
17.61014
17.42678
17.23460
17.08238
16.97596
16.85976
16.80020
16.74064
16.69946
16.66735
16.61853
16.57625
16.54311
16.49953
16.46681
16.51631
16.70613
16.82311
16.85005
16.82414
16.92039
17.16261
17.22930
17.19183
17.06448
16.91901
16.82039
16.74680
16.69479
16.64536
16.61507
16.56097
16.53445
16.49829
16.44817
16.40978
16.38475
16.41659
16.92615
17.37375
17.46493
17.37393
17.21748
17.09828
17.55108
18.00988
18.04808
18.04890
18.11850
18.12878
17.98405
17.80539
17.64536
17.69772
17.74529
17.74663
17.69085
17.62674
17.57360
17.56108
17.73018
17.74846
17.75394
18.03462
18.28749
18.24060
18.09467
17.83971
17.80775
