13.12607
12.72799
12.75570
12.06453
12.08122
11.67637
13.13026
13.16638
12.89242
12.21562
11.91158
11.56079
11.50857
11.31368
11.68645
11.72814
11.67072
11.39210
11.52140
11.87148
12.06661
11.97871
11.73997
11.47170
11.33739
11.15817
11.12414
11.11927
11.12298
11.05237
11.10860
11.58691
11.79796
11.46175
11.30533
10.97195
11.06650
11.81610
11.63723
11.22490
11.06625
10.97463
10.88610
10.81689
11.32453
11.53910
11.78592
12.34103
12.61206
12.32670
11.73424
11.40637
11.29604
11.31180
11.26136
11.17771
11.09878
11.15647
11.12421
11.04187
11.14956
11.50114
11.40817
11.24242
11.12522
11.05625
10.98458
10.94103
10.88966
10.84729
10.81569
10.78246
10.73954
10.71170
10.67532
10.66058
10.68204
10.87882
10.91573
10.83298
10.77699
10.71203
10.66685
10.62306
10.57036
10.54611
10.60347
10.92666
11.00829
10.87119
10.77368
10.67615
10.62337
10.54823
10.50785
10.47568
10.45671
10.39188
10.47151
10.74687
11.29807
11.73510
11.43587
11.19260
10.97219
10.91754
10.82500
10.94113
10.98993
11.27281
11.40576
11.26520
11.24101
12.12220
12.31723
11.84321
11.59068
11.40778
11.36094
11.43393
11.33647
11.25089
11.35094
11.62633
11.91043
11.80030
11.58764
11.61144
11.65845
11.51073
11.43312
11.35595
11.27348
11.21419
11.42982
12.73129
12.87144
12.45931
12.19934
11.93919
11.90240
11.96684
11.94599
11.86031
11.72891
11.65860
11.68294
12.26494
12.18638
12.00364
11.77411
12.43804
13.70051
14.53035
15.17846
16.88987
18.23136
19.10315
20.27933
19.20722
19.82553
20.36254
20.49139
19.49697
19.22241
19.22270
19.00862
18.53640
17.21469
18.24801
18.09731
17.88443
18.10191
17.41460
16.49443
16.76316
16.76115
16.90511
16.84399
15.68450
15.51966
15.17578
14.98384
15.04962
15.03734
14.53557
14.60610
15.23549
15.61357
15.89670
15.49229
15.70726
14.89755
15.17559
15.32190
14.61526
14.50559
14.23264
14.51440
14.73590
14.16331
14.63774
14.58085
14.11498
13.88826
13.69548
13.76604
13.73313
13.65717
13.66483
13.88028
14.40664
14.81623
14.89375
14.82192
15.01836
14.33556
14.02905
13.75402
13.56643
13.38812
13.28209
13.24766
14.30430
14.88458
14.58514
14.00235
13.58447
13.49371
14.13258
14.02284
13.46038
14.14648
14.62013
14.09745
13.92838
13.26966
13.10010
13.30748
13.00941
13.12206
13.24499
13.21980
14.43581
14.45176
13.76072
13.41656
13.72828
13.95796
14.16587
14.69535
13.88961
13.39988
12.93974
13.15490
13.34205
13.35505
13.27540
13.09209
12.93287
12.77613
12.62134
13.04477
13.36114
13.90664
13.89469
14.58645
15.18616
14.60249
13.76240
14.13459
14.36060
14.01225
13.71871
13.41615
13.58282
13.68852
13.92374
13.86505
13.37915
13.36914
15.16431
15.69480
15.32878
15.39021
15.79272
15.25517
14.66774
14.37787
14.16945
14.27535
14.36637
14.55950
14.47628
15.12020
14.92257
14.43139
14.25068
14.21197
14.31450
14.18495
13.92973
13.74777
13.83015
13.79487
14.30991
14.49413
14.95828
15.33941
14.56931
14.08276
13.61453
13.71793
14.03981
13.82521
13.72651
13.76645
13.76463
13.52928
13.92391
13.94933
14.46981
14.68849
14.28205
14.11669
13.93109
13.89310
13.69711
13.71969
13.57420
13.53116
13.16456
13.08957
13.86234
14.60509
14.22174
14.91405
15.14174
14.27934
14.07893
14.25961
14.06375
13.76731
13.60979
13.43655
13.18672
13.21006
13.76430
14.25189
14.24059
14.52426
14.80330
14.46460
14.05754
13.77246
13.51752
13.44102
14.01372
14.28390
14.21739
14.72654
14.87317
14.46663
13.91326
14.08686
15.15371
14.87233
14.72308
14.76200
14.26128
14.34733
14.25637
15.41856
16.14131
15.89070
15.57300
15.86464
15.85503
15.47384
16.47833
16.52935
16.23034
16.01307
15.63642
15.62353
15.73317
15.46877
15.25087
15.54841
15.93476
16.32889
15.99966
16.08009
16.03446
16.32275
16.13353
15.83324
15.99490
15.30203
15.58491
15.86008
15.88452
15.87363
15.33694
15.43503
15.98983
15.65570
15.29704
14.82909
14.63104
14.42898
14.12879
14.27807
15.00445
14.79359
14.43119
13.99347
14.10206
14.51557
14.77458
14.27602
14.89115
15.27814
14.61723
14.61213
15.55342
15.04098
15.34760
16.48888
16.03245
15.51943
15.15687
15.08857
14.95872
15.11437
14.96059
14.91735
14.72879
14.76199
14.97672
14.86365
14.61450
14.60311
14.53164
14.43770
14.23608
14.23089
15.05137
15.10454
14.78833
14.57942
14.49785
14.62418
14.73701
14.75369
15.80943
16.33711
15.51759
14.91216
15.06355
15.87880
16.34575
16.73953
16.69437
15.66992
16.00968
16.62768
16.01428
15.73683
16.02254
17.22191
17.69266
17.71193
17.46183
16.82188
16.42099
15.66407
16.70557
17.61247
17.52404
17.32189
16.45387
16.10356
15.79045
15.61308
15.85195
16.20218
16.04981
15.37119
15.96532
16.95498
16.44093
16.02989
16.40120
17.03448
17.19356
16.54695
16.07227
15.47616
16.15232
16.54647
16.18615
16.29348
16.47965
16.41351
15.90705
15.61015
15.47463
15.38764
15.37327
15.54766
16.13266
16.14123
16.64195
17.16920
16.53455
16.03029
15.64789
15.54859
15.62830
15.40279
14.83863
15.14016
15.12608
15.40811
15.46453
15.39954
16.22700
15.81546
15.14240
14.72169
14.58111
14.31331
14.85590
15.40548
15.32033
15.00754
15.11666
15.53676
15.53781
14.94321
16.15506
16.42800
17.35735
17.43430
16.93286
17.21226
16.30296
16.28678
16.32970
16.70417
17.86164
17.72675
16.88137
15.98185
16.16555
16.08299
16.72026
17.66818
16.80937
16.12077
15.80127
16.02391
16.49389
16.34904
16.07661
15.96501
15.72348
15.79381
16.00122
16.14571
15.85234
15.65524
15.24370
14.87663
15.17616
15.49397
15.32071
15.14748
15.44315
15.41451
15.67331
15.83962
15.32535
15.29742
15.07687
15.06016
15.33044
15.52865
15.35059
15.10668
14.77355
14.77440
14.69023
15.14958
15.30864
15.44439
15.70932
16.46791
17.25974
16.82174
16.94086
16.56616
16.16072
16.12699
16.67130
16.67063
17.15714
17.41967
16.99924
16.51369
16.24217
16.88322
17.03507
16.54923
15.89840
16.23618
17.11548
17.47980
17.28169
16.86927
16.44126
17.11089
17.94123
17.72247
18.46274
18.77037
17.79237
17.75773
17.89738
17.62369
17.40616
16.96000
16.62040
16.30625
16.50661
17.76995
17.91425
17.23906
18.47255
18.42703
17.53594
16.67951
16.77471
16.77358
16.63597
16.51689
16.22237
17.25788
18.45916
17.64490
17.01964
16.52115
16.41817
16.10263
16.65543
18.08322
18.40342
17.71896
16.96348
16.80088
17.39250
17.42928
17.01009
16.67708
16.41395
16.30224
16.05835
16.01754
15.96394
15.87258
15.74793
15.72685
15.69075
15.59601
15.57986
16.85789
17.85936
17.25882
17.01367
17.43127
18.24236
19.24409
19.58157
19.73229
18.61195
18.04064
18.00136
18.14273
18.91045
19.70099
19.01464
18.75820
19.49104
19.69414
18.39893
18.39814
18.57637
18.08305
17.67787
18.35672
18.81587
18.79064
18.59845
19.02379
18.54641
17.79804
17.54313
17.32192
17.18931
17.02764
16.94607
16.87287
16.76383
17.21637
18.92936
18.82278
19.44000
19.69198
20.12555
19.30063
19.35291
20.36819
21.30008
20.72199
19.88977
20.05172
19.65253
19.15875
18.75200
18.34234
19.43947
19.87346
18.89864
18.41854
18.90051
19.11990
18.93241
19.69606
19.35959
18.55695
18.19899
17.97736
17.77331
17.56586
17.35469
17.08164
17.58845
18.46225
18.18898
18.19108
17.69087
17.63961
17.26331
17.18650
17.54305
17.33696
16.97522
16.80842
16.66881
16.56033
16.46434
16.93844
16.87044
16.99171
17.60805
17.07788
16.77385
16.46783
16.83903
17.53300
17.83333
18.20715
18.73307
18.85645
18.00385
17.38795
16.91007
16.99844
17.94231
18.19213
17.64782
16.98576
16.59918
16.41742
16.29256
16.15647
16.07471
16.01639
15.94025
15.86188
15.79794
15.75689
15.69213
15.71660
16.00696
15.95171
15.77867
15.69043
15.63453
15.54193
15.48265
15.44995
15.42460
15.36621
15.32007
15.27703
15.21865
15.15179
15.11610
15.06492
15.01463
14.98600
15.01249
14.93586
14.85136
14.80026
14.73237
14.68195
14.61184
14.58404
14.74317
14.85137
14.83537
14.74935
14.65906
14.61399
14.52371
14.42234
14.34924
14.25710
14.27980
14.42479
14.36425
14.25222
14.12297
14.02173
13.95414
13.91452
13.86557
13.80428
13.78793
13.75913
13.66136
13.58265
13.49299
13.42372
13.33106
13.40070
13.56069
13.51493
13.37571
13.25911
13.16768
13.07384
13.00864
12.92057
12.88989
12.83018
12.75857
12.67426
12.58611
12.51475
12.42551
12.36303
12.31405
12.23918
12.15190
12.03662
12.03174
12.00930
11.94632
11.86139
11.77026
11.60378
11.59819
11.63451
11.62260
11.51267
11.45751
11.41326
11.43560
11.30338
12.30918
14.07480
15.23981
15.08907
14.59744
14.16787
13.97740
13.72699
13.65902
13.44966
13.47861
13.38162
14.74784
15.82264
15.68899
14.96385
14.69382
14.37369
14.36202
14.49904
15.41674
15.28406
17.40056
18.47746
20.53332
21.93441
24.70664
26.83521
28.94892
27.68584
27.33487
25.02414
26.81876
