37.00613
34.74323
35.78430
34.53090
35.74880
34.85730
35.35519
34.63135
35.13183
34.84960
35.96012
35.50740
35.48217
34.83006
35.55745
37.34581
37.46462
36.56586
36.44616
36.01842
36.02278
35.75700
35.72575
35.32138
35.22333
34.91885
34.87393
34.65525
34.59009
34.37630
34.32199
34.11488
34.04891
33.87631
33.80113
33.64155
33.54827
33.45235
33.71981
33.71391
34.12737
34.50742
34.42201
34.33610
34.11191
33.99167
33.86998
33.79449
33.70038
33.55575
34.20127
35.38777
34.98900
34.95240
34.59484
35.77698
37.40878
36.79648
36.09441
35.87564
35.51681
35.42574
35.11051
36.50945
37.52292
36.84927
36.58912
36.14213
35.96024
35.83406
35.65746
35.54532
35.34748
36.19981
37.23134
36.57134
36.12739
35.71970
35.54775
35.32928
35.21075
35.20378
35.37871
35.13657
34.91291
34.70167
34.57968
34.41885
34.30635
34.18207
34.10336
34.01176
33.95579
33.85113
33.73994
33.59390
33.48884
33.40562
33.30441
33.19444
33.07819
32.97585
32.87024
32.78081
32.66370
32.56975
32.44943
32.38927
32.26843
32.18504
32.04749
31.99588
31.99327
32.13305
32.38366
33.34272
33.28075
32.89515
32.54161
32.46931
32.38362
33.58038
36.10186
38.60004
41.01602
40.97024
40.18606
39.45424
39.13012
40.36544
40.40729
40.50747
40.95162
40.35492
41.57232
42.00417
41.26327
43.00352
44.86117
45.07181
43.69030
43.42157
43.04202
42.53427
42.77278
44.01351
43.59082
43.23055
43.50862
43.14292
43.93113
43.87337
44.08716
45.43031
47.13723
45.96908
44.55970
42.83558
41.78380
41.36893
41.47710
41.05918
41.46914
42.61066
43.44000
45.00836
44.49787
43.59315
43.68014
44.82911
43.49149
42.32565
42.35915
43.09508
44.31568
45.99341
46.10696
43.78155
42.65121
42.74968
42.89295
44.33947
43.90570
43.18616
42.86047
42.44455
41.40478
40.69285
41.82988
44.49220
43.21275
42.74104
41.86614
41.46778
40.27439
40.99203
40.75553
39.80196
39.47161
39.03675
38.81273
38.27057
39.07615
39.42512
38.68518
38.87045
38.44777
39.34666
40.16695
38.34728
36.96634
36.55805
36.90106
37.89324
38.19366
39.57669
38.80911
40.02615
41.32324
41.31586
41.80849
43.06758
43.17763
43.72215
45.59169
47.30796
45.47818
44.25778
45.20148
44.72131
43.45553
43.08104
42.60911
41.20828
43.33850
44.02538
42.96128
42.49396
42.61104
42.12369
41.39305
41.15635
40.76696
40.81622
40.61841
39.88031
38.21610
38.59909
40.08181
39.21341
38.98289
37.48910
37.13226
37.99295
37.94743
38.08718
37.53466
37.49769
37.59726
41.13343
45.91557
48.57695
49.28966
48.38410
47.63075
47.39322
46.38243
45.82483
44.67994
46.02502
49.00310
48.55847
47.69584
49.87354
49.90169
48.01846
46.80797
46.59989
45.95361
45.57697
44.08016
42.99872
42.43767
43.13180
43.64989
42.66050
42.07183
41.75356
41.20799
41.24786
40.31199
41.77326
43.26354
43.79626
43.42462
42.20723
41.94846
41.77612
41.64152
41.13437
41.23102
40.36271
40.81662
41.83738
40.91449
43.05473
44.29808
42.96571
44.68916
44.02376
43.19692
42.57151
42.28970
42.03213
41.72456
41.33383
41.16603
41.52822
41.85237
43.12628
45.03484
46.95793
47.98943
47.98203
47.29793
48.69277
47.67265
45.90197
45.21809
44.69223
46.48704
47.27230
46.17914
45.02837
44.28255
43.99972
43.08867
42.34231
42.09600
42.11085
42.74905
42.51908
42.44496
42.10617
41.69132
41.39153
41.07922
40.87800
40.70361
40.53578
40.30903
40.39274
40.17030
40.19940
40.23930
39.99254
39.81125
39.53807
39.11263
38.85358
38.77380
38.53399
38.27982
38.14505
37.97982
37.99246
38.12310
38.11396
37.81083
37.78638
37.69766
38.23624
39.48000
39.01591
38.40941
37.97242
37.79178
37.60752
37.54030
37.45780
37.36708
37.13935
37.00970
36.84102
36.73996
36.57078
36.59500
36.65281
36.47188
36.23260
36.05695
35.88564
35.77705
35.61792
35.53954
35.44275
35.70654
36.17512
35.89080
35.56021
35.43914
35.25889
35.13398
35.02350
34.87367
34.76388
34.66850
34.55251
34.44037
34.32630
34.20114
34.08944
33.97186
33.84858
33.72296
33.60054
33.46078
33.34269
33.21700
33.32322
33.36265
33.23124
32.98265
32.77645
32.71375
32.71106
32.62794
32.50448
32.40484
32.30458
32.19713
32.08155
31.98898
31.86342
31.74016
31.66337
31.58815
31.54899
31.47422
31.39219
31.31053
31.21381
31.08163
30.97753
30.85826
30.75106
30.63316
30.54757
30.49349
30.42756
30.40965
30.39218
30.23850
30.05077
29.97785
29.86133
29.74107
29.61377
29.58438
29.56434
29.46762
29.36995
29.28951
29.16339
29.05690
28.95975
28.85155
28.76088
28.70649
28.75481
28.77621
28.67264
28.76679
28.86863
28.79390
28.66248
28.57579
28.44026
28.53120
28.89397
29.39473
29.86782
29.65803
29.40329
29.26482
29.10895
29.02370
28.98957
28.89554
28.80048
28.74522
28.70848
28.59057
28.48828
28.40753
28.33508
28.27236
28.22072
28.22102
28.50324
28.57067
28.58392
28.65284
28.57102
28.41134
28.26126
28.26775
28.41569
28.80926
28.90334
28.72751
28.62250
28.50849
28.44559
28.36935
28.32318
28.32441
28.30580
28.32425
28.31760
28.24684
28.28365
28.40554
28.67420
28.60580
28.39188
28.38812
28.34643
28.31170
28.28844
28.29947
28.12777
28.09286
28.12433
28.60739
29.46265
30.76480
31.38359
31.07538
30.61612
30.43586
30.07685
30.72634
32.25643
32.19879
32.10327
31.97465
31.87178
31.72832
31.41409
31.19290
31.40248
31.07895
31.34092
31.21407
31.27326
31.36911
31.34990
31.26434
31.57156
31.66769
31.86171
31.88241
31.71133
31.63441
31.43218
31.37008
31.45370
31.25200
31.12816
31.04420
30.85838
30.85649
30.75414
31.00937
31.18659
31.06633
30.96794
30.70237
30.51000
30.52279
30.73251
30.93418
31.51764
31.85926
31.42245
31.79146
31.61343
33.29092
34.88445
34.59789
35.45009
36.93559
37.78886
37.03612
36.24014
35.80390
35.42139
35.65960
37.29719
37.31353
36.41437
36.01624
35.53056
35.85943
36.48404
36.99467
38.21700
37.78799
37.56066
37.02226
36.59059
36.45266
36.34297
36.19369
36.42723
36.69808
36.29220
37.68673
38.39950
38.27939
39.53577
38.62370
38.09876
37.70015
37.53202
37.42014
37.58964
37.97776
37.77064
37.42153
37.58070
37.65583
37.23286
37.07543
36.77371
36.78103
36.52570
36.50132
36.24533
37.66450
37.66754
39.41575
41.83529
40.16525
39.23209
38.54654
38.28563
38.00362
38.08329
38.08545
38.29407
39.08537
40.58619
41.18835
40.32086
39.83926
39.28155
39.11905
39.06997
41.34162
41.51514
40.79643
41.62121
42.09091
41.36242
40.36783
40.08462
39.89643
40.03284
39.41462
38.66855
39.08330
39.79737
39.69001
39.82012
39.88571
41.40931
43.38730
42.06452
41.63253
41.80713
41.21139
40.97003
40.61550
40.55250
40.41641
40.30279
39.81978
40.41548
42.73185
41.99492
41.07652
40.63532
40.36467
40.05769
39.87252
39.15989
38.82251
39.29198
38.86268
38.92774
39.63905
38.96704
37.83239
37.98825
38.21867
37.91918
41.22605
41.94502
42.03462
42.10323
41.23635
40.96348
40.33410
41.17733
43.41386
44.20015
45.17865
43.91960
44.14876
43.52606
42.90234
42.28767
41.92601
41.49732
41.93405
43.53311
42.96759
42.16846
42.37913
43.17658
43.95363
44.66925
43.24775
42.47996
41.92296
41.73015
41.29826
41.15032
41.02175
40.92186
40.80516
40.62198
40.60504
40.46709
40.25529
40.01300
39.74630
39.71769
39.60400
39.73993
39.43336
40.34936
42.68784
42.29600
41.41721
40.93158
40.63597
40.42045
40.20071
40.09992
39.88732
40.29389
40.89572
40.50966
40.13139
39.87523
39.68235
39.50722
39.32984
39.21122
39.06705
38.98056
38.77505
39.00157
39.74857
39.64436
39.07389
38.70862
38.55478
38.31766
38.28606
38.67311
38.65729
38.35226
38.19738
37.94258
37.83396
37.69673
37.52930
37.39547
37.39311
37.26302
37.09635
36.95256
36.79277
36.64160
36.50329
36.37914
36.24020
36.09102
35.97494
35.81620
35.69211
35.57919
35.50817
35.41594
35.29898
35.11768
35.69913
36.88207
37.05228
36.68840
36.52393
36.06770
35.39404
35.96339
37.09981
38.12366
39.60108
40.10221
41.80152
41.46796
40.39813
39.80197
39.17112
39.00126
38.66268
38.49961
38.26122
37.96098
37.23567
37.49087
37.60024
37.37995
36.99747
36.90520
37.32188
37.54510
37.23188
37.01332
36.90316
36.60963
36.39175
36.02956
35.81510
35.62579
35.44172
35.25090
35.13057
34.80624
34.73890
34.54883
35.24903
35.16891
35.38539
35.13304
36.12656
37.63887
37.54463
37.01508
36.76723
36.34849
36.27099
36.45572
39.44582
40.50814
40.14899
39.36887
39.26338
38.25565
38.38373
37.47090
38.11674
37.43488
37.68540
36.53598
37.13145
36.29727
39.55581
37.86697
