17.42446
16.02383
16.71958
15.59436
15.69942
15.38898
15.87794
15.26242
15.36056
14.96302
15.18454
15.08077
15.40943
15.08536
15.10779
14.87476
14.96920
14.78598
14.86451
14.72968
14.80830
14.68284
14.74950
14.61596
14.73306
14.63492
14.75372
14.85190
14.82228
14.66500
14.64061
14.57105
14.55215
14.49608
14.49457
14.48052
14.47073
14.42931
14.45609
14.44169
14.40372
14.37727
14.33888
14.31581
14.30021
14.35113
14.35612
14.35385
14.32213
14.26719
14.22791
14.20152
14.17210
14.16442
14.17241
14.15775
14.12377
14.10126
14.05488
14.11996
14.17903
14.10968
14.04920
14.01803
14.09176
14.19291
14.10073
14.31301
14.65527
14.52391
14.34710
14.23855
14.16486
14.12794
14.12424
14.06634
13.99864
13.95525
13.90304
13.91984
14.04587
14.08425
14.02674
14.00093
14.02685
13.96127
13.91300
13.85143
13.80880
13.75682
13.72814
13.69920
13.73767
13.77216
13.75062
13.72113
13.65865
13.60165
13.55667
13.52185
13.48121
13.45267
13.40657
13.37509
13.33533
13.30367
13.27537
13.28619
13.51501
13.69381
13.55872
13.46569
13.35563
13.34459
13.39046
14.08361
14.82845
15.84986
17.00978
17.56731
17.21376
17.93382
17.71069
17.80289
18.68233
19.15609
19.45232
19.29896
19.56695
19.52362
19.70356
19.45532
19.81389
19.09193
18.97054
20.19046
19.62635
18.91574
19.58909
19.69646
18.68102
18.32039
17.97776
18.99428
19.55138
18.67912
18.39074
18.09510
18.02224
17.95553
18.09713
18.46318
18.34778
17.92025
17.76765
18.25606
19.24185
19.51748
18.39478
18.69820
19.00420
18.25277
17.85746
17.56196
17.55083
17.56150
17.45842
17.40217
17.38997
17.13273
17.02877
16.97811
16.89396
16.97003
17.34718
17.25472
17.09340
16.98321
17.39501
18.86270
19.54559
19.36550
18.35508
17.74156
17.39916
17.23423
17.10225
17.90544
17.63863
17.34743
17.23254
16.74130
16.80156
16.84735
16.84695
16.70557
16.82478
17.47870
18.45304
18.22003
17.55202
17.11703
16.89682
16.79057
16.75989
16.74210
17.69178
18.01572
17.55015
17.37924
17.42463
17.51049
17.15820
17.14458
16.95696
17.15647
18.62655
18.81938
17.99419
17.17451
17.25276
17.23550
17.57885
18.27477
17.64159
17.28223
17.06563
17.12428
17.04407
16.92696
16.83041
16.75185
16.72548
16.77778
17.03477
16.92313
16.83945
16.67706
17.12564
17.50991
17.33475
17.69721
17.33687
17.42795
17.06053
16.77656
17.24034
17.70265
17.39858
17.90269
18.97588
19.50485
19.39608
18.29071
17.68077
17.49756
17.22079
17.49643
17.83066
17.27043
17.30396
17.52871
17.58848
17.78950
17.82986
18.56447
18.22689
17.76012
17.77349
17.49728
17.36416
17.24354
17.13330
17.30123
17.53473
18.31939
18.40913
17.85719
17.45056
17.37539
18.35833
18.55404
18.13825
18.01908
17.79102
17.47900
17.50537
17.49248
18.32837
18.34910
18.48316
18.32177
18.04149
17.93710
17.56551
17.66527
18.31318
19.06421
18.48052
18.83529
19.23224
18.72053
19.13598
18.53140
18.79210
19.00415
18.82270
18.62398
18.42983
18.22508
18.03254
18.02498
18.22468
18.33433
18.08937
17.96655
17.94555
18.19149
18.07351
17.97428
17.99544
18.01904
17.92373
17.83250
17.90566
18.17226
18.05343
18.50550
19.21230
18.57462
18.34465
18.23780
19.11037
19.88387
19.11967
18.74164
18.76733
19.24152
19.15653
18.58638
18.23836
18.12949
18.33829
19.09992
19.23903
19.60522
19.78067
18.79717
18.17725
18.12126
18.00195
17.81745
17.90655
18.19440
18.19581
19.36095
19.07652
18.89282
19.29058
18.88029
18.38032
18.11366
18.37336
19.55788
19.35697
19.12358
19.10976
18.55462
18.32855
18.13651
17.91384
17.84957
17.85132
18.08030
18.11320
19.80693
20.47015
19.61587
19.24386
18.80849
18.75857
18.70108
18.79737
19.65761
20.53669
20.32131
19.79307
19.33879
19.07423
19.00333
19.51152
19.33905
19.32055
19.06065
18.97659
18.88319
18.90082
19.42625
19.49666
19.21493
19.11174
19.01737
18.94075
18.68780
18.84096
19.22279
19.15480
19.01409
18.64306
18.50811
18.81308
19.03595
19.74032
20.38738
20.38326
20.74770
21.14461
20.34141
20.38882
20.71007
20.10173
19.91922
20.08549
20.39845
20.15877
19.84884
19.50862
19.80892
19.64494
19.68896
19.88771
19.91851
19.78797
19.56578
19.29682
19.01078
19.42611
19.35624
19.35514
19.38965
19.46305
19.27579
20.62953
20.66037
19.84611
19.71206
20.07598
19.97154
19.36016
20.64742
21.27726
19.94476
19.67092
19.74406
19.86900
21.42557
20.84615
19.91965
19.52130
19.33762
19.17288
19.10886
19.56158
19.81599
19.71098
19.63532
19.59130
19.64852
19.52749
19.51879
19.48936
19.45028
19.44784
19.48068
19.54693
19.62892
19.76560
19.53138
19.77560
19.70854
19.91306
20.90788
20.55922
20.02146
20.05117
20.29658
19.94499
19.81860
19.73819
19.29963
19.35497
19.50300
21.30455
21.45458
20.99701
21.02160
19.98279
20.18932
20.18729
20.61262
22.27865
21.99142
21.64025
21.41343
20.86758
20.43915
20.21985
20.57031
20.86666
20.81563
20.32150
19.74680
20.10585
20.21042
20.54756
20.21082
20.29442
20.33888
20.49484
20.14810
19.79248
19.73900
19.80945
20.29164
20.80629
20.96033
20.12752
20.11061
20.05875
19.65938
19.61396
19.58896
19.59431
19.52423
19.68910
19.41068
19.58795
21.37190
22.38506
22.27904
20.80342
20.40068
20.43626
20.38019
20.45069
20.14320
19.87900
19.63715
19.47744
19.35048
19.19987
19.15344
19.06415
19.01384
19.07492
19.33896
19.25870
19.40724
19.29438
20.52282
20.42042
21.13171
23.19408
22.06637
21.17542
20.76157
20.46934
20.32839
20.24775
19.98521
19.99689
19.85152
19.65206
19.83882
19.98908
19.93410
21.76424
22.56092
21.88420
21.06693
21.15431
21.79729
21.12011
20.70774
20.42724
20.33114
20.97135
21.36871
21.23204
21.78467
21.43371
20.96626
20.33920
20.67685
20.73133
20.78394
20.68338
21.75403
23.97066
23.47840
23.06727
22.55980
22.01622
21.38140
21.34293
21.29594
21.17689
20.92599
20.86259
20.79113
20.74135
20.70170
21.27284
21.27468
21.75159
21.74827
21.37025
20.83172
22.06995
22.24451
21.60578
21.53889
20.99704
21.51812
22.19501
21.91703
21.64036
22.02746
22.34361
23.21732
23.09001
22.78017
22.18487
21.80434
21.54759
21.27262
21.18164
21.07543
21.10214
21.12185
20.79444
20.77711
21.10664
21.69046
21.60875
21.23458
20.84501
20.74197
20.81343
21.16650
21.64190
23.46604
23.76719
22.86313
22.35951
22.03098
21.78077
21.67116
21.62662
22.04661
21.85497
21.66051
21.61236
22.33863
22.31445
21.91690
21.49107
21.35198
21.19848
21.16218
20.89203
21.09897
21.05438
21.13286
21.00052
20.72075
21.07275
21.06818
21.27690
21.28410
21.07562
21.30789
22.61102
22.65949
22.20158
21.82404
21.49313
21.67237
21.67704
21.70340
21.97775
21.77089
21.59629
21.67404
22.98484
24.34545
23.76252
23.04349
23.51552
23.04228
21.89070
22.07100
21.94738
21.59452
21.67292
21.39748
21.33811
22.72510
22.83717
22.06648
21.50372
21.32624
22.01217
21.83766
21.51819
22.72233
23.12568
25.20225
24.80503
24.06833
23.25392
23.18342
22.99243
22.53196
22.53853
22.81749
22.90006
22.81370
22.63799
22.63000
23.07201
22.80672
22.56892
22.38958
22.33129
22.28200
22.29509
22.40018
22.39817
22.22467
22.48969
22.55453
22.42883
22.35043
22.25146
22.18625
22.16731
22.15860
22.31150
22.29684
22.43627
22.44078
22.28277
22.20333
22.11389
22.07451
22.05096
22.03427
21.99992
22.01117
22.01709
22.03048
22.18576
22.13902
22.03455
21.98428
21.94304
21.88385
21.85594
21.80888
21.78952
21.77796
21.75808
21.70814
21.67341
21.93852
22.73198
22.47221
22.52935
23.05928
23.11325
22.84056
22.55621
22.31034
23.62510
24.62799
23.89940
23.39174
22.99315
22.80039
22.60645
22.52092
22.57416
22.93393
22.73488
22.53094
22.37628
22.31078
22.19259
22.16178
22.08915
22.07371
22.01969
22.04480
21.95672
21.96048
21.82766
22.59291
23.74808
23.38157
22.85436
22.51684
22.39923
22.30561
22.22978
22.13905
22.13811
22.12216
22.06794
21.98696
21.93069
21.88558
21.86448
21.83036
21.78579
21.74746
21.72383
21.68157
21.67860
21.66465
21.66658
21.59779
21.62819
21.51641
21.89520
23.19572
23.21789
23.02722
22.78240
22.45227
22.27533
22.14358
22.07512
22.00297
22.02468
22.03884
22.19461
22.60828
22.44163
22.23724
22.08073
22.00436
21.98789
21.98803
21.92196
21.89442
21.86521
21.82038
21.77642
21.73542
21.69054
21.65373
21.61972
21.58982
21.55973
21.54734
21.53526
21.51098
21.49011
21.47953
21.44819
21.41196
21.39770
21.37249
21.35932
21.32389
21.33923
21.33193
21.31543
21.32202
21.35183
21.28464
21.30305
21.24700
21.22149
21.16795
21.18428
21.13776
21.17197
21.09827
21.16411
21.09822
21.12209
21.01826
21.05330
21.00765
21.19042
21.07835
21.12041
20.96193
21.10822
20.97642
21.08510
20.97324
21.15729
20.92990
21.14394
20.89206
21.09865
20.76481
21.11392
20.65605
21.10155
20.48003
21.26946
