11.31648
10.65332
11.05349
10.55648
10.78624
10.42248
10.59624
10.32582
10.46772
10.25936
10.39077
10.25249
10.38460
10.25742
10.33523
10.20756
10.26050
10.16771
10.23431
10.16211
10.23179
10.17811
10.20828
10.14037
10.19197
10.16751
10.19713
10.14373
10.14047
10.08205
10.07674
10.03473
10.03117
10.00230
10.01691
10.07435
10.19964
10.24942
10.26942
10.22872
10.19131
10.13764
10.09806
10.06040
10.02985
9.99280
9.96543
9.93641
9.90596
9.88559
9.87107
9.85515
9.83792
9.82104
9.80065
9.77885
9.76407
9.76207
9.76242
9.75086
9.73497
9.71274
9.69176
9.67283
9.65538
9.63444
9.61497
9.59947
9.60457
9.64286
9.68290
9.69810
9.69771
9.70735
9.74509
9.77535
9.77983
9.76784
9.73953
9.69959
9.66038
9.62615
9.59626
9.57048
9.54317
9.52094
9.50124
9.47947
9.45733
9.43984
9.42082
9.39692
9.37854
9.35827
9.34724
9.34717
9.33848
9.32133
9.29949
9.27724
9.25565
9.23746
9.22809
9.22293
9.22566
9.21473
9.19686
9.17269
9.14955
9.12443
9.10426
9.07925
9.05749
9.03413
9.02251
9.03011
9.04679
9.04889
9.04134
9.01663
8.99297
8.96011
8.93674
8.90730
8.88841
8.85825
8.85868
8.85986
8.86571
8.83043
8.79339
8.94678
9.10968
9.23869
9.56439
9.99678
10.64754
10.91361
10.87888
11.06399
11.17278
11.31871
11.35685
11.34665
11.23616
11.11080
10.95296
10.84834
10.87045
11.04865
11.14434
11.17670
11.11881
11.03237
10.89632
10.81389
10.66925
10.64968
10.92077
10.98502
11.22417
11.29241
11.26237
11.10039
10.99207
10.86376
10.78073
10.68750
10.57641
10.49063
10.44726
10.41351
10.41375
10.41489
10.40104
10.42567
10.44868
10.39611
10.37667
10.36304
10.41226
10.29913
10.39579
10.33429
10.21307
10.15705
10.26226
10.27967
10.32563
10.08016
10.25246
10.53752
10.45649
10.41909
10.58904
11.07853
11.33351
11.39326
11.55871
11.77410
11.86166
11.75751
11.55085
11.44520
11.56113
11.61454
11.65540
11.49167
11.48851
10.87238
10.37903
10.69913
10.80686
10.85821
10.94835
11.21086
11.26739
11.35585
11.34078
11.38237
11.35922
11.50098
11.78439
12.04685
12.23512
12.31997
12.23542
12.11222
11.95764
11.79115
11.70075
11.68601
11.69907
11.67068
11.70634
11.90828
12.00910
12.02857
12.01520
12.03629
11.89853
11.87468
11.86369
11.80376
11.73460
11.70452
11.80948
11.84084
11.80293
11.86590
12.18326
12.57849
12.73600
12.70033
12.57401
12.48058
12.32785
12.24633
12.21234
12.13682
12.12621
12.25125
12.19934
12.08092
12.09763
12.08796
12.09454
12.06549
12.05633
12.01931
12.15760
11.67711
11.85382
12.41842
12.54913
12.73884
12.73112
12.65932
12.67615
12.75234
13.02485
13.35341
13.75191
13.77047
13.12702
13.01288
13.03291
13.02723
13.14724
13.22396
13.12158
13.09767
13.15692
13.19409
13.15260
13.28659
13.54842
13.40739
13.34945
13.02017
12.91209
12.92889
12.88971
12.88280
12.73384
12.83229
12.92263
12.85800
12.90088
12.73963
12.59845
12.66889
12.91056
12.95727
12.96728
12.83162
12.84073
12.71444
12.60778
12.76733
12.77578
12.41570
12.44476
12.55559
12.44188
12.40309
12.37067
12.39815
12.37290
12.34683
12.53917
12.69655
12.66266
12.63354
12.52299
12.62399
12.63786
12.69655
12.65062
12.63777
12.55919
12.53857
12.53176
12.64963
12.46010
12.37496
12.33973
12.44747
12.49794
12.56067
12.56990
12.59307
12.68329
12.88677
12.94438
13.01388
12.71334
12.60891
12.55135
12.52223
12.73915
12.75933
12.76744
12.76819
12.82815
12.79800
12.82179
12.78153
12.72045
12.68259
12.69846
12.65956
12.61436
12.56676
12.50326
12.38266
12.51391
12.64755
12.46424
12.42420
12.33158
12.42065
12.48442
12.56280
12.71411
12.69667
12.73919
12.70722
12.74080
12.78377
12.80073
12.78822
12.62112
12.40885
12.38257
12.20687
12.21651
12.00756
12.08544
11.99771
12.13691
12.22031
12.26091
12.22505
12.29086
12.35422
12.28483
12.18076
12.05475
12.00980
12.00346
11.91910
11.89833
11.91990
11.94560
11.97061
11.92734
11.92062
11.88246
11.89099
11.87069
11.83434
11.78664
11.74512
11.74813
11.70860
11.68771
11.64419
11.64210
11.53435
11.55779
11.57023
11.52052
11.57035
11.53621
11.54695
11.50695
11.50770
11.48088
11.47061
11.44014
11.41923
11.38955
11.37310
11.29590
11.38723
11.58339
11.51596
11.51990
11.60590
11.78880
11.84994
11.91388
12.05649
12.13047
12.09497
12.03999
12.02235
12.12596
12.21031
12.07142
11.90076
11.87079
11.80391
11.80777
11.77341
11.81370
11.71051
11.53917
11.65621
11.63846
11.58324
11.61233
11.74994
11.62649
11.42230
11.47844
11.50584
11.66815
11.64597
11.49380
11.41100
11.50014
11.57817
11.64584
11.81739
11.64062
11.72081
11.62797
11.61824
11.85389
11.76305
11.89830
11.88000
11.91241
11.78872
11.81994
11.72545
11.83534
11.76953
11.93143
11.14831
10.58776
10.90748
10.97125
11.24549
10.94134
11.07734
11.25692
11.39499
11.31654
11.25757
11.35945
11.56581
11.47877
11.50725
11.48352
11.50521
11.44034
11.42238
11.49384
11.59744
11.63741
11.60509
11.50422
11.49745
11.50515
11.46057
11.43457
11.38006
11.29317
11.33392
11.36667
11.35055
11.35798
11.35810
11.35033
11.26363
11.17336
11.15544
11.27904
11.28370
11.25330
11.27372
11.26576
11.31199
11.35924
11.30969
11.19201
11.17163
11.12731
11.11293
11.10261
10.99776
10.75789
10.79069
10.78856
10.96294
11.07201
11.12974
11.09758
11.11394
11.11091
11.09563
11.13509
11.18145
11.21695
11.24365
11.22126
11.20490
11.17873
11.18057
11.23587
11.33953
11.38195
11.42587
11.44638
11.44711
11.41024
11.37620
11.32608
11.32557
11.30618
11.30294
11.20752
11.24909
11.40745
11.47657
11.52163
11.50474
11.49949
11.48736
11.54787
11.62154
11.65618
11.64296
11.67113
11.69024
11.70011
11.69242
11.67756
11.66713
11.66588
11.66362
11.66369
11.62673
11.60879
11.61154
11.58261
11.55401
11.54531
11.47443
11.41437
11.37564
11.31769
11.29851
11.31449
11.33728
11.34279
11.36740
11.39215
11.38830
11.36791
11.42103
11.51604
11.54753
11.54315
11.51781
11.48172
11.40183
11.35115
11.25801
11.21510
11.22127
11.24696
11.21042
11.18680
11.16081
11.17618
11.09690
11.03887
11.07205
11.02021
11.29812
11.40444
11.60308
11.59835
11.72090
11.81376
11.75234
11.82052
11.79814
11.89141
11.92236
11.91404
11.99097
12.04407
12.03074
11.97908
11.89595
11.83553
11.77433
11.75456
11.71455
11.74865
11.79739
11.88103
12.08173
12.06089
12.09666
12.08266
12.15512
12.18085
11.96379
11.79150
11.95111
12.30432
12.45124
12.40130
12.12846
12.32730
12.27537
12.23186
12.12199
12.08965
12.05024
11.97351
11.99043
12.03256
12.06212
12.19326
12.21864
12.10161
12.07447
12.00853
12.00973
12.01315
11.90066
11.92845
12.10239
12.18050
12.29491
12.40182
12.42351
12.38046
12.31502
12.23015
12.17183
12.19679
12.15028
12.14639
12.14843
12.33659
12.62315
12.89657
13.07744
13.29992
13.31147
13.14060
13.33064
13.49182
13.34553
13.28050
13.21042
13.20263
13.18162
13.16607
13.23477
13.27118
13.24704
13.22990
13.18817
13.13943
13.08872
13.03104
12.98130
12.94399
12.91156
12.87615
12.84924
12.84042
12.75537
12.77631
12.78152
12.75540
12.77460
12.83236
12.87914
12.87846
12.85443
12.81443
12.76802
12.72664
12.68285
12.64722
12.61515
12.59021
12.56437
12.58302
12.68714
12.74680
12.76076
12.72771
12.67562
12.62222
12.57033
12.52755
12.49129
12.45089
12.41647
12.38300
12.35061
12.32511
12.29483
12.26752
12.24238
12.21385
12.18883
12.16306
12.13607
12.10953
12.08877
12.06381
12.03743
12.01284
11.98948
11.96302
11.92648
11.90116
11.88225
11.86441
11.90036
11.96428
11.99897
12.00390
11.99152
11.97133
11.94564
11.91569
11.88816
11.86561
11.84458
11.81981
11.79616
11.77420
11.74854
11.72315
11.69755
11.67846
11.66474
11.64312
11.62482
11.60753
11.58623
11.55149
11.52603
11.50859
11.49009
11.47070
11.45185
11.43353
11.40790
11.38576
11.36289
11.34174
11.32055
11.29832
11.27701
11.25662
11.23653
11.21785
11.19732
11.18328
11.16008
11.12776
11.10961
11.08984
11.09224
11.09096
11.08643
11.06775
11.05082
11.02201
10.99787
10.96791
10.94868
10.93669
10.92479
10.89267
10.89529
10.87699
11.02092
11.18793
11.28664
11.29178
11.28397
11.21103
11.18914
11.11820
11.10391
11.03370
11.02816
10.96035
10.98375
10.92739
10.95718
10.88422
10.91897
10.82862
10.86932
10.77494
10.83561
10.72565
10.80252
10.66890
10.76585
10.60234
10.73401
10.53699
10.71688
10.46590
10.73525
10.36513
10.78942
