41.95155
39.49070
41.09455
39.57370
40.61548
39.44684
40.17074
39.23921
39.80994
39.06884
39.58234
38.99946
39.36511
38.91642
39.23175
38.81283
38.99404
38.59201
38.85998
38.64674
38.79833
38.58247
38.70599
38.42061
38.48302
38.27584
38.52998
38.41496
38.41715
38.23099
38.23820
38.08112
38.05460
37.90916
37.90347
37.82027
37.85653
37.88063
37.87223
37.74624
37.67992
37.58667
37.53681
37.45935
37.41903
37.36042
37.32725
37.29270
37.31158
37.27099
37.21838
37.16298
37.11336
37.06139
37.06092
37.04234
37.03045
37.04170
37.53913
37.84274
38.00038
38.20625
38.15459
38.01610
37.81635
37.66540
37.52223
37.45720
37.51060
37.56996
37.54060
37.63852
37.82684
37.81497
37.67145
37.54932
37.44500
37.36988
37.25417
37.17909
37.08035
37.11754
37.55946
37.70281
37.55539
37.55964
37.72929
37.68211
37.52875
37.40272
37.29276
37.24737
37.17953
37.09056
37.00488
36.94089
36.87729
36.80948
36.75042
36.70361
36.63117
36.58046
36.53512
36.48237
36.43244
36.64035
36.85096
36.81845
36.82572
36.85651
36.81505
36.72538
36.59037
36.51505
36.41235
36.53391
36.87474
36.90290
36.81763
36.70459
36.64219
36.57176
36.53775
36.54020
36.73000
37.15758
37.87693
38.07218
38.20236
38.53050
38.58759
38.63801
38.73651
39.00093
39.11042
39.05052
39.15038
39.76092
39.99467
40.25211
40.82105
40.81032
40.85122
40.62917
40.36905
40.26220
40.37408
40.71141
40.84082
40.89853
40.78190
40.24816
40.12737
40.17662
40.01356
40.43845
40.24811
40.52090
40.96775
40.57845
40.61776
40.63560
40.53340
40.54966
40.62204
40.58111
40.48345
40.70531
40.88220
40.41205
40.05896
39.83626
39.97032
40.28860
40.49320
40.34286
40.52356
40.63939
40.50378
40.68672
40.85075
40.68129
40.47450
40.54707
40.46232
40.26692
39.93721
39.71720
39.79559
39.75539
40.24701
40.97598
40.80013
40.36531
40.43213
40.18291
39.98818
39.79712
40.30188
40.19895
39.76540
39.73006
39.52515
39.39449
39.54363
39.70061
39.73493
39.75344
39.59000
39.66899
39.46883
39.59752
39.30154
39.23562
39.18050
39.13284
38.91105
39.03690
39.19148
39.14204
39.27198
39.17958
39.45815
39.59679
39.83616
40.10790
40.27294
40.86084
40.66755
40.59384
41.40844
41.82201
41.90901
41.73748
41.66867
41.38089
41.30266
41.24452
41.46129
41.48309
41.60013
41.59866
41.52907
41.64450
41.80653
41.93266
41.78574
41.73961
41.86828
41.67370
41.67065
41.87087
41.93295
42.06860
42.27087
41.83409
41.95498
41.99113
41.79920
41.70416
42.03029
42.03027
41.83856
41.29387
41.21446
41.22449
41.12958
40.56609
40.49447
40.98082
40.89803
40.81159
40.83910
40.68834
40.90160
40.72951
40.38233
40.08384
40.34987
40.49453
40.39430
40.03158
40.03293
40.32248
40.34946
40.26056
40.60084
40.70392
40.79784
40.77951
40.88457
40.39313
40.31855
40.18609
40.03230
39.90411
39.64551
39.75319
40.03934
40.22785
40.78256
40.91027
40.84510
40.79244
40.62412
40.43080
40.12466
40.12551
40.01049
39.77114
39.84501
39.55435
39.51705
39.39225
39.38039
40.11538
40.09339
39.90591
40.00093
40.38875
40.59372
40.75339
40.44041
40.31059
40.23187
40.19862
40.03534
39.92347
39.47200
39.52422
39.45303
39.43985
39.33233
39.22503
39.05831
39.21854
38.99616
39.31591
39.25219
39.92499
40.57542
40.43305
40.66390
40.42220
40.61705
40.76081
40.96133
40.96085
40.59905
40.60679
40.80295
40.89768
40.79778
40.71827
40.86918
40.69148
40.53552
40.45206
40.27961
40.28588
40.25690
40.12537
40.09156
40.05446
39.99149
40.06173
40.16650
40.02395
39.96129
39.91482
39.93446
39.78260
39.64259
39.71245
39.96189
39.81863
39.72605
39.72289
40.93702
41.17793
41.48006
41.97875
41.86788
41.70020
41.59410
41.38877
41.16504
41.14401
40.85543
40.69007
40.27079
39.95633
39.94486
40.08715
40.13744
40.10696
40.07387
39.99815
39.90532
39.96549
39.91645
39.99057
39.96851
39.73002
39.49520
39.91335
39.99993
40.11642
40.43710
40.26646
40.22623
40.31013
40.15310
40.21437
40.11218
40.08090
40.06596
40.12818
40.35980
40.28450
39.97996
39.58114
39.81528
39.90546
40.10723
40.04624
40.09739
40.48329
40.84129
40.75858
40.48403
40.41201
40.04249
39.85864
40.28275
40.22194
40.16985
40.02154
39.82528
39.60984
39.53231
39.66485
39.79854
39.67870
39.33211
39.54534
39.46564
39.54940
39.42688
39.52116
39.61325
39.39520
39.18342
40.01838
40.04948
39.95322
41.10658
41.41683
41.46567
41.86394
41.68840
41.75509
41.62205
41.65484
41.43551
41.15202
41.01014
40.93798
41.15741
40.90524
40.66999
40.63015
40.53420
40.48767
40.29766
40.46908
40.60840
40.52783
40.60633
40.45552
40.13901
40.22873
40.44045
40.47211
40.17808
40.09951
40.20595
40.05169
40.04637
39.95401
39.91736
40.03787
40.12139
39.94772
39.95862
39.98558
40.30128
40.32741
40.40974
40.33351
40.24767
40.12890
39.97102
40.06941
40.16311
40.03947
39.78871
39.87070
39.92890
40.17943
40.24905
40.33411
39.92308
39.83428
39.93488
40.03789
40.02662
40.10467
40.23892
40.30218
40.44442
40.21720
40.27937
40.19335
40.37395
41.12609
41.47707
42.13620
42.58492
42.85984
43.08512
43.45382
43.46265
43.42251
43.03290
43.16647
43.16908
43.02026
42.76560
42.73492
42.74280
42.76276
42.83873
42.74357
42.64057
42.68682
42.57913
42.57214
42.57604
42.53187
42.46528
42.41575
42.40630
42.36911
42.37139
42.38225
42.56157
42.48690
42.39667
42.38107
42.28232
42.17797
42.09586
42.16404
42.25371
42.23882
42.03647
41.90351
41.78627
41.81077
42.00741
42.06200
41.99699
41.93454
41.90554
41.87329
41.87760
41.93474
41.96206
41.95481
41.95614
42.07517
42.02228
42.01568
41.96431
42.04320
42.13695
42.06177
42.02098
41.95840
41.90873
41.85681
41.81083
41.73849
41.71582
41.70755
41.63659
41.62816
41.62062
41.97789
42.21552
42.24441
42.27592
42.17983
42.13435
42.10964
42.10925
42.25374
42.33881
42.21023
42.03326
41.96236
41.91426
41.90038
41.87082
41.82207
41.76669
41.70219
41.66024
41.61673
41.59306
41.52267
41.55196
41.61991
41.73494
41.78340
41.92450
41.96940
42.00695
42.06347
42.03981
42.04407
42.14863
42.13742
42.10120
42.03452
41.99657
41.94118
41.90639
41.81057
41.77342
41.76311
41.85390
42.04302
41.96060
41.86446
41.80573
41.74712
41.67052
41.56248
41.72092
42.03155
42.11608
42.16331
42.06558
41.94298
42.00026
42.17838
42.14266
42.24788
42.20659
42.10139
42.00971
41.95190
41.84771
41.76197
41.68401
41.61520
41.54571
41.47947
41.44321
41.42674
41.37959
41.31079
41.28155
41.29173
41.28092
41.58086
41.85174
41.76117
41.63767
41.85935
42.20003
42.08725
41.90335
41.74220
41.66929
41.60759
41.57763
41.54355
41.47612
41.40143
41.29547
41.23556
41.21733
41.17073
41.31022
41.40126
41.35796
41.30055
41.32411
41.34953
41.38545
41.45148
41.42786
41.31904
41.23795
41.15944
41.06676
41.01905
41.00810
40.95593
40.89820
40.85200
40.82034
40.79695
40.74389
40.73211
40.85833
40.98456
40.94769
40.86527
40.89532
41.13685
41.34303
41.44869
41.71929
42.34235
42.42021
42.23554
42.02977
41.85831
41.71871
41.60789
41.51467
41.48204
41.43630
41.37843
41.33750
41.34790
41.33837
41.27502
41.20906
41.14970
41.08955
41.03207
40.95693
40.90324
40.86494
40.98501
41.19972
41.57425
41.68664
41.90493
42.17621
42.31245
42.26378
42.06977
41.93718
41.81380
41.72799
41.63522
41.55419
41.45958
41.37465
41.28186
41.21130
41.11344
41.02616
41.00861
41.04120
41.01174
40.98349
40.97777
41.00224
40.97942
40.94369
40.99100
40.96333
40.94942
40.93286
40.88829
40.83052
40.77636
40.72734
40.63494
40.60891
40.66636
40.69426
40.69417
40.78011
40.84384
40.79786
40.78357
40.71310
40.62334
40.55579
40.48925
40.39572
40.38723
40.57653
40.58990
40.55651
40.63611
40.74643
40.72696
40.67419
40.56428
40.66717
40.77357
40.72221
40.70849
40.78644
40.86507
40.90445
40.95719
40.89380
40.76583
40.65776
40.64910
40.58642
40.53489
40.48483
40.42961
40.36676
40.30425
40.24396
40.18531
40.12096
40.07424
40.01402
39.99480
40.06765
40.07800
40.04331
40.00965
39.96049
39.91798
39.90171
39.87649
39.84086
39.80842
39.80749
40.02451
40.47766
40.68026
40.63093
40.49107
40.39783
40.34162
40.52369
40.77173
40.89760
40.88630
41.04997
41.06558
40.97062
40.90057
41.01494
40.93555
40.88981
40.81189
40.89386
40.79609
40.72241
40.70515
40.91703
40.77747
40.82494
40.61572
40.64582
40.41422
40.46006
40.19510
40.24427
40.07324
40.50794
40.26236
40.43557
40.07165
40.37837
40.00772
40.34690
39.78697
40.28655
39.62504
40.38363
39.42569
40.60033
