20.72848
19.84681
20.78961
20.13752
20.69294
20.17015
20.55928
20.06811
20.16324
19.66110
19.74604
19.53058
19.68674
19.35331
19.37427
19.05276
19.04989
18.83149
19.09260
19.11558
19.21228
19.04610
19.01903
18.90075
19.10185
19.30407
19.53627
19.64031
19.79144
19.73353
19.66677
19.48261
19.35669
19.62283
20.10721
20.18016
20.25495
20.12457
19.93046
19.75150
19.74365
19.64891
19.62238
19.87231
19.98550
19.91779
19.79558
19.61804
19.45317
19.28634
19.16570
19.05336
19.27425
20.07748
20.51048
20.46961
20.24682
19.96206
19.69968
19.47158
19.30164
19.17502
19.09185
19.02508
19.00083
19.02042
19.07655
19.07605
19.03236
18.98149
19.00092
19.04819
19.11401
19.22023
19.23771
19.18005
19.11328
19.05802
19.06606
19.22175
19.29344
19.56320
19.93765
19.97729
19.88945
19.72867
19.68567
19.82234
19.88824
19.76509
19.60683
19.43945
19.74568
20.27294
20.36732
20.21729
19.93975
19.68110
19.44715
19.38237
19.53062
19.58672
19.50007
19.41557
19.39258
19.38489
19.33786
19.37605
19.39988
19.34920
19.24320
19.13508
19.04307
19.16436
19.49037
19.62397
19.59511
19.56507
19.55151
19.54021
19.50228
19.46494
19.40767
19.31240
19.21910
19.14446
19.07023
19.00820
18.95531
18.90499
18.85752
18.79679
19.17868
20.32806
20.82946
21.22593
21.52419
21.90882
22.39235
22.64907
22.66625
22.82723
23.31156
23.51441
23.61214
24.14164
24.38699
24.22108
23.83424
23.41116
23.13882
22.92764
22.74705
22.49737
22.26062
22.00532
21.83832
21.68268
21.73743
21.95724
21.97865
22.00032
22.03894
21.99938
22.23304
22.73466
22.90742
23.02584
23.33907
23.48551
23.46062
23.40114
23.16221
22.87711
22.58915
22.55342
22.48118
22.71077
23.44502
23.71840
23.65995
23.43863
23.19107
22.81922
22.87204
22.97108
22.83857
22.61471
22.31005
22.11132
22.07319
21.97799
21.81167
21.59971
21.47334
21.44989
21.36865
21.34898
21.36011
21.34628
21.36533
21.47711
21.48777
21.53207
21.51987
21.37032
21.33573
21.17412
21.19687
21.62081
21.80934
21.74786
21.57247
21.53840
21.60683
21.53836
21.67703
21.77236
21.70326
21.65985
21.68056
21.71062
21.64187
21.43020
21.32308
21.19787
21.09704
21.22330
21.49877
21.52467
21.47707
21.35456
21.55049
21.69046
21.76045
21.90797
21.98414
22.40719
22.83878
22.79754
22.53916
22.30917
22.00632
21.64639
21.27308
20.98068
20.79400
20.64893
20.79368
20.99068
21.02661
20.99352
20.95464
20.85054
20.88324
20.90895
21.10600
21.31532
21.38744
21.42084
21.36015
21.30510
21.23026
21.18275
21.09868
21.13474
21.28279
21.50333
21.69368
21.69734
21.56837
21.41762
21.24049
21.11197
20.97719
21.11926
21.27980
21.33076
21.35733
21.45392
21.49122
21.35019
21.15468
21.06014
21.03534
21.07830
21.06674
20.99542
20.97241
21.03656
21.03792
21.25079
21.35680
21.50963
21.83122
21.80173
21.73974
21.69497
21.60905
21.77371
22.29501
22.37688
22.27052
22.01049
21.76591
21.50905
21.49536
21.54787
21.73335
22.29813
22.72980
22.68655
22.58463
22.43958
22.96811
23.56993
23.71804
23.63966
23.33193
23.21071
23.58133
24.11664
24.26904
24.01752
23.57966
23.45824
23.70362
23.75222
23.71636
23.70986
23.62419
23.37600
23.17042
23.01723
22.97312
23.04255
23.66774
23.90495
23.88437
23.86652
23.58739
23.29104
22.96870
22.74315
22.55138
22.44150
22.37079
22.38912
22.38356
22.37287
22.25777
22.24836
22.38343
22.45508
22.42396
22.41871
22.48793
22.55457
22.92233
22.93339
22.66578
22.84929
22.80749
22.76328
22.70455
22.68423
22.72367
22.67551
22.60122
22.56885
22.52257
22.46958
22.44007
22.60270
22.80034
22.75821
22.80118
23.04504
23.17677
23.19493
23.14636
23.06888
22.92326
22.73441
22.53701
22.36422
22.25873
22.39008
22.48439
22.43009
22.31972
22.18284
22.07254
21.99088
21.96707
21.95035
21.92936
21.91304
21.96662
21.97555
22.04792
22.04089
22.01485
22.37326
22.64274
22.65802
22.64679
22.64101
22.69772
22.70897
22.59120
22.42518
22.28121
22.20180
22.19772
22.19395
22.11428
22.03583
22.09838
22.35781
22.46759
22.55623
22.53113
22.63531
22.72986
22.72801
22.61254
22.79645
23.23902
23.38418
23.27455
23.09906
22.81819
22.60413
22.62210
22.82204
23.32382
23.58262
23.63848
23.58936
23.42528
23.20716
22.98168
22.78962
22.67116
22.59867
22.48515
22.42709
22.54250
22.68153
22.76100
22.84221
22.83233
22.77582
22.67789
22.62110
22.57403
23.09507
23.78642
23.81192
23.64028
23.37533
23.06987
22.79063
22.66368
22.53052
22.46587
22.47074
22.51865
22.69092
22.74695
22.95174
23.35685
23.48116
23.41681
23.25598
23.05555
22.87974
22.72889
22.72599
22.87798
22.85452
22.72781
22.61832
22.71373
23.00177
23.24721
23.13698
23.13601
23.27709
23.21437
23.07718
23.22311
23.50732
23.69587
23.70720
23.56424
23.39925
23.22998
23.13126
23.02109
22.94947
22.89299
22.81474
22.73785
22.68549
22.65652
22.56169
22.53350
22.60728
22.68687
23.16033
24.02896
24.28985
24.18252
23.93075
23.65846
23.50480
23.40281
23.24730
23.20808
23.16159
22.98197
22.89145
22.80416
22.74468
22.69563
22.67404
22.69553
22.73187
22.72229
22.72177
22.72005
22.72133
22.70268
22.72824
22.73961
22.66400
22.50163
22.66021
23.27622
23.61785
23.62501
23.52303
23.34944
23.18363
23.05316
22.97778
23.04289
23.36610
23.53412
23.54759
23.32983
23.30389
23.59182
23.70014
23.63010
23.52120
23.47714
23.39103
23.29115
23.22529
23.12525
23.12826
23.54672
23.89589
23.99337
23.92275
23.74301
23.57246
23.42155
23.28005
23.14768
23.09611
23.20616
23.35470
23.34929
23.62606
23.99137
24.03107
23.90710
23.74008
23.59074
23.71609
24.05199
24.10856
24.02486
23.84307
23.64889
23.51457
23.38584
23.30461
23.55755
23.71341
23.78768
24.04662
24.21156
24.27656
24.28114
24.20772
24.06813
23.90185
23.78821
23.68734
23.58853
23.48896
23.55007
23.59849
23.80486
24.04833
24.10883
24.03043
23.93357
24.23064
24.91925
25.39623
25.66674
25.70626
25.48079
25.26021
25.10285
24.71252
24.56343
24.64997
24.56066
24.44205
24.37603
24.28402
24.19536
24.22443
24.41503
24.56383
25.00954
25.68032
25.87432
25.81240
25.64875
25.55870
25.57237
25.54845
25.38708
25.21824
25.14292
25.63855
26.23787
26.28817
26.19934
26.43663
27.02708
27.32636
27.27640
27.11394
27.30308
27.44630
27.41041
27.18413
27.05743
27.11027
26.89001
27.05655
27.34529
27.29972
27.09196
26.83699
27.10121
27.47359
27.55579
27.47432
27.62587
27.97442
28.12050
28.10120
28.19298
28.46869
28.78020
28.87897
28.78345
28.60183
28.58015
28.35901
27.99285
27.83142
27.92253
28.54734
28.84598
28.69413
28.19906
27.77140
27.75727
27.90463
27.75532
27.51395
27.39027
27.63542
27.58891
27.46825
27.34032
27.45171
27.76311
27.63725
27.45738
27.81571
28.49169
28.73972
28.83762
29.01001
29.14460
29.25285
29.43534
29.14157
28.88925
28.68179
28.54878
28.39581
28.48990
28.66494
28.52500
28.07955
27.73944
27.58590
27.59924
27.64402
27.61600
27.49101
27.19193
26.97914
27.06126
27.15255
27.17761
27.19884
27.21537
27.22825
27.29520
27.06298
26.84763
26.95484
27.10715
27.17639
27.14013
27.07207
26.86103
26.81197
26.83428
26.93594
26.98992
27.16765
27.34264
27.38076
27.29684
27.33789
27.30672
27.62875
28.23014
28.36710
28.12787
27.80779
27.44546
27.28852
27.49320
27.53893
27.29357
27.01008
26.81073
26.83636
26.86235
26.75648
26.60102
26.47448
26.29069
26.36002
26.41960
26.45870
26.42366
26.51141
26.59456
26.51645
26.60214
26.71925
26.81819
26.75526
26.67715
26.55480
26.50044
26.43993
26.42528
26.40673
26.31077
26.33107
26.48384
26.54776
26.62578
26.70490
26.76460
26.74059
26.65936
26.60047
26.58708
26.53559
26.46974
26.38370
26.30511
26.24928
26.21457
26.20498
26.23052
26.23120
26.28835
26.32788
26.31227
26.26143
26.21497
26.16630
26.21171
26.34008
26.55518
26.74303
26.71139
26.60862
26.47950
26.36633
26.26494
26.19380
26.26742
26.48354
26.54142
26.47306
26.39577
26.38849
26.33651
26.26754
26.19096
26.12537
26.05705
26.12926
26.37599
26.52664
26.51001
26.42587
26.31217
26.20094
26.11180
26.07743
26.07307
26.05919
26.01224
26.00950
26.05483
26.07389
26.03266
26.02956
26.05926
26.41969
26.94191
27.02590
26.94863
26.75390
26.52537
26.29079
26.11305
25.99044
25.90249
25.83317
25.86370
25.90051
25.86050
25.85304
25.91401
25.90713
25.98483
26.08864
26.26864
26.29376
26.15940
25.97124
25.77807
25.65263
25.68139
25.75590
25.72833
25.67084
25.61999
25.56105
25.50963
25.44193
25.35315
25.35280
25.39075
25.54765
25.69171
25.72359
25.71064
25.68263
25.63906
25.57373
25.53622
25.44422
25.44987
25.46823
25.45541
25.46725
25.46238
25.48832
25.53632
25.56381
25.53804
25.52545
25.46576
25.53575
