36.46984
34.87520
37.38111
36.30661
36.46388
35.01113
35.55272
34.79866
35.23345
34.60495
35.01413
34.56073
34.92589
34.47759
34.71108
34.34169
34.88805
34.74456
34.78364
34.50716
34.96488
34.87788
34.70773
34.75624
34.87732
34.47278
34.40824
34.23478
35.07621
35.15636
34.73642
34.73536
34.75072
34.42918
34.34612
34.14040
34.09483
33.95566
34.12188
34.18813
34.07654
33.90595
33.93490
33.98649
33.86392
33.90626
34.58067
34.47981
34.21531
33.90548
34.44260
34.60495
34.95383
35.04103
34.39177
34.06199
33.88905
33.88441
33.73557
33.61760
33.68168
33.67075
33.47569
33.38582
33.28686
33.22569
33.16171
33.29785
33.38249
33.43095
33.38105
33.17391
33.67871
34.02133
34.33318
35.14434
34.71747
34.07552
33.84286
33.91046
33.79023
33.59183
33.38226
33.47927
33.51659
34.34341
34.53179
33.93217
33.63852
33.45370
33.32946
33.28500
33.20863
33.21617
33.49309
33.33272
33.15197
33.02949
32.96970
32.91995
33.37685
33.46241
33.16811
32.97721
32.85090
32.75622
32.68377
32.61544
32.56484
32.50426
32.50518
32.44005
32.38543
32.28548
33.01416
33.41535
32.97622
32.77497
32.68040
32.54037
33.14202
33.72333
33.18775
33.78930
35.17305
36.27518
36.38162
36.40070
37.27697
37.11430
36.64663
38.39836
39.01074
39.38465
39.49774
38.44797
39.30705
39.90711
40.36403
41.55372
40.83638
41.28369
41.79463
40.69917
41.76357
42.13378
40.85972
40.59015
39.87326
39.97573
40.01326
39.90344
39.86737
40.27115
40.05501
39.98958
41.26880
41.22139
42.15505
42.22096
41.04864
40.32947
40.72964
42.12945
41.61068
40.94118
40.79002
40.63840
40.78683
41.04591
40.39068
40.88143
40.69153
41.51713
41.64814
42.05215
42.72075
41.65383
41.06066
40.73813
40.71321
40.61789
40.42398
40.28472
40.22765
40.16419
40.20450
40.53071
41.53207
40.86416
41.53721
42.37148
41.35100
41.22898
41.51967
40.91218
40.72942
40.63588
41.36051
41.65410
41.68661
42.48760
41.38359
42.81236
43.26404
42.30072
41.76021
41.33152
41.12112
41.28717
41.73834
41.46874
41.41352
41.25752
42.03231
42.98899
42.31682
41.95740
41.81931
41.53439
41.39980
41.38047
41.20259
41.03076
40.94543
41.10560
41.33463
41.08787
41.38462
42.30648
41.88024
41.49941
41.15556
40.82608
41.56425
41.64530
41.00962
40.69414
40.76073
41.59131
41.52531
41.26959
41.17461
40.94359
41.99390
42.12466
41.49095
42.16218
42.61524
41.98014
42.28080
42.10633
41.69690
41.40630
40.95734
40.79127
41.02552
41.01716
40.81829
39.85404
41.17539
42.47673
42.15777
42.43837
42.44209
41.79114
42.21816
42.19626
42.26669
43.29035
42.50890
42.94005
43.43445
42.64691
41.73475
41.16063
40.80926
40.96410
41.02598
40.89026
40.86689
40.78103
40.63950
40.64572
40.49238
40.65350
41.06747
41.73993
42.90561
43.03278
42.33656
41.59334
41.35137
41.12292
41.06084
40.97590
40.93783
40.86763
41.14167
41.03557
41.10752
41.30968
41.29698
41.07017
40.95018
41.47706
41.97684
41.64651
42.39034
42.66695
42.08674
42.05981
41.85726
43.87370
44.32708
43.84239
44.82835
44.29061
43.93952
43.94992
43.52716
43.84632
43.91612
43.30739
43.26211
43.22345
43.21022
43.40262
43.20004
42.92718
42.82686
42.72495
42.69302
42.65716
42.58741
42.56845
42.61310
42.49581
42.50460
42.74234
44.13863
44.66266
43.88055
43.41124
43.13955
42.90812
43.24007
43.41895
43.27281
43.66850
45.20643
45.91575
44.95952
45.75717
45.69312
45.25802
45.14429
44.41014
44.18713
44.17862
43.78085
43.62675
43.50302
43.66722
43.45858
44.57227
44.77191
45.25053
46.54342
46.50909
45.67649
46.27627
46.60244
45.87111
46.54150
45.92221
45.36377
44.77012
45.08854
45.72154
46.28212
46.31206
45.93616
45.69097
45.41817
45.24440
45.22021
45.29574
46.19626
46.47588
47.11898
47.83275
47.14537
46.23949
46.01799
45.88400
46.56759
47.03650
46.29243
46.10405
46.10449
46.09498
45.73534
45.68947
45.57572
45.95213
45.92193
46.72760
47.27527
46.95113
46.56306
46.62166
46.03302
46.32701
47.88677
47.61037
46.46621
46.06292
45.91395
46.27495
46.47961
46.32797
47.35125
48.37510
48.06849
47.90065
47.79504
47.84114
48.67054
48.18051
47.37293
47.86126
48.61809
47.69798
48.10377
48.72259
47.86767
47.62437
47.86022
47.56511
48.47513
48.36572
47.96834
49.08213
48.55715
48.03019
48.67168
48.83660
48.47713
49.16876
48.05071
48.00911
48.17294
47.86373
48.41220
48.12376
47.91019
47.32205
46.92711
47.22927
46.96767
47.06518
47.72880
47.41249
47.13016
47.04445
46.64133
46.74402
46.79381
46.68538
46.96791
47.20619
47.21689
46.99507
46.62518
46.82255
47.51676
46.75151
47.08783
47.07524
47.52712
48.12930
47.34062
47.13451
46.67582
46.37086
46.27077
46.73497
46.61311
46.92484
47.54385
48.19515
48.34669
47.75363
47.71398
47.32249
47.16349
46.90602
46.85790
47.49872
47.44130
46.99654
46.94425
46.68439
46.83893
47.16845
46.66483
46.47865
46.29889
46.15344
46.17947
46.54752
46.42976
47.20135
47.03605
46.96853
46.84755
46.86387
46.59270
45.92646
45.58062
45.39280
45.45130
45.29974
45.48151
45.30845
45.27923
45.12722
45.54174
45.81045
45.57230
45.49456
45.34430
45.17567
45.31020
45.10937
45.05342
44.50655
44.35659
45.18126
45.03647
44.73326
44.71309
44.42023
44.64052
44.57477
44.42301
45.08923
45.12464
44.88107
44.54886
44.38606
44.35825
44.28584
44.13957
43.83304
44.17922
43.89627
44.20285
44.63548
44.68202
44.55184
45.50994
46.17915
45.62661
45.49532
44.64910
45.27472
46.02436
45.72283
46.91377
46.62192
46.40303
46.93906
46.45068
46.85166
46.66043
46.03824
45.70609
45.40956
45.58645
45.71961
45.52303
45.34568
44.95107
45.16427
45.14879
45.23100
45.31652
45.37309
45.95693
46.22554
45.86894
45.27439
45.21592
45.66990
45.41035
45.38808
47.09856
47.36615
46.62888
46.27123
46.23082
47.12599
47.74947
47.41889
47.08909
46.89634
46.76877
46.82183
46.62479
47.45185
47.96476
47.42260
47.22557
46.69197
46.51718
47.63093
47.32446
46.94534
47.88181
48.10057
47.80146
47.21593
46.94502
46.67407
47.32930
48.26545
47.84113
47.78863
48.55044
49.30687
49.95815
49.79768
49.15938
48.51248
49.11687
49.10937
49.19184
49.52235
49.93872
49.52610
49.71120
50.06806
49.92650
49.87683
49.97696
49.99676
49.85205
49.86803
49.68195
49.49295
48.65376
49.36434
49.87578
49.98273
50.00633
49.98796
50.00111
49.99388
49.99978
49.99495
49.99886
49.99443
49.99826
49.99605
49.99818
49.99615
49.99792
49.99638
49.99776
49.99638
49.99768
49.99652
49.99769
49.99661
49.99764
49.99649
49.99754
49.99664
49.99740
49.99660
49.99723
49.99660
49.99725
49.99674
49.99723
49.99670
49.99722
49.99670
49.99711
49.99674
49.99712
49.99671
49.99707
49.99677
49.99702
49.99680
49.99700
49.99684
49.99698
49.99689
49.99703
49.99694
49.99690
49.99690
49.99690
49.99690
49.99690
49.99690
49.99690
49.99690
49.99690
49.99690
49.99690
49.99690
49.99690
49.99690
49.99690
49.99690
49.99690
49.99690
49.99690
49.99690
49.99690
49.99690
49.99690
49.99690
49.99690
49.99690
49.99690
49.99690
49.99690
49.99690
49.99690
49.99690
49.99690
49.99690
49.99690
49.99690
49.99690
49.99690
49.99690
49.99690
49.99690
49.99690
49.99690
49.99690
49.99690
49.99690
49.99690
49.99690
49.99690
49.99690
49.99690
49.99690
49.99690
49.99690
49.99690
49.99690
49.99690
49.99690
49.99690
49.99690
49.99690
49.99690
49.99690
49.99690
49.99690
49.99690
49.99690
49.99690
49.99690
49.99690
49.99690
49.99690
49.99690
49.99690
49.99690
49.99690
49.99690
49.99690
49.99690
49.99690
49.99690
49.99690
49.99690
49.99690
49.99690
49.99690
49.99690
49.99690
49.99690
49.99690
49.99690
49.99690
49.99690
49.99690
49.99690
49.99691
49.99690
49.99691
49.99690
49.99692
49.99689
49.99692
49.99689
49.99691
49.99689
49.99691
49.99689
49.99691
49.99688
49.99692
49.99688
49.99692
49.99688
49.99692
49.99688
49.99692
49.99687
49.99693
49.99687
49.99693
49.99687
49.99694
49.99686
49.99694
49.99686
49.99695
49.99685
49.99696
49.99683
49.99697
49.99682
49.99700
49.99679
50.00442
49.99583
50.00649
49.99347
50.00918
49.99037
50.01285
49.98219
50.00958
49.97837
50.00160
49.94132
49.97121
49.94812
49.99934
49.87403
49.93538
49.92935
49.99203
49.93142
50.06352
49.93367
50.07318
49.92152
50.08692
49.90638
50.10348
49.88831
50.12319
49.86677
50.14679
49.84083
50.17542
49.80907
50.21086
49.76923
50.25603
49.71751
50.31595
49.64710
50.40012
49.54433
50.52786
49.37703
50.75456
49.05286
51.26102
