10.82972
10.57771
11.33516
11.08750
11.40589
11.23374
11.58706
11.32267
11.38896
11.09537
11.13846
10.96701
11.13640
11.04034
11.13309
10.99557
11.05262
10.93820
11.00040
10.94294
10.98884
10.90027
10.92104
10.87638
10.90235
10.82822
10.81938
10.78076
10.82007
10.76590
10.78745
10.77570
10.77547
10.72567
10.77834
10.81189
10.80880
10.77167
10.74333
10.70487
10.68995
10.65420
10.62220
10.58099
10.55010
10.52107
10.49067
10.45711
10.42611
10.39963
10.37563
10.34593
10.31793
10.28995
10.26947
10.26157
10.25419
10.25617
10.25189
10.24259
10.21913
10.20155
10.18683
10.16580
10.13970
10.11042
10.07941
10.05538
10.03629
10.01254
9.98900
10.00938
10.03951
10.04087
10.02857
9.99996
9.97127
9.94727
9.91876
9.88698
9.86072
9.83879
9.80952
9.78520
9.76881
9.74566
9.72004
9.69736
9.67782
9.65930
9.64070
9.62094
9.60585
9.58946
9.57281
9.54929
9.52468
9.50772
9.48529
9.46175
9.44670
9.45719
9.45433
9.43934
9.42738
9.42239
9.41877
9.40518
9.37441
9.35142
9.33345
9.31292
9.28732
9.26483
9.22800
9.20398
9.17240
9.15475
9.12834
9.10712
9.07533
9.06072
9.03131
9.01800
9.02747
9.20652
9.35647
9.46437
9.55204
9.56516
9.48466
9.41542
9.34146
9.30121
9.22165
9.21010
9.17152
9.27571
9.46873
10.34532
11.48535
12.34036
13.05693
14.07306
14.80133
14.96779
15.28884
15.50455
15.58767
15.28037
14.99344
15.33667
16.16054
16.37228
16.46855
16.30736
16.54346
16.66125
16.53147
16.10899
15.87080
15.76660
15.69636
15.51136
15.77337
16.59058
16.82461
16.62210
16.22736
15.86396
15.78284
15.85860
15.93420
16.02329
16.60291
16.72784
16.62971
16.46099
16.83721
17.23447
16.93326
16.55984
16.17813
15.97199
15.84170
15.75190
16.16846
16.49969
16.49938
16.46977
16.57508
16.52685
16.31926
16.24209
16.28497
16.43620
16.30365
16.33598
16.13252
16.11987
17.02442
17.30249
17.41224
17.59160
17.84656
18.03143
17.60235
18.39078
18.97293
18.82153
18.39852
18.08507
17.87478
17.75339
18.00149
17.99125
17.86024
18.13653
18.23319
17.97722
17.91680
18.35778
18.47464
18.36112
17.83671
17.78682
17.83895
17.80079
17.99726
18.48261
18.52568
18.32216
18.28986
18.19242
18.16558
18.09715
18.42981
18.70346
18.58699
18.39400
18.18661
18.86871
19.33316
19.08705
18.59012
18.10419
17.94537
17.82867
18.07511
18.84753
18.99703
18.68129
18.22824
18.12257
18.19907
18.35161
18.45531
18.30085
18.10839
18.12342
18.13375
18.22508
18.42032
18.62855
19.09874
18.99720
18.64742
18.33094
18.17799
18.13178
17.88800
17.95140
18.18689
18.19536
18.07434
18.02320
17.97525
17.80655
18.03796
18.21162
18.12474
17.97490
17.90210
18.04113
18.27183
18.33842
18.36692
18.30803
18.08469
18.07826
18.00269
17.82635
17.70655
17.73063
17.62409
17.48750
17.47672
17.42777
17.23297
17.49659
17.77314
17.76044
17.56210
17.52546
17.56804
17.57069
17.60575
17.43279
17.26124
17.27306
17.16383
17.08246
17.42481
17.54300
17.43260
17.89255
18.25230
18.20827
18.13228
18.07958
18.06095
18.03773
17.92913
17.84220
17.69567
18.12331
18.20822
18.25662
18.46124
18.34871
17.99098
17.80304
18.11593
18.36680
18.26111
18.41715
18.43744
18.33832
18.39038
19.08207
19.03193
18.98387
18.79378
18.43171
18.42637
18.45055
18.48974
18.46423
18.35100
18.05655
18.05199
17.99855
18.00964
18.02054
17.99211
17.89598
17.81473
17.73402
17.67972
17.64701
17.56047
17.49106
17.43173
17.41581
17.51519
17.46964
17.49591
17.52617
17.62522
18.23432
18.33471
18.34418
18.31052
18.33977
18.47798
18.40866
18.08588
17.87255
17.87997
17.85048
17.75074
17.95722
17.93903
18.05586
18.23001
18.20061
18.24320
18.38106
18.52573
18.34541
18.59195
18.79975
18.74433
18.79974
18.65825
18.58721
18.75172
18.96551
18.88975
18.62835
18.60267
18.62841
18.65493
19.29270
19.60570
19.46591
19.15674
18.67233
18.59397
18.39828
18.28111
18.19703
18.54917
19.02016
19.10969
18.99347
18.64801
18.62549
18.57196
18.47005
18.31026
18.21981
18.10468
18.12831
18.15422
18.11560
18.01064
17.89624
17.79363
17.74867
17.64711
17.51705
17.44011
17.37830
17.32831
17.27789
17.23036
17.15405
17.06842
17.00573
16.99630
16.98478
16.98273
16.93381
16.91375
16.90323
16.83911
16.75834
16.72486
16.69577
16.67097
16.64650
16.72849
16.72285
16.67675
16.71515
16.74701
16.76353
16.83528
16.84036
17.79497
18.83642
19.17208
19.39660
19.26544
19.10411
19.03030
18.44774
18.17841
18.22003
18.12399
18.02878
17.94053
17.83768
17.74329
17.83404
17.92685
18.21207
18.06188
17.79677
18.21450
18.36581
18.19457
18.16890
18.02728
18.83468
19.32544
19.41775
19.17634
19.30998
19.69279
20.28643
20.66580
21.05081
20.37731
19.95753
19.45243
19.28772
19.21920
19.46943
20.13752
20.38768
20.43780
20.16613
19.92023
19.67921
19.58837
19.51686
19.38325
19.22117
19.15304
19.12240
19.06225
19.04417
18.90649
19.01295
19.28906
19.38802
19.24133
19.06017
19.04872
19.07166
19.34886
19.30034
19.33437
19.18098
19.07465
18.78719
18.97411
19.51296
19.77347
19.62449
19.35247
19.06010
19.27484
19.34996
19.19508
19.30344
19.24851
19.16094
19.11586
19.12429
19.17393
19.42115
19.75138
19.68325
19.50798
19.58893
19.61286
19.52220
19.32280
19.25868
19.21879
19.35831
19.20389
18.95684
18.94760
18.97907
18.94387
18.90874
18.90450
18.90738
18.98916
18.86381
19.10240
19.50495
19.67001
19.59646
19.38879
19.13672
18.93934
18.74239
18.72562
18.71762
18.73734
18.69041
18.57808
18.61256
18.64321
18.76251
18.76014
18.66070
18.63332
18.82507
18.86610
18.85944
18.92124
18.83361
18.78344
18.73150
18.89393
18.95049
19.04094
19.03430
18.96498
18.87755
19.00947
19.16369
19.40119
19.59951
19.75482
19.85559
19.80096
19.60289
19.40683
19.29885
19.27084
19.33216
19.27301
19.20502
19.19542
19.18691
19.24129
19.24844
19.25447
19.25532
19.24957
19.32437
20.27383
20.87692
20.77682
20.42603
20.34877
20.20431
20.39459
20.43284
20.61789
20.75322
20.95272
21.18955
21.22232
21.27427
21.51334
21.73950
21.40278
21.19464
20.87209
20.73601
20.79598
21.05926
21.13714
21.30040
21.16313
20.92030
20.82651
20.92112
20.68426
20.50749
20.45603
20.33894
20.31401
20.37218
20.32141
20.34310
20.51100
20.62845
20.47587
20.32618
20.36958
20.30371
20.08537
19.98746
19.77265
19.79648
19.66165
19.66507
19.74017
19.51873
19.57191
19.63462
19.62143
19.68880
19.76912
19.87262
19.88947
19.71125
19.85941
19.99024
19.87695
20.08215
20.06298
20.06920
20.07608
19.96401
20.06744
19.80804
19.92639
20.43003
20.83052
20.39920
20.29370
20.24142
20.01066
19.92183
19.72944
19.67728
19.71635
19.72168
19.66866
19.48786
19.28326
19.17338
19.16893
19.42967
19.34997
19.20115
19.05217
18.98025
18.87768
18.87445
18.81654
18.87421
18.89596
18.88747
18.88709
18.89755
18.72163
19.02496
18.85436
19.55383
20.73377
21.20850
21.25013
20.88547
20.55041
20.38459
20.68150
20.53845
20.49045
20.40263
20.61608
20.61260
20.91486
21.25079
21.57585
21.53768
21.77809
21.91567
22.17952
23.24838
23.66214
23.43264
22.94147
22.39377
22.09737
21.96710
21.80481
21.62614
21.46025
21.35308
21.26315
21.21800
21.20704
21.24067
21.20849
21.10431
20.99915
20.99286
20.98386
20.90572
20.81411
20.74883
20.70687
20.62716
20.54634
20.46420
20.47847
20.47045
20.40572
20.30515
20.20193
20.12020
20.04825
19.96862
19.90300
19.84071
19.78237
19.72704
19.66516
19.60944
19.55608
19.51213
19.46792
19.41657
19.37086
19.33449
19.30085
19.26311
19.21821
19.20229
19.19325
19.15346
19.11703
19.05467
19.00282
18.94386
18.96905
19.03214
19.00875
18.93952
18.92588
18.97155
18.95643
18.90878
18.82271
18.75167
18.67755
18.62071
18.56046
18.50443
18.44469
18.40109
18.34747
18.31680
18.28219
18.52105
18.80920
18.81396
18.70464
18.55644
18.43720
18.32947
18.24650
18.18105
18.12130
18.05890
18.00970
17.97006
17.92557
17.86960
17.83782
17.81325
17.77435
17.72927
17.68794
17.64078
17.59808
17.55445
17.51657
17.47882
17.45502
17.45124
17.46090
17.44721
17.41408
17.36623
17.32824
17.29592
17.25741
17.22008
17.17937
17.17086
17.16095
17.13970
17.09303
17.05490
17.00611
16.97334
16.93336
16.91919
16.87242
16.85574
16.81021
16.79254
16.73351
16.75061
16.74935
16.77641
16.70787
16.69626
16.60453
16.60413
16.50984
16.51452
16.42020
16.44987
16.40016
16.50819
16.40968
16.55884
16.50851
16.57320
16.39809
16.45856
16.26051
16.36466
16.14905
16.29510
16.05238
16.24665
15.94102
16.26882
15.89190
16.29951
15.71205
16.37448
