5.40617
5.09265
5.32729
5.14196
5.29855
5.14642
5.26625
5.15559
5.24937
5.16465
5.25750
5.16502
5.21879
5.16618
5.21596
5.18468
5.21534
5.16871
5.20430
5.16953
5.20015
5.17412
5.19550
5.17129
5.19170
5.16887
5.18282
5.16482
5.17463
5.15923
5.17039
5.15764
5.16508
5.15271
5.15833
5.15001
5.15340
5.14095
5.16904
5.14657
5.14851
5.14701
5.13439
5.14227
5.13326
5.12923
5.12931
5.12922
5.13387
5.13011
5.11549
5.11816
5.11218
5.13083
5.12035
5.10647
5.10751
5.10145
5.10101
5.09544
5.09387
5.09883
5.08796
5.09102
5.09168
5.08663
5.08368
5.09049
5.09066
5.09347
5.08291
5.07418
5.07719
5.07337
5.07432
5.07429
5.07744
5.07201
5.06625
5.05980
5.06304
5.06320
5.07172
5.05683
5.05722
5.05197
5.05189
5.04766
5.04778
5.04407
5.04294
5.03727
5.03518
5.03233
5.03490
5.03960
5.03584
5.03423
5.03678
5.03215
5.02947
5.02930
5.03023
5.02417
5.02251
5.02252
5.01294
5.00635
5.00812
5.00525
5.00087
5.00574
4.99050
4.98696
4.99673
4.99987
4.98179
4.99357
4.98413
4.98177
4.98033
4.97845
4.97466
4.97864
4.97496
4.97010
4.97029
4.96598
4.96646
4.96848
4.96045
4.96174
4.96189
4.96248
4.95127
4.96684
4.96025
4.95382
4.95903
4.97853
4.95481
4.94410
4.94571
4.94616
4.94335
4.93728
4.93913
4.93333
4.93432
4.92862
4.93098
4.92409
4.94095
4.94985
4.95078
4.96718
5.07002
5.14267
5.28084
5.56330
5.84538
6.44086
7.06884
7.31986
7.58768
7.75685
7.84340
7.83866
7.88480
7.96209
8.23424
8.19064
8.32114
8.43988
8.34157
8.46852
8.53825
8.60510
8.53211
8.56386
8.53392
8.62637
8.89241
8.82153
8.90115
9.59449
9.50722
9.17914
8.98116
9.11411
9.47931
9.58675
9.54776
9.71857
10.27587
10.80864
10.88782
11.15990
11.27209
11.27966
11.32774
11.39113
11.37872
12.02350
12.77162
12.63021
12.59925
12.55574
12.62221
12.82107
13.02963
13.68217
14.05272
13.78916
14.20850
14.24893
14.22722
14.17827
14.18726
14.28454
14.84214
14.75728
14.64570
14.61726
14.63370
14.68237
14.71450
14.73849
14.70209
14.70711
14.91252
14.82928
14.78558
14.92422
15.11851
15.04610
14.85363
14.77392
15.32074
16.27274
15.85548
16.60864
16.75513
16.88190
17.66738
18.16595
18.04716
18.54193
19.07703
18.62377
18.77097
18.53171
19.36629
19.64588
19.34890
19.40184
19.13652
18.93745
18.92829
19.15741
19.05648
19.08359
19.05988
20.05171
20.34751
19.74880
20.00541
19.88023
19.62926
19.45469
19.41689
20.49007
20.53506
19.73366
19.44760
19.39805
19.37331
19.41737
19.34123
19.88646
21.60305
21.34900
20.70054
20.48068
21.07537
20.83913
20.52067
20.37154
20.33716
20.20704
20.85856
21.38820
20.90651
20.72558
20.51501
20.60191
20.57511
20.48811
20.36903
20.31575
20.29775
20.36044
20.29491
20.19456
20.03310
20.01346
19.92654
19.81619
19.67738
19.65461
19.46094
20.71681
22.01324
21.29494
20.75016
20.39437
20.45607
20.98959
20.83414
20.41754
20.45293
20.39754
20.29962
20.23356
20.41502
20.54648
20.25636
20.06022
19.94867
20.03795
20.20582
20.73892
21.55504
22.04514
21.55453
21.11193
20.87332
20.69284
20.51196
20.64480
21.99566
22.22432
21.78140
21.54337
21.24452
21.09606
20.96733
20.94391
20.69731
20.57739
20.48125
20.26308
20.13324
20.73304
20.70851
21.31720
22.78455
23.95596
24.74375
23.79335
22.99024
22.54331
22.26237
22.35440
22.41062
22.27231
22.09762
21.90953
21.88414
21.71366
21.65609
21.52282
21.49430
21.40345
21.37487
21.30859
21.20691
20.92780
20.84387
20.84582
20.84411
20.77853
20.76979
20.78127
20.60064
20.40746
20.69425
20.74414
20.68635
20.84066
23.11698
24.55001
23.61865
22.78669
22.42067
22.20112
21.99586
21.91656
21.78254
21.72645
21.66699
21.52113
21.33938
21.28732
21.29355
21.21966
21.03837
21.00356
20.89717
21.13046
21.70237
21.35160
21.32533
21.23319
21.13015
21.08528
21.07874
20.90356
20.81295
20.61115
21.77509
23.66961
23.67105
22.85417
22.11556
22.16830
23.74723
24.73567
24.32672
23.56009
23.02338
22.77617
22.58241
22.47429
22.39366
22.28117
22.16937
22.10124
21.92948
21.97371
21.91536
21.73795
21.72535
21.70841
21.53953
21.41623
21.32898
21.35861
21.29482
21.90559
22.19401
21.76736
21.58015
21.35150
21.23832
21.12856
21.06952
20.88318
20.81434
20.80556
21.28686
21.31634
21.11507
20.92282
20.95864
20.91510
20.90258
20.63953
20.82388
20.89540
21.88252
22.37371
22.16162
22.28541
21.82061
21.72875
21.58707
21.44764
21.23360
21.17862
20.95118
21.13520
21.14311
21.25844
21.18747
21.00337
20.79316
20.92635
21.23427
21.49570
21.38805
20.97160
20.83728
21.92806
23.84100
23.89214
23.33501
22.81673
22.79369
22.50587
22.21845
21.94705
21.90154
21.83861
21.91332
22.30034
22.80332
22.35110
22.13645
21.87382
22.60882
24.69414
25.31930
24.31823
23.67179
23.45686
23.34948
23.10076
22.98885
22.85259
22.77711
22.77744
22.64157
22.56724
22.48167
22.60961
24.73136
24.98085
23.98611
23.51544
23.19070
23.07587
22.92407
22.85853
22.74446
22.65323
22.50699
22.44546
22.36597
22.23311
22.10010
22.01221
21.96852
22.09304
21.96881
22.79494
24.08316
24.10612
23.87341
25.18565
25.56986
24.50612
24.07127
23.73318
23.58100
23.32209
23.23680
22.81703
23.01928
23.21569
23.64848
23.88189
24.40159
25.35529
24.60025
24.17082
24.04321
23.77988
23.47563
23.29636
23.13060
23.07065
22.94958
22.87845
22.71870
22.67519
22.51328
23.47642
24.04670
23.43076
23.30659
23.17229
23.08469
22.94455
22.88126
22.73259
22.74420
22.68732
22.63413
22.46607
22.38466
22.29961
22.64817
24.37997
25.92811
25.87883
24.92261
24.54602
24.22758
23.99983
23.71927
23.56304
23.44315
23.32757
23.14779
23.00846
22.90021
22.78966
22.67981
22.56841
22.55426
22.52464
22.44034
22.38743
22.25344
22.45136
22.55437
22.38435
22.40734
22.33166
22.27987
22.12730
22.01794
21.85784
22.55190
22.92102
22.47110
22.23768
22.02104
21.93132
21.78050
21.66686
21.59398
21.57444
21.50490
21.39791
21.18381
21.09778
21.02265
20.98459
20.88607
20.85633
20.87233
20.88121
20.69488
20.61744
20.46186
20.36691
20.40871
20.49960
20.38563
20.24626
20.17560
20.10910
19.98212
19.92807
19.84662
19.82664
19.71041
19.86164
19.81899
19.76147
19.67744
19.56550
19.42913
19.38668
19.33076
19.28080
19.17437
19.14152
19.03574
18.99497
18.94209
18.92310
18.81239
18.85137
18.74818
19.76143
20.41691
20.35428
19.98836
20.65767
21.84151
21.54984
21.00695
20.92905
20.83605
22.54396
24.54589
25.36563
25.49202
24.91382
24.87526
24.47277
24.20392
23.97565
24.13956
23.91209
24.15124
24.83724
24.24062
23.64901
23.65722
23.42038
23.57176
23.32708
23.31582
23.47750
23.42966
23.30531
23.26183
23.39885
23.45218
23.31640
23.16124
23.53911
24.04792
23.71792
23.49967
23.39127
23.35897
23.07347
23.00359
22.96119
23.07384
23.20850
23.41375
23.41737
23.70717
23.57634
23.96878
26.66753
28.84929
28.00148
26.95306
26.27772
25.94343
25.68364
25.64738
25.49721
25.43221
25.36592
25.22634
25.05022
25.30694
25.34417
25.02427
24.89368
24.79097
24.86189
26.03964
26.11257
25.60125
25.29847
25.19202
24.96687
25.40574
26.05637
26.38954
26.35484
28.07523
29.56365
28.45144
29.06830
28.53400
27.88871
27.15812
28.24571
29.15134
29.16940
28.54895
27.72150
27.62572
27.26511
27.29484
27.23276
26.99275
26.81235
26.62929
26.51794
26.36610
26.30314
26.12333
26.07895
26.29892
27.04869
26.81412
28.18600
30.20909
29.34706
28.60225
28.14105
28.26971
28.19445
28.71645
29.26333
28.79465
28.00798
27.48503
27.18688
26.96598
26.78276
26.62952
26.47621
26.33468
26.19960
26.05726
25.92616
25.82664
25.71981
25.60309
25.52157
25.34877
25.19618
25.29095
25.85383
25.86951
25.56346
25.40347
25.31153
25.16586
25.02588
24.91419
24.78331
24.64261
24.54059
24.44197
24.31542
24.21261
24.09597
23.98115
23.88905
23.76436
23.67017
23.54504
23.49438
23.36339
23.78570
25.42268
25.52434
25.17132
24.95001
24.82286
24.66372
24.53180
24.41833
24.31194
24.22147
24.11506
24.02641
23.95361
23.84616
23.76525
23.69168
23.57928
23.47061
23.39031
23.28176
23.19424
23.09724
22.99345
22.91267
22.82508
22.72624
22.63300
22.54601
22.45407
22.38030
22.29126
22.21407
22.16255
22.09532
22.01162
21.89086
21.79722
21.69174
21.60633
21.50328
21.41263
21.30374
21.23221
21.12485
21.01904
20.92712
20.86401
20.78465
20.67673
20.59366
20.50620
20.41719
20.36371
20.28415
20.38344
20.38721
20.24145
20.14180
20.04367
19.95546
19.87148
19.79940
19.72911
19.63709
19.56610
19.46939
19.39329
19.32509
19.25306
19.14429
19.09643
18.98703
18.95163
18.85249
18.81649
18.68435
18.66806
18.55036
18.53212
18.40296
18.38880
18.25829
18.26528
18.10763
18.15454
17.96293
18.00764
17.81017
17.87922
17.67509
17.76611
17.51250
17.64543
17.38113
17.55310
17.20195
17.45399
17.03105
17.38000
16.84088
17.34610
16.59183
17.43402
