17.78546
16.61399
17.14410
16.49105
16.71046
17.55389
19.99253
20.80900
21.43598
20.05459
19.63554
18.96304
18.92556
18.50767
18.45679
18.06913
18.01243
18.12856
18.72772
18.19290
18.09575
17.83891
17.72615
17.75400
18.29817
18.13769
17.87088
17.49100
17.32994
17.05885
16.94886
16.71784
16.62244
16.51893
17.77784
18.49591
18.34876
17.80757
17.39901
17.42447
17.47052
17.17104
17.00524
16.75153
18.16040
18.68619
17.93904
17.39450
17.26489
17.13599
19.20584
20.86960
20.32081
20.61479
20.04088
19.41611
18.99583
19.04509
19.01546
18.78632
18.50080
18.34475
18.20769
18.15610
18.00064
18.97660
19.56364
18.84109
18.32804
17.95444
17.72464
17.48773
17.31846
17.14461
16.98425
16.98303
17.20812
16.96981
17.06266
17.24210
17.09905
17.03922
16.93971
16.80474
18.08903
18.43922
17.79358
17.41687
17.18450
16.96006
16.77190
16.63133
16.52151
16.36210
16.24537
16.08226
16.03948
16.04772
16.75611
17.88167
17.59219
17.07842
16.73435
16.52110
16.41202
16.38470
16.21806
16.18272
16.27852
16.11229
15.94876
15.76837
15.66769
15.55395
15.50449
15.47063
16.25163
16.98367
17.25145
16.83054
16.69155
18.14594
20.17234
21.97970
25.72476
30.31159
34.44581
36.16701
38.31951
38.65243
37.85102
39.78888
39.58301
40.55324
39.19908
38.99187
37.79355
36.42239
37.27123
35.25258
34.58177
34.52889
34.48313
33.97161
33.67318
34.40422
33.83204
33.32943
33.87726
33.60113
32.37104
32.00667
30.47567
31.15966
31.57599
30.29380
29.36234
29.20540
28.85330
28.63758
29.62492
30.02904
28.00093
26.71507
27.23004
26.81348
26.38966
26.48848
26.48346
25.30712
26.83907
27.96260
28.81145
27.68101
27.95532
28.45656
28.04850
27.54945
26.54543
27.12235
28.11590
27.07958
27.46835
27.29237
27.57583
28.54419
27.66188
26.74900
27.28741
26.64232
28.21855
28.32945
28.12745
27.89077
26.63211
26.55957
25.99544
25.88441
25.90489
25.61183
25.48662
26.28216
27.00109
26.10105
25.31864
24.94792
25.11316
24.71058
25.17811
26.15226
25.34220
24.83534
24.65982
24.32249
24.02358
23.95899
25.12280
25.85580
25.34485
24.81120
25.67469
25.55439
24.76981
24.30680
24.14643
24.69172
26.21757
27.71155
28.06397
27.14342
27.81127
28.64248
28.16467
27.14222
26.94675
26.28924
27.11280
29.34604
28.51444
27.26150
27.44131
27.39639
27.85950
28.73643
29.08921
28.99587
27.63370
26.99868
26.36367
26.38387
25.96680
26.00376
27.30948
27.62780
27.37127
28.31459
29.55913
29.06429
28.41179
27.84503
26.89156
27.29466
27.68544
29.24663
29.96803
29.60034
30.37252
29.50823
29.55254
29.08104
28.25977
29.36934
28.99628
29.18775
30.33912
28.93853
28.10257
27.59999
27.88390
27.54875
27.19199
26.97912
27.64680
28.29981
27.63809
26.81255
27.07747
27.74999
26.93545
26.68845
26.22977
26.27387
25.99964
25.84155
25.79082
27.52990
27.94498
27.35738
26.68492
25.94303
26.74936
27.97057
27.30751
26.75206
26.73875
27.26996
26.86092
26.97773
27.21850
26.44201
26.02324
25.76269
25.52604
25.19578
25.20484
24.98307
25.02826
25.03498
24.78721
24.42629
24.06738
24.25632
24.15365
24.10019
24.71135
24.59067
25.21594
26.78333
26.11469
25.44811
24.92722
25.40548
26.14631
25.81399
25.83028
27.44232
27.63433
28.19745
28.49240
27.93451
28.65598
27.51281
27.64952
28.54106
29.34642
28.48933
28.08833
28.29546
27.87423
27.27585
26.81781
26.47351
27.82054
27.60956
26.70723
26.44420
26.24664
25.92973
25.86357
25.87788
25.97904
26.22423
26.42430
26.23837
26.72184
26.66948
26.28795
26.70651
28.04341
27.38308
26.63553
25.86253
25.20983
25.90327
26.41483
26.90358
27.89100
27.05930
26.54257
27.45248
28.44437
27.93937
28.84623
28.34557
27.39031
26.88450
26.64934
26.14340
26.30366
26.56670
26.08637
25.62415
25.48966
25.47463
26.46668
27.13135
26.30527
25.71632
25.28486
26.34781
26.42201
26.22111
27.41593
27.32128
27.83636
26.95645
26.06352
25.95157
26.55050
26.03197
25.75897
25.42293
26.17605
27.84378
26.93704
26.20713
25.50393
25.57945
25.62635
25.38087
25.01670
26.24198
27.10418
28.29692
28.38801
27.87756
27.05740
26.19026
26.39921
27.02894
26.25531
26.25703
26.43303
25.84306
25.66394
25.85001
25.73428
25.94860
26.64344
27.78270
28.12394
27.38466
26.56597
25.98820
25.69302
26.36465
27.04033
26.53766
25.98333
25.10542
25.84029
26.14517
26.62454
28.05891
26.99399
26.51553
26.19249
26.08755
25.66628
25.52248
25.29879
25.76372
26.20102
26.65810
27.07878
27.44447
27.58660
27.11458
26.27967
26.61963
28.22775
27.28737
26.62980
26.45845
26.07711
26.05659
25.75386
26.49748
27.19523
26.47553
26.03167
26.48550
26.68687
28.62220
29.08369
29.67270
29.26523
28.56912
28.13254
27.15699
27.78098
28.96097
28.03915
27.65530
27.37126
26.68667
26.65437
28.10084
28.61016
27.81967
27.60666
28.05939
27.83767
28.16855
29.39349
28.32095
27.46421
27.21017
26.86805
26.58115
26.42560
26.30077
26.29772
26.34725
26.10758
26.37991
26.76772
26.31417
27.22570
28.07818
27.84464
27.97586
28.45408
28.45119
28.62109
28.46843
28.54610
27.86824
27.67422
28.59652
28.23415
27.54973
26.97458
27.38899
28.61416
28.12311
28.06954
27.63187
28.14776
29.76584
29.32952
28.71657
27.96987
28.05682
27.80626
27.29400
26.93567
26.85749
26.62348
26.82876
28.32428
29.01276
28.21150
28.36848
28.65751
27.71179
27.64055
29.52217
29.21903
28.32359
28.21104
28.68285
28.81733
29.05422
28.54962
27.71070
27.46189
27.16946
28.02779
28.19248
27.60088
27.20064
28.80524
29.64543
29.19198
28.51859
29.58089
29.26426
28.37060
29.26508
30.04504
29.06357
28.20216
27.67031
27.15982
27.90394
28.57852
29.57676
29.34119
28.37780
29.16183
29.46521
29.36199
29.83806
28.79164
27.92609
29.47441
29.87742
28.56400
28.11290
28.59242
28.48154
27.57474
27.82343
28.97302
28.49716
27.80641
27.58456
27.39862
27.60749
27.52813
27.61320
27.28182
27.03340
27.04699
26.95017
26.76920
27.09451
27.02621
27.00975
27.01849
26.92942
27.04153
27.76156
27.75645
28.30924
28.12471
27.70714
27.90987
27.33391
26.97304
27.65661
29.24518
28.51713
28.04893
26.91051
26.57093
26.44486
26.41729
27.20468
27.27697
26.72923
26.68480
26.88198
28.98290
30.17578
29.41419
28.78639
27.69175
26.96119
27.28661
27.01954
27.00831
28.42729
28.84874
27.92001
27.45283
27.11154
26.96106
26.65356
26.45468
26.83048
27.40226
27.22192
27.20884
28.16927
27.92405
27.19978
26.89454
26.46278
26.84379
27.47127
28.12051
28.37994
28.92292
28.33840
27.48948
27.07631
26.66458
26.93128
27.19993
27.15279
27.81392
27.87047
27.34827
26.79147
27.06501
27.43826
27.39156
27.03011
27.13879
28.35256
27.65621
27.16363
26.89658
26.74107
26.51637
26.27198
27.13349
27.22012
26.45988
26.22259
27.44772
30.05236
29.14949
28.87521
28.12650
29.04290
29.30948
28.80669
29.21091
28.72870
28.31146
27.88868
27.89396
28.85712
29.67190
31.29475
31.74205
32.75780
33.55898
32.91534
32.04954
31.70169
31.73601
31.67299
30.88840
30.68823
32.28117
31.70628
30.80261
30.31595
30.22544
30.79769
30.39850
29.69996
29.42086
29.11329
29.25799
29.37197
29.44534
29.28677
28.89658
28.60506
28.34994
28.14230
27.97341
27.86451
27.93725
28.00031
29.28162
29.86106
29.66777
31.37476
30.58697
30.36998
30.07402
29.31996
28.77070
28.48243
28.11718
29.88839
30.41279
29.70203
30.15794
30.24050
29.81300
29.09442
28.74640
28.69992
28.49102
29.01714
29.47811
28.77711
28.37400
28.06479
27.80921
28.08402
29.32359
29.12212
28.52504
28.06742
27.87213
27.61408
27.43556
27.24500
27.12546
27.00520
27.02105
26.93401
26.82381
26.69451
26.59438
26.44605
26.34589
26.22797
26.17346
26.10469
26.20733
26.13413
26.03581
26.03287
25.88824
25.74032
25.63185
25.54765
25.45072
25.36736
25.27819
25.18807
25.20432
25.21747
25.08578
25.03310
24.97508
24.85600
24.72177
24.66877
24.67828
25.17029
25.22268
24.98860
25.41369
25.21574
24.90279
24.65167
24.55713
24.32834
24.77645
25.66842
25.74525
26.09415
26.29541
25.64680
25.24824
24.93681
24.77521
24.57149
24.56493
24.59152
24.54196
24.21216
24.74835
26.93722
26.82442
25.84120
25.46628
24.94663
25.75422
27.91257
27.31577
26.39933
25.81880
25.54782
25.27086
25.42584
26.70064
26.62130
25.96340
25.57098
25.32879
25.17536
25.03417
24.85933
24.76502
24.62791
24.66284
25.37406
25.42072
24.93605
24.78885
24.54755
24.59656
25.04605
25.10374
24.64751
24.60951
24.40638
24.51033
24.43784
24.53535
24.19055
24.35603
24.12528
24.26953
23.88266
24.09489
23.69935
23.99864
23.57200
23.98980
23.38827
23.89761
24.35935
27.74196
