27.72873
26.29635
27.50455
26.46882
27.43747
27.11410
27.90942
27.50241
28.11690
28.03062
28.81559
28.88027
29.56897
29.51010
29.85143
29.59023
29.73029
29.53519
29.66875
29.41354
29.45727
29.22363
29.21824
29.01337
29.06850
29.22431
29.51665
29.48111
29.53471
29.50496
29.57065
29.43543
29.42707
29.33578
29.33617
29.27304
29.24105
29.13596
29.04874
28.98177
28.96129
28.91710
28.93250
28.91209
28.88133
28.81833
28.84057
28.93022
28.94377
28.87416
28.78454
28.67433
28.53694
28.48708
28.71300
29.02249
28.99545
28.89267
28.87820
28.79586
28.69991
28.61306
28.52499
28.42231
28.34461
28.27381
28.30827
28.48707
28.57966
28.55474
28.48331
28.41838
28.40734
28.36900
28.31848
28.26506
28.20050
28.13351
28.12690
28.21370
28.29642
28.30097
28.26387
28.20755
28.25733
28.29641
28.29172
28.35023
28.35229
28.33477
28.28224
28.23428
28.17574
28.15848
28.12816
28.08677
28.05645
28.06692
28.09897
28.10084
28.07548
28.07017
28.10452
28.16619
28.17053
28.30647
28.61930
28.78788
28.93566
29.02439
29.08776
29.05545
28.93997
28.85058
28.93394
28.98187
28.94894
28.96733
28.98812
28.94864
28.91182
28.87506
28.84510
28.83154
28.78610
28.74841
28.72549
28.69005
28.73777
28.79077
28.74140
28.81477
29.19423
29.63424
29.92741
30.12241
30.24547
30.38304
30.42749
30.39759
30.38244
30.34021
30.36232
30.54238
30.89132
31.26872
31.61564
31.83225
31.97227
32.11345
32.28777
32.36573
32.45394
32.56930
32.63299
32.73982
32.80862
32.92971
33.34442
33.51338
33.64752
33.87500
34.08199
34.37143
34.45294
34.52085
34.60145
34.67300
34.81550
34.92153
34.96750
34.95567
34.89971
34.83921
34.71539
34.67115
34.71373
34.62846
34.73126
34.90277
34.80167
34.53936
34.36801
34.63260
34.97230
34.82373
34.86095
34.70518
34.54635
34.96938
35.30523
35.34226
35.28752
35.05527
34.85455
34.70374
34.65082
34.88625
34.90831
34.78223
34.67577
34.68035
34.65724
34.58486
34.46685
34.42682
34.38255
34.30861
34.29082
34.48161
34.48091
34.35633
34.19512
34.37989
34.44185
34.70281
34.93549
34.78957
34.60484
34.95328
35.07156
34.75283
35.01953
35.39997
35.89531
35.94100
35.96122
35.87270
35.78288
35.64787
35.80897
35.78567
35.79100
35.83319
35.98707
36.05965
36.08430
35.84248
35.69901
35.80170
35.71817
35.49884
35.41466
35.29177
35.22559
35.08881
35.04001
34.90537
34.85107
34.89038
34.98468
34.93234
34.97221
35.18258
35.19238
35.14633
35.16048
35.09019
35.00590
35.07985
35.10187
35.11603
35.12836
35.05146
35.04293
35.02642
34.96906
34.94103
35.11061
35.05730
35.25272
35.38629
35.47502
35.38216
35.43188
35.47716
35.48465
35.58688
35.62178
35.74813
35.71058
35.84073
36.05371
35.96132
35.63326
35.70087
35.67000
35.65223
35.66153
35.73141
35.84905
35.86650
35.75492
35.85066
35.70143
35.64085
35.57559
35.68038
35.95464
35.68894
35.55831
35.62735
35.97240
36.12393
36.02881
36.47390
36.55544
36.65037
36.65730
36.15092
36.39699
36.24985
35.85611
36.11166
36.78830
36.93785
37.12983
36.98936
37.02676
37.04043
37.31640
37.64052
37.79025
38.32443
38.71740
39.18531
39.28641
39.00566
38.63844
38.52371
38.06835
37.74282
37.84696
38.23190
37.74034
37.49118
37.48395
37.41586
37.47825
37.59751
37.52133
37.38553
37.23586
37.14634
37.07006
36.98190
36.88499
36.85141
36.81796
36.96224
37.05304
36.97963
36.93208
36.87228
36.77364
36.62850
36.63915
36.72234
36.71279
36.73000
36.73359
36.68084
36.64823
36.58269
36.62458
36.74071
36.74052
36.72592
36.73988
36.68554
36.60445
36.47769
36.53643
36.56346
36.61281
36.52490
36.92000
37.13757
36.99430
36.98611
36.98766
37.04153
36.99131
37.05612
36.91882
36.78493
36.81324
36.85156
36.76276
36.91650
36.92770
36.80094
36.87423
36.79087
36.74471
36.60965
36.63194
36.68322
36.79107
36.85294
37.39051
37.58051
37.66323
37.56337
37.89236
37.41333
37.53833
37.59540
37.23716
37.41455
37.53274
37.53836
37.59515
37.57276
37.49383
37.52299
37.51552
37.48388
37.37424
37.44669
37.48980
37.67666
37.62661
37.77659
37.82286
37.70924
37.68565
37.76253
37.69001
37.86396
38.11481
37.94754
37.80446
37.90284
38.19866
38.34112
38.41616
38.40696
38.36659
38.20876
38.05539
37.89366
37.89699
37.84100
37.84239
37.83042
37.92542
37.76999
37.88739
37.84840
38.11742
38.41425
38.19976
38.06903
37.89604
37.97112
38.13284
38.09192
38.03507
37.92157
37.92278
37.77704
38.14708
38.56436
38.14072
37.93473
37.93818
37.98892
37.92262
37.82082
37.78054
37.86292
37.84827
37.89553
37.92383
37.98076
37.94293
37.90262
37.83383
37.93612
37.97034
37.90153
37.81964
37.76869
37.71954
37.67666
37.65215
37.65352
37.66089
37.59278
37.60605
37.63204
37.69771
37.74116
37.82536
37.85636
37.77436
37.81329
37.74427
37.73975
37.84175
38.02833
37.98778
37.94325
38.03061
38.14211
38.13360
38.26925
38.36069
38.35906
38.32774
38.26733
38.01981
38.05426
38.11614
38.15593
38.28096
38.43570
38.85260
38.76029
38.77609
38.76874
38.92768
38.90210
38.79026
38.65087
38.56144
38.42318
38.85535
38.87070
38.72944
38.69906
38.65116
38.97493
38.62172
38.73239
38.71860
38.72329
38.61136
38.62719
38.68910
38.71927
38.69292
38.78030
38.61787
38.81214
38.85303
38.74461
38.80927
39.02674
39.26835
39.23941
39.17851
39.08107
39.01621
38.90001
38.87976
38.91513
39.01569
39.01671
39.18405
39.49368
39.42503
39.45093
39.35397
39.39260
39.43119
39.38091
39.28154
39.27221
39.23270
39.21415
39.23807
39.19325
39.28641
39.26197
39.35334
40.01508
39.97733
39.36491
39.25423
39.48855
39.90541
39.68913
39.81355
39.87712
40.29024
39.86851
40.00518
40.34476
39.77830
40.08315
40.22291
40.87359
40.92682
41.25081
41.78461
41.57362
41.21801
40.97823
41.53537
41.67904
41.53615
41.62133
41.56423
41.29326
41.23055
41.08943
41.12948
41.45035
41.71529
41.97721
42.08477
41.95426
41.76905
41.67194
41.70630
41.65267
41.72368
41.88969
42.05532
42.22132
42.38298
42.29287
42.16588
42.14903
42.11035
41.95530
41.90653
41.91938
41.72956
41.82589
42.19894
42.17985
42.35018
42.37583
42.32638
42.74833
42.72705
42.67013
42.57109
42.12268
42.14484
42.84254
43.13448
43.02270
42.79991
42.66189
42.62255
42.62223
42.57712
42.65789
42.64945
42.86122
42.71515
42.74894
42.91171
42.79232
42.64794
42.63128
42.26920
41.89186
41.96056
42.05136
42.16396
42.08643
42.00051
41.91027
41.85548
41.71099
41.83361
42.33639
42.52948
42.75882
42.99279
43.27143
42.88344
42.51619
42.49182
42.18568
41.92266
42.50056
43.31271
44.26739
44.10200
43.34544
42.98258
42.86408
42.43161
42.47702
42.53576
42.62076
42.47521
42.21252
42.66996
42.66315
42.74265
42.46473
42.57292
42.72300
42.91475
43.23070
42.86731
42.37174
42.41480
42.40693
42.71031
43.18137
42.54519
43.42296
43.71691
43.06038
43.80310
44.16520
44.26689
43.98630
44.07379
44.06528
43.02575
42.80434
42.89299
42.87581
42.82547
42.84375
43.63797
43.81239
43.77426
43.98524
43.97898
43.98385
43.84449
44.06336
43.81341
43.90498
44.29630
44.61885
44.99173
45.34663
45.47238
46.02074
45.30804
44.61601
45.21745
45.70597
45.10522
45.33140
45.60979
45.33061
45.26430
45.25267
45.38522
45.37674
45.25704
45.05740
44.96990
45.21825
45.37149
45.48112
45.54265
45.38981
45.46520
45.35775
45.24916
45.06625
44.95496
45.23188
45.52559
45.33592
45.19774
45.09862
45.07440
45.04112
44.93754
44.87559
44.90071
44.88989
44.83486
44.77211
44.97088
44.99748
44.91414
44.71205
44.68435
44.92396
45.08128
44.97696
45.23701
45.22718
44.96931
44.84426
44.76365
44.74564
44.85489
44.96697
44.88486
44.75312
44.66057
44.58754
44.49771
44.56335
44.79765
44.72098
44.73877
44.92408
44.78914
44.60104
44.43888
44.35649
44.27588
44.26801
44.60828
44.64234
44.49078
44.48151
44.42444
44.29902
44.15699
44.05686
43.97701
43.93112
43.87722
43.83144
43.76986
43.76238
43.74060
43.72957
43.66644
43.67611
43.73567
43.67337
43.56027
43.47182
43.38287
43.37017
43.42129
43.37689
43.35078
43.44919
43.57244
43.46097
43.38947
43.49844
43.59069
43.48137
43.42160
43.41098
43.45422
43.68188
43.72191
43.58655
43.56847
43.73068
43.68197
43.52652
43.46440
43.40485
43.38903
43.45112
43.38952
43.31788
43.26255
43.21629
43.28641
43.35066
43.23401
43.12889
43.03390
42.96718
42.90600
42.84956
42.79963
42.76333
42.84049
42.94488
42.86836
42.77682
42.66512
42.62621
42.59090
42.61379
42.54698
42.62859
42.77227
42.81287
42.80203
43.17869
43.39547
43.54129
43.40982
43.45923
43.32576
43.23981
42.97972
43.02377
43.11277
43.47245
43.25105
43.32917
43.25241
43.53278
43.38687
43.62487
43.25663
43.46326
43.11712
43.45202
43.03505
43.56370
43.46210
44.26597
43.61211
44.16508
43.26522
44.78777
44.02298
45.54426
44.54190
