25.21073
22.87981
24.73425
26.08559
25.88482
23.64624
23.89815
22.68096
25.57168
26.79826
26.05665
27.38692
26.96428
25.10669
24.51356
23.73776
23.71647
23.18239
25.71315
26.40225
24.71138
23.85066
23.35495
23.10949
22.79097
22.62421
22.35115
22.22505
21.92992
21.91913
21.44176
23.20288
25.98685
24.41896
23.18513
22.42294
22.64231
22.38177
21.98588
21.64730
21.48074
21.22401
21.09891
21.10709
24.73345
25.80431
23.78714
23.26964
24.16349
25.74572
25.37233
24.00836
23.25879
22.86948
22.48019
22.76252
23.82993
23.03542
22.45663
22.67241
23.63296
24.16740
23.45799
23.22362
23.91967
26.21123
24.92681
23.59912
23.11561
22.75519
22.33820
22.11201
21.74373
22.61689
23.51899
22.45837
21.99201
21.54787
21.43411
21.14496
21.07535
20.80933
20.72875
21.00881
25.54630
26.17307
24.28129
23.12132
22.70946
22.34473
22.43188
22.34604
22.11740
21.49002
23.42806
27.66005
26.24341
24.55010
23.67444
23.51717
24.82612
28.54923
27.97123
26.87188
28.36895
28.52259
26.53776
25.93450
25.83084
25.29934
24.71196
24.37051
24.51914
28.64633
28.37569
26.40109
26.06311
25.85578
28.00175
26.17800
27.29730
29.65590
27.80338
26.35895
25.62186
25.14036
24.85617
24.48739
24.32969
23.97009
23.88853
23.82410
24.87782
24.34277
26.91165
28.10905
27.24787
29.04654
28.04156
26.81834
24.99198
25.03109
23.98390
24.16375
24.63283
25.35112
26.77853
25.38898
24.28794
24.93456
23.08390
23.15750
22.81220
23.95734
23.64301
23.27628
23.09038
22.19281
21.99754
22.12877
21.68657
21.42041
21.62819
21.71904
22.15661
21.06549
21.04418
21.48967
21.50186
23.55436
24.16314
23.25849
22.34108
21.38797
22.64793
22.29601
21.03196
20.78176
21.15626
21.18774
20.74651
21.17413
20.40869
21.25255
22.18579
21.72584
20.65061
20.90730
20.49891
19.62920
19.64709
19.45225
19.73074
19.27335
19.26177
18.82096
19.14456
18.46100
18.83076
19.01197
18.68314
19.41202
22.40514
22.12578
19.81441
19.38688
19.06216
19.05087
19.04962
19.76503
18.95599
19.07682
18.65396
18.86170
18.65247
18.48088
18.34487
17.74178
18.93393
18.37900
18.23138
18.51355
18.73652
18.85990
18.38105
17.91312
17.50028
17.24954
17.31825
17.32826
17.09275
17.52304
17.54254
17.29367
16.70107
16.38934
17.00113
17.23260
17.32484
17.15658
17.11642
17.40402
17.75662
17.37309
17.19212
17.00324
16.30352
16.58308
16.55830
16.32434
16.40110
16.28855
16.18102
16.29143
16.19976
15.90704
16.03747
15.87671
15.72907
15.43474
16.14838
17.35592
17.18173
16.65621
16.40965
16.21326
16.38999
16.08816
16.04516
15.88491
18.99196
21.71361
21.32167
20.86332
20.09936
20.23228
19.38296
19.33622
19.04805
19.32906
18.93946
18.91130
18.46970
18.32568
18.54000
18.44094
18.19207
17.99037
18.33936
18.69528
18.81993
18.55392
18.54433
17.32861
17.16650
17.00617
19.17798
21.22074
20.36044
19.63658
18.53335
18.37892
18.45536
19.12617
18.84661
18.33649
18.22997
18.13031
17.66753
17.83955
17.65882
17.57841
17.93968
21.65460
22.83472
21.46373
20.65533
19.98217
19.70571
19.32125
19.09607
18.97068
18.83769
18.67039
18.56807
18.47612
18.06520
17.67176
17.33502
17.18056
17.12286
17.61652
17.34616
17.07264
16.92195
17.02614
17.38927
17.30029
16.92513
16.77736
16.50272
16.69955
16.79991
16.61216
16.17060
16.09441
16.91290
22.50218
26.48237
24.50300
22.94211
21.89060
21.55273
20.69271
20.29216
20.05308
20.65254
19.70183
19.46412
19.13306
19.27330
18.97381
18.43660
18.48973
18.02687
18.39192
18.68423
19.20740
19.13204
19.43677
19.51662
19.63198
19.60859
19.47320
18.84848
18.93923
19.30397
19.18670
18.20310
17.84120
18.23676
17.74040
17.57398
17.30480
17.29018
16.99611
16.99725
16.78917
16.39720
16.50377
16.38634
16.82215
16.38606
16.32194
16.17615
16.20005
16.56013
16.40290
16.07353
18.45543
21.29431
20.51093
19.83936
18.81778
18.69478
18.60304
18.70190
18.26523
17.84285
18.22261
18.46153
17.90003
17.62411
17.47238
17.41571
17.30423
17.41978
17.80658
17.46969
18.23705
18.40988
21.22372
23.72546
22.35133
21.30841
20.57450
20.74794
20.28038
19.72458
19.39192
19.56685
19.23140
19.29290
18.79239
19.12460
19.03949
19.02359
18.68725
17.84064
17.60742
17.60743
17.53090
17.42592
17.46329
19.58931
23.80940
23.67647
22.30355
21.31815
20.93089
20.59488
20.27142
19.97841
19.91816
20.17890
21.60800
21.18231
20.48953
20.09840
19.75341
19.57901
19.40780
19.17341
18.88575
18.41463
18.36824
18.45759
18.34835
18.33864
18.56762
18.43064
18.64199
19.35691
21.45277
20.37336
24.01097
29.44355
30.00003
33.48699
35.90988
33.25422
35.29941
35.84934
32.91393
31.47054
29.59974
29.20909
32.96276
33.66116
30.84943
29.87011
28.83946
29.73832
29.14566
28.39609
28.43733
28.68002
28.05018
27.47118
27.69220
28.00844
27.32007
26.78361
28.78845
29.43506
29.25101
29.35938
27.63175
27.19321
26.45810
26.40529
25.80763
27.17001
28.55576
27.37340
26.75243
27.55904
27.30399
26.47809
26.07043
25.67610
25.84044
27.04301
26.58203
25.80599
25.35459
25.05420
24.87371
25.61151
25.95112
25.23933
24.77294
24.42575
24.20372
23.98879
24.26337
24.13174
23.71601
23.47312
23.26862
23.06486
22.89152
22.69576
22.54437
22.33355
22.40997
23.17802
23.06454
22.58687
22.29687
22.04263
21.85560
21.64659
21.51220
21.16113
20.97191
20.84019
21.52792
22.68306
22.02063
21.59435
21.35613
21.81687
23.64119
23.21307
24.63527
25.70110
24.22703
25.24476
26.73847
25.59101
24.58163
24.04544
23.66311
24.79253
26.66312
25.60125
24.69667
24.09461
23.83766
23.49319
23.28630
23.92060
28.38104
29.24428
27.39155
25.93876
25.51481
24.77329
26.25443
28.53019
26.89568
25.77023
25.22779
24.84341
24.61209
24.28910
24.17621
23.84894
23.85608
23.50825
25.80223
26.42271
28.82781
30.41528
28.25258
27.33829
26.43737
26.05575
25.78608
25.74274
25.32860
25.05975
24.83253
24.77269
28.25732
28.92679
27.72429
27.42808
26.27283
25.94014
26.08236
31.11825
30.96121
28.66125
27.62854
27.03398
26.64466
26.33326
26.03596
25.78677
25.52024
25.29882
25.06724
24.87473
24.87927
24.73642
24.41752
24.20918
24.12621
24.79380
24.60330
24.12747
23.84911
23.63170
23.45883
23.32450
23.12812
22.95664
22.77755
22.62762
22.45611
22.31162
22.12928
22.01665
21.82864
21.76649
21.98200
21.88119
21.85315
24.68469
25.25769
24.08434
23.64382
23.28607
23.08125
22.82284
22.65124
22.44338
22.27371
22.08091
21.91205
21.73791
21.56809
21.40563
21.23564
21.09197
20.94094
20.81499
20.73855
21.13423
21.05257
20.89030
20.69226
20.60414
20.44143
21.39537
22.89588
22.17745
21.72363
21.29132
21.16797
20.84690
21.46970
22.16998
21.55861
21.20991
20.91983
20.78086
20.56584
20.46506
20.25131
20.19244
19.97870
21.26706
21.97992
21.26329
20.93027
20.74953
20.59156
20.40229
20.28272
20.14811
19.99587
19.87643
19.73990
19.65900
19.52448
19.43955
19.28195
19.19708
19.02960
18.96905
18.78986
18.75732
18.55369
18.58364
17.77377
17.36659
17.38921
18.20905
22.36213
31.04101
33.11670
34.98273
34.72849
34.41519
37.45474
35.38673
33.17184
31.84311
31.12490
30.47295
29.90589
29.91576
30.24909
29.34736
28.86779
28.34068
28.05249
27.64034
27.41323
27.13980
26.90879
26.47914
26.19262
25.97576
25.72141
25.47526
25.24121
24.99453
24.82097
24.61433
24.41853
24.20467
24.05038
23.90228
23.69652
23.49984
23.32389
23.22125
23.02491
22.80100
22.60296
22.43777
22.36621
22.23523
22.03241
21.84654
21.66732
21.52981
21.35321
21.19626
21.02730
20.87447
20.72827
20.57100
20.40638
20.25848
20.09814
19.94852
19.79868
19.65647
19.51003
19.37784
19.23804
19.11418
18.97878
18.84636
18.69672
18.57771
18.37195
18.20436
18.28626
18.15189
18.00920
17.87117
17.75440
17.62642
17.51984
17.40332
17.29667
17.21839
17.12205
17.01459
16.90130
16.79750
16.70004
16.59277
16.50083
16.38695
16.29585
16.18726
16.08722
15.97717
15.88202
15.76968
15.67813
15.56680
15.47887
15.36769
15.29026
15.18057
15.10151
14.98382
14.91646
14.80410
14.74708
14.63659
14.69008
16.27617
19.23480
20.22176
23.86887
28.88022
29.45086
32.79104
32.06258
29.70813
28.28341
27.79464
27.77783
27.05713
26.45493
26.05880
25.67558
25.37910
25.01870
24.77152
24.44914
24.32003
23.98755
23.79095
23.46706
23.32493
22.97150
22.85110
22.49763
22.42093
22.06663
22.02393
21.63052
21.62667
21.20213
21.24970
20.77070
20.86400
20.48213
20.80393
20.26734
20.59352
19.88648
20.39558
22.81362
