17.86905
16.86816
17.70823
17.20643
17.72062
17.32170
17.83490
17.50188
17.87741
17.73575
18.04251
17.80738
17.90649
17.61305
17.63554
17.37836
17.43204
17.26496
17.31696
17.21438
17.31569
17.18485
17.23096
17.50813
18.07559
18.20223
18.26015
18.13729
18.16597
18.10027
18.10674
18.02557
17.98629
17.84772
17.76328
17.63896
17.56526
17.44906
17.41739
17.37815
17.35580
17.45744
17.62503
17.62129
17.64742
17.70526
17.70955
17.65177
17.58500
17.52027
17.48532
17.56286
17.60302
17.57699
17.53259
17.51349
17.53288
17.50820
17.47669
17.43185
17.39378
17.34403
17.31799
17.30534
17.50236
17.72796
17.78375
17.78864
17.72849
17.69021
17.77823
17.85822
17.81492
17.91456
18.14182
18.19107
18.16545
18.16221
18.10197
18.21090
18.39662
18.39653
18.33070
18.28701
18.35108
18.31054
18.22291
18.12525
18.07632
18.04656
18.00075
17.94430
17.89676
17.87761
17.87457
17.86103
17.90129
18.01118
18.16427
18.21158
18.18285
18.12187
18.04645
17.96691
17.90132
17.87281
17.98602
18.18070
18.34557
18.50721
18.58050
18.62581
18.61294
18.58524
18.47065
18.38865
18.27553
18.23033
18.14247
18.10591
18.05605
18.12243
18.07791
18.09296
18.02070
18.03712
17.95895
18.00769
17.90184
18.25911
18.59860
18.71484
15.33353
17.34672
19.52811
18.73830
19.23072
17.26833
15.72078
16.84399
16.14989
16.09763
16.70274
18.47552
19.03822
19.00376
18.12827
17.64555
16.55183
14.88171
15.61233
14.99903
15.28969
14.96276
15.81361
15.46130
17.71629
16.39517
14.53050
16.52198
17.51112
17.73463
17.13401
16.54264
17.42325
19.00110
16.57707
16.85129
18.24333
18.58047
15.89370
16.06082
17.00713
14.92450
17.14038
15.80989
16.01352
16.88096
15.44344
15.76187
15.59528
15.73588
16.24718
16.23500
16.30229
15.98422
17.46023
19.77890
19.40383
18.92051
17.91978
17.96591
17.74140
17.85448
17.48080
18.09912
18.46232
18.96008
18.80808
17.70434
15.90373
15.41274
16.12189
18.24332
18.82915
18.17832
17.95514
18.13681
18.81392
18.09227
18.34876
18.89194
17.97535
15.58502
15.67053
15.36368
15.20972
16.16745
19.21684
15.59429
17.90783
18.53072
15.07670
15.92481
18.98517
19.89060
19.93032
19.24716
18.07366
18.19417
17.79496
16.40026
15.67381
15.52408
15.26104
15.50390
15.43748
15.24367
15.35036
15.90150
15.93775
15.89782
15.85677
15.89876
15.65990
15.54579
15.81235
15.86742
16.32317
17.20263
15.47435
15.84648
15.59817
17.87164
19.37774
18.99922
19.64377
20.06523
18.98685
19.43807
19.87440
19.72347
19.72374
19.52601
19.44860
19.31817
19.24774
19.14536
19.06232
18.97775
18.89845
18.85471
18.77168
18.81319
18.82114
18.88731
18.91517
18.92192
18.83412
18.93933
18.99320
18.94299
19.04824
18.90998
18.60326
19.08274
18.81714
18.91678
18.58203
19.28911
18.12988
17.99845
19.35547
19.32292
19.89036
18.29800
17.16635
18.10649
18.52247
19.85741
18.72565
17.87179
17.87238
19.46558
18.51891
20.42235
20.16318
19.41691
20.26229
19.12731
19.09120
18.58868
16.54744
15.53362
16.07597
16.46091
17.02761
16.94424
17.02148
16.71239
16.67571
16.77022
17.12086
17.07701
17.19851
17.21680
17.49847
16.95192
16.85952
16.90399
17.13773
16.91213
16.77263
16.91395
16.80810
17.42947
17.23495
18.44739
20.55480
20.18921
20.24618
20.03959
19.81719
20.17820
20.17253
20.15279
19.29712
20.08932
20.88883
20.90767
21.63379
21.42131
21.57904
21.30806
21.31766
22.08722
22.79634
22.57874
22.81591
22.71128
21.95068
22.38068
22.12536
22.25989
21.96546
22.33904
19.40320
18.03556
19.65197
19.31752
19.94704
19.68640
19.79250
19.69519
20.14154
20.33664
20.35106
20.25327
19.69601
20.64906
20.72124
20.16530
20.15537
19.72520
19.15045
18.96598
19.50558
19.60665
19.58761
19.65825
19.24053
18.81785
19.08786
18.81956
19.45977
18.88272
19.54390
19.63991
21.28973
21.24007
20.95958
21.18602
20.89520
20.35814
19.95697
19.83685
19.64962
19.64932
19.53176
19.54041
19.55875
19.63516
19.52795
19.40751
19.43030
19.50481
19.77664
20.14768
19.81041
20.48278
20.51749
21.05103
20.89887
20.81100
20.75775
20.69247
20.55672
20.41267
20.30789
20.10453
19.98793
19.96967
19.91967
19.86725
20.08586
20.47229
20.64615
20.83572
20.96920
20.67543
19.73167
19.39656
19.39352
19.40647
19.40163
19.46810
19.60391
19.55207
19.52302
19.51355
19.46047
18.94236
18.57982
18.53569
18.48753
18.31673
18.70424
19.32003
19.52254
19.70229
19.67783
19.58048
19.45097
19.38548
19.26419
19.27931
19.24655
19.57105
19.54462
19.61879
19.59607
19.70908
19.52350
19.72812
19.33765
19.73276
19.97582
19.75031
21.45855
21.66181
21.80634
21.69174
21.33660
20.40127
20.61525
20.81517
20.41590
19.88817
18.52709
19.46986
18.74763
18.48939
18.45927
18.44831
18.75033
18.77073
18.10129
18.36151
18.54458
19.01625
19.00451
19.08132
18.90915
18.91570
18.58240
18.91021
18.82126
19.58504
18.71962
19.18056
19.59491
19.75628
19.65580
19.37927
20.03075
20.04396
20.20438
19.82585
19.73264
19.62754
19.81926
19.64121
19.40893
19.37738
19.50780
20.01182
20.60569
20.30253
20.28362
20.26938
20.31482
20.52434
19.65438
19.17667
18.97445
17.41183
17.14332
17.22420
17.24737
17.18195
18.93349
18.96498
18.91942
18.86111
18.82284
18.74390
18.56664
18.65442
18.58460
18.78093
17.69705
16.44404
16.66724
16.59019
17.23268
17.90132
18.23743
18.23670
18.18292
17.94550
17.76036
17.51800
17.33752
17.24338
17.15396
17.06282
16.95322
16.83671
16.87289
16.94685
16.97192
16.98610
16.93617
16.84376
16.76741
16.75754
17.02048
17.13960
17.23888
17.32633
17.45282
17.59201
17.69767
17.70897
17.66979
17.61620
17.52964
17.49108
17.41323
17.39053
17.31212
17.36834
17.40876
18.22664
18.63717
18.64279
18.75739
18.92632
19.30102
19.07533
19.25527
19.29875
19.38044
19.27299
19.20333
19.15487
18.95794
18.77533
19.01097
18.91524
18.94512
18.82631
18.93185
18.81551
19.10904
19.16551
19.90193
19.94530
20.29576
20.47004
20.51716
20.41565
20.26373
21.40469
20.49238
20.23202
19.79640
19.64324
19.62171
20.66679
20.84448
21.06160
21.07571
21.21804
20.97330
21.68357
21.63541
21.79007
21.84276
21.81006
22.01331
22.24371
22.24199
22.33072
22.59589
22.63899
22.76421
22.62912
22.64114
22.54757
22.36339
20.56062
21.13405
21.27933
20.62457
21.31139
21.42740
21.02497
21.01301
20.54569
20.11366
20.43380
20.85593
20.87157
21.51206
20.54106
20.62270
21.48215
21.27021
21.19318
21.09523
21.22666
21.07243
20.88015
20.27899
20.36779
20.32485
21.10190
22.21047
21.29005
20.93036
22.05575
21.99365
21.40337
21.02181
21.17707
21.07525
20.90416
20.77868
21.20900
21.07104
21.32355
20.92659
20.51792
20.65893
20.46208
20.50959
20.38691
20.70966
20.94089
20.63286
20.55493
20.98163
20.42798
21.36759
20.91362
20.85964
21.21561
21.61417
21.54003
20.71691
21.86049
21.48381
21.72084
21.46831
21.97621
21.30312
21.70668
21.43499
20.65542
22.34123
22.08009
22.15295
22.19830
21.93008
21.65223
21.60683
21.13501
20.38252
20.95184
21.05058
21.05219
21.26482
21.39172
21.75590
21.85821
21.89789
22.32678
22.85842
23.12709
24.28128
25.22964
25.54568
25.94340
26.11883
26.28383
26.13374
26.77264
27.16924
27.17404
27.03937
26.73961
26.40073
26.17558
26.45024
26.77470
26.77818
26.66741
26.44423
26.29941
26.15782
26.04508
25.93506
26.33942
26.65973
26.62482
26.48000
26.25522
26.09427
26.21038
26.26040
26.15386
26.01042
25.91730
26.18216
26.48758
26.89441
27.22389
27.26921
27.44882
27.55365
27.33128
27.04998
26.75058
26.60114
26.44701
26.29938
26.14819
26.04015
25.92095
25.80592
25.72852
25.67523
25.59929
25.53184
25.45747
25.40124
25.33009
25.28602
25.22091
25.18469
25.11650
25.09461
25.02355
25.54811
26.33213
26.45698
26.39102
26.18139
25.93972
25.76506
25.82027
25.76767
25.65806
25.51699
25.40783
25.29341
25.28179
25.42638
25.49190
25.45927
25.50998
25.76228
25.78652
25.67323
25.56554
25.43730
25.30896
25.19833
25.10673
25.02748
24.95886
24.90067
24.84678
24.81753
24.80124
24.75669
24.72138
24.71224
24.69272
24.63403
24.58176
24.53433
24.50388
24.48670
24.64405
24.83614
24.83838
24.94956
25.29231
25.37677
25.29024
25.15860
25.01560
24.89530
24.78955
24.72235
24.66427
24.62045
24.62435
24.61886
24.56651
24.53595
24.52112
24.50023
24.46237
24.42989
24.39070
24.35844
24.32671
24.31000
24.30291
24.31274
24.29627
24.28945
24.27445
24.24956
24.21959
24.19897
24.15777
24.12844
24.09134
24.06869
24.02821
24.00576
23.95697
23.96146
23.94307
24.32096
24.73881
24.80132
24.74299
24.61427
24.47013
24.40133
24.32064
24.24769
24.14687
24.11551
24.11317
24.13937
24.22035
24.48525
24.49346
24.48013
24.32700
24.29185
24.15078
24.17147
24.10972
24.84443
25.83405
26.37490
26.53870
26.70506
26.69066
26.64466
26.22849
26.40710
26.67250
26.81165
26.63946
26.94278
26.88346
26.93420
26.69755
26.92932
26.42325
26.57524
25.90893
