9.09810
8.55503
8.89506
8.55067
8.85746
8.66974
8.83649
8.62496
8.81447
8.98425
9.18422
9.14040
9.33567
9.25725
9.28573
9.17314
9.39242
9.35441
9.33881
9.22043
9.24959
9.19137
9.20998
9.17448
9.21103
9.17138
9.18142
9.15238
9.19156
9.17086
9.17443
9.15533
9.14772
9.33118
9.57969
9.54932
9.48976
9.40803
9.38029
9.33634
9.33232
9.31204
9.36784
9.49588
9.50426
9.44688
9.41395
9.40008
9.39042
9.38185
9.36244
9.35195
9.34737
9.33904
9.33626
9.32982
9.32299
9.31951
9.30675
9.29334
9.28026
9.28583
9.29472
9.28055
9.26356
9.24340
9.23099
9.21072
9.23080
9.29892
9.30936
9.27804
9.30700
9.39152
9.39031
9.35223
9.31353
9.29111
9.27166
9.25775
9.24042
9.26379
9.28193
9.25959
9.23962
9.22460
9.20448
9.18454
9.16921
9.15263
9.13845
9.12862
9.11325
9.09718
9.08002
9.05987
9.04984
9.03604
9.02163
9.00207
9.03682
9.08535
9.07796
9.04687
9.02725
9.00763
8.98518
8.96004
8.94016
8.91883
8.90443
8.88607
8.87419
8.84830
8.83454
8.80553
8.79871
8.76098
8.95034
9.32929
9.40452
9.36312
9.26437
9.20421
9.14944
9.13059
9.09235
9.16276
9.32877
9.39121
9.37567
9.54467
9.64107
9.59377
9.51949
9.46114
9.42518
9.39544
9.38039
9.36366
9.35169
9.34466
9.32343
9.30079
9.27533
9.26198
9.24200
9.21956
9.19637
9.18194
9.19063
9.20157
9.22106
9.53836
9.75760
9.85793
9.88746
9.84314
9.95380
10.05204
10.19904
10.28362
10.26883
10.19585
10.14525
10.13751
10.34936
10.48580
10.61727
10.64916
10.54283
10.58556
10.57221
10.72263
10.99808
11.00413
10.82602
11.06509
11.17672
11.19282
11.36962
11.33848
11.39915
11.49816
11.47747
11.43333
11.62668
11.77585
11.79625
11.66000
11.79633
11.93636
12.25179
12.16487
12.22356
12.32136
12.36934
12.51815
12.65624
12.93598
12.39749
12.22599
12.22881
12.24362
11.83427
11.57312
11.63774
11.53491
11.63292
11.73729
12.09029
12.61100
13.45292
13.39872
13.50108
13.54217
13.61296
13.21540
12.65383
13.29641
13.34910
13.70260
13.79647
13.91464
13.79788
13.60275
13.54555
13.64377
13.57378
13.49596
13.62739
13.89394
13.77250
13.84637
13.57387
13.01303
13.40918
13.94125
13.89663
14.15820
14.03297
14.17946
13.93525
13.67470
14.20132
14.29423
14.44532
14.26047
14.36564
14.28676
14.60097
14.67081
14.80235
14.99855
14.81387
14.77353
14.69862
14.65050
14.58093
14.51197
14.48825
14.55751
14.56691
14.50513
14.49548
14.38185
14.36693
14.29975
14.29046
14.24217
14.36225
14.62271
14.63137
14.58308
14.58955
14.52115
14.44935
14.39521
14.36496
14.39520
14.50492
14.47952
14.45659
14.40616
14.38988
14.40597
14.76263
14.94157
15.00052
15.05433
14.91530
14.84568
15.01537
14.98311
14.86545
14.80193
14.78135
14.72997
14.65407
14.59132
14.54841
14.51458
14.49177
14.45911
14.44561
14.41430
14.49538
14.77122
14.83947
14.78352
14.76456
14.73561
14.62929
14.70905
14.77070
14.67564
14.74804
14.72708
14.68710
14.56127
14.79317
14.60255
13.75672
14.23777
14.65088
14.72734
14.67709
14.65298
14.67130
14.93406
14.89445
14.77334
14.62089
14.53894
14.47350
14.44289
14.40656
14.38616
14.41883
14.48098
14.45879
14.62425
14.71560
14.69397
14.63207
14.62450
14.84762
14.94316
14.95615
14.92191
14.76603
14.66670
14.60349
14.63189
14.65558
14.65027
14.59275
14.75322
14.92900
14.88470
14.75643
14.82560
14.90242
14.80767
14.74520
14.66514
14.60382
14.55957
14.57410
14.55220
14.51947
14.47600
14.44772
14.41567
14.39588
14.36622
14.35584
14.36466
14.37008
14.33343
14.32749
14.29412
14.46692
14.69408
14.71979
14.69940
14.61182
14.50601
14.48581
14.56084
14.52676
14.46653
14.39659
14.40279
14.42143
14.38432
14.33619
14.29815
14.26806
14.24354
14.22414
14.20169
14.18481
14.17200
14.15818
14.13298
14.11642
14.09044
14.07832
14.05742
14.17613
14.33131
14.31647
14.25047
14.17921
14.12848
14.08171
14.05676
14.02904
14.00628
13.98311
13.96314
13.93826
13.92100
13.89997
13.88212
13.85978
13.84238
13.81903
13.80022
13.77280
13.84466
14.02010
14.04806
14.00630
13.92900
13.87389
13.82501
13.80518
13.77885
13.75836
13.72267
13.75529
13.81932
13.81446
13.78384
13.83320
13.87810
13.84585
13.80415
13.90313
14.00642
13.95395
13.91520
13.94656
13.93563
13.88600
13.93935
13.96983
13.98014
13.92913
13.86792
13.81938
13.77456
13.73899
13.71010
13.67640
13.63825
13.60098
13.57810
13.55517
13.53259
13.50277
13.46064
13.39277
13.36405
13.33665
13.31324
13.28788
13.26704
13.24760
13.22873
13.20040
13.19280
13.19375
13.17545
13.14549
13.11947
13.08954
13.09571
13.23009
13.31056
13.31137
13.61321
13.86855
13.86504
13.78035
13.67270
13.58738
13.52701
13.48048
13.43454
13.39697
13.36146
13.32805
13.29561
13.26720
13.23907
13.21050
13.18110
13.16176
13.13814
13.12512
13.09926
13.07192
13.04744
13.02376
12.99978
12.97919
12.95518
12.93231
12.91419
12.89452
12.86643
12.84349
12.82090
12.79710
12.77214
12.74683
12.72127
12.69286
12.66944
12.64790
12.62790
12.60326
12.58039
12.55855
12.53922
12.52076
12.49696
12.47124
12.45088
12.43727
12.42640
12.40429
12.37947
12.35533
12.33266
12.31122
12.30051
12.28063
12.26407
12.25169
12.23877
12.21344
12.18992
12.16272
12.14396
12.11593
12.09644
12.06557
12.05462
12.03991
12.27857
12.57901
12.70208
12.72612
12.79838
12.86993
12.85012
12.78929
12.71870
12.73100
12.82429
12.83204
12.81874
12.79068
12.71735
12.67687
12.63074
12.60008
12.57819
12.55893
12.53140
12.51037
12.48367
12.45530
12.42766
12.40518
12.38996
12.36680
12.34067
12.32919
12.35617
12.34711
12.32580
12.28318
12.38359
12.52545
12.52764
12.47344
12.42199
12.40189
12.36297
12.33336
12.30308
12.28863
12.36087
12.41348
12.38549
12.34437
12.32158
12.31973
12.28997
12.26186
12.23666
12.28841
12.35303
12.34286
12.30047
12.25133
12.25230
12.42415
12.54931
12.57152
12.51325
12.44845
12.39516
12.35349
12.32364
12.30727
12.28809
12.26413
12.23322
12.21253
12.18686
12.17241
12.14317
12.13043
12.09113
12.23053
12.54031
12.63813
12.69634
12.66961
12.62308
12.55217
12.51022
12.49770
12.55813
12.66228
12.67000
12.62306
12.57172
12.52934
12.50146
12.48080
12.46229
12.43718
12.41631
12.39279
12.37387
12.35346
12.34831
12.35021
12.33814
12.30965
12.28659
12.25697
12.24316
12.22163
12.20853
12.22843
12.39790
12.50113
12.47995
12.41476
12.36537
12.33299
12.37181
12.47055
12.49922
12.44934
12.43112
12.53791
12.67777
12.65640
12.67088
13.08136
13.26713
13.32144
13.28181
13.23210
13.33540
13.45007
13.39824
13.36488
13.25995
13.35485
13.63994
13.67897
13.58785
13.61710
13.75347
13.73783
13.66180
13.58026
13.56705
13.56469
13.67045
13.74034
13.77041
13.81467
13.73511
13.85830
14.10899
14.13753
14.15689
13.99762
13.99891
13.95338
13.87799
13.88572
13.86759
13.85688
13.82500
13.80364
13.78125
13.76227
13.74308
13.71150
13.68833
13.68402
13.68359
13.69277
13.69921
13.65590
13.76168
14.04342
14.07275
13.98120
13.90289
13.91171
13.87623
13.83281
13.78145
13.76266
13.73950
13.72040
13.69362
13.68706
13.68637
13.71773
13.72190
13.69837
13.66383
13.64321
13.63631
13.62957
13.59433
13.57861
13.75200
14.12984
14.54595
14.64391
14.53581
14.39785
14.21339
14.24549
14.53157
14.57403
14.47842
14.47799
14.41264
14.38608
14.41784
14.48306
14.50538
14.54937
14.64461
14.76705
14.83222
14.74193
14.90140
14.99314
15.12880
15.21249
15.28267
15.26466
15.33077
15.40019
15.47192
15.41635
15.31499
15.37851
15.37224
15.35897
15.38380
15.43255
15.39104
15.29562
15.24723
15.20818
15.21308
15.60776
15.82905
15.82814
15.71872
15.59480
15.57038
15.59112
15.60625
15.65381
15.62161
15.55906
15.40665
15.29862
15.57633
15.87149
15.86406
15.76889
15.62908
15.53899
15.52966
15.54951
15.51109
15.47820
15.47947
15.53396
15.62837
15.64760
15.59347
15.56007
15.55518
15.50404
15.61219
15.77596
15.74890
15.66796
15.63323
15.64132
15.60398
15.53421
15.50408
15.55839
15.55049
15.51489
15.46580
15.43488
15.41016
15.40302
15.39105
15.36997
15.34766
15.32920
15.32332
15.29834
15.24755
15.23125
15.22206
15.22192
15.20860
15.18419
15.16558
15.15306
15.13620
15.11512
15.11208
15.10413
15.09108
15.07036
15.05449
15.03019
15.08394
15.15961
15.15047
15.11312
15.09084
15.33954
15.55831
15.56736
15.50453
15.46236
15.39464
15.33085
15.28413
15.24018
15.22504
15.23073
15.33087
15.46881
15.42374
15.34460
15.24783
15.18933
15.14442
15.11626
15.08332
15.06819
15.08221
15.09150
15.05441
15.01901
14.97744
14.96080
14.93453
14.94935
14.94291
14.96855
15.10322
15.29444
15.42797
15.38827
15.24928
15.28945
15.51596
15.52782
15.39876
15.27302
15.18603
15.14247
15.06845
15.12153
15.22546
15.22225
15.12409
15.06720
14.97242
15.12547
15.41935
15.45049
15.37765
15.40139
15.36115
15.47218
15.44274
15.39910
15.26617
15.25908
15.20398
15.30183
15.21860
15.30504
15.17799
15.38391
15.27473
15.34800
15.12919
15.22998
15.00949
15.17174
14.92940
15.14365
14.87637
15.20529
14.86423
15.39419
15.04422
15.72000
15.21277
