28.08358
26.48480
27.61663
26.53293
27.28415
26.54091
27.08082
26.52192
27.02761
26.48875
26.76845
26.37511
26.70924
26.41116
26.63655
26.31296
26.66266
27.32951
27.70561
27.19549
27.18077
26.86649
27.62550
27.90703
27.66419
27.33177
27.24271
27.06150
27.29401
27.44398
27.51612
27.27922
27.15763
27.01285
26.97281
27.11125
27.23026
27.13087
27.00674
26.87977
26.80228
26.70902
26.65251
26.56064
26.48423
26.40440
26.32303
26.23214
26.14182
26.05940
25.96372
25.87333
25.77696
25.68606
25.58214
25.48643
25.38707
25.29770
25.19021
25.15217
25.21355
25.17504
25.07871
25.04657
24.92911
24.86790
24.85181
24.87472
24.81639
24.71148
24.55670
24.83802
25.47145
25.31540
25.11479
24.94475
24.91360
24.94516
24.92350
24.83172
24.69778
24.58841
24.50217
24.41569
24.34414
24.27301
24.21926
24.15677
24.08384
24.00182
23.95950
23.94586
23.86537
23.78019
23.70218
23.63116
23.67688
23.68044
23.60360
23.55933
23.43657
23.34587
23.25016
23.34479
23.38110
23.27808
23.18438
23.20760
23.22982
23.26042
23.32865
23.17646
23.06819
22.96511
22.91029
22.82530
22.77277
22.69761
22.65645
22.58375
22.52441
22.48561
22.77052
22.80412
22.67448
22.59314
22.58068
22.56205
22.52377
22.40062
22.54755
22.63736
22.73584
23.45680
24.73612
25.65607
25.80199
26.40850
26.65377
26.70468
26.82180
27.43147
27.72726
27.47210
28.40715
29.11205
28.56002
28.37428
28.23900
28.12023
28.22610
28.83584
29.69432
30.61070
30.10173
29.91529
29.80724
29.88103
29.85905
29.74227
29.71364
29.68184
29.46520
30.24077
31.10021
30.83807
30.64408
30.63913
31.37617
32.53112
32.40441
31.92402
31.69615
31.70751
31.92883
31.94543
31.89067
31.77606
31.64098
31.59418
31.49555
31.47042
31.39667
31.53961
31.38870
32.32111
32.78688
32.15081
31.82445
31.66293
31.79447
32.78346
32.90856
33.02615
33.70504
33.09886
32.58355
32.38628
32.94294
33.18552
32.63833
32.34884
32.22038
32.11242
32.05060
32.01290
31.99922
31.92351
32.01568
32.01936
32.69741
33.66573
33.25621
32.87668
32.60975
32.40627
32.51447
33.01110
32.78667
32.41661
32.19373
32.01417
31.92367
31.75775
31.65054
31.51793
31.38171
31.39261
31.32407
31.28801
31.25312
31.15094
31.10419
30.89413
31.47109
33.18117
33.55065
33.13514
33.38289
34.66844
34.16758
34.54714
35.00974
34.06857
33.58758
33.24857
33.09098
32.87589
32.74085
32.53619
32.43532
32.28246
32.17459
32.09199
31.99471
31.89858
31.77968
31.61997
31.48454
31.44675
31.38437
31.25944
31.13528
31.03286
30.88662
30.80819
30.73587
30.69376
30.58299
30.37720
30.20190
30.06185
29.91779
29.78084
29.64141
29.51179
29.46667
29.54575
29.48878
29.31884
29.19846
29.07628
28.99503
28.84653
28.70815
28.56692
28.62363
28.72670
28.58558
28.39811
28.26780
28.14121
28.71484
29.25736
29.01264
28.83082
28.64302
28.46667
28.45137
28.41653
28.37673
28.27473
28.32520
28.59032
28.47614
28.34782
28.22338
28.09056
28.01977
27.96866
27.88471
27.92316
27.86312
27.92414
28.18834
28.16540
28.01441
27.87828
27.96010
27.95767
27.80465
27.69869
27.59612
27.54776
27.43578
27.35308
27.22584
27.13820
27.00966
26.94599
26.84551
26.77191
26.64737
26.59243
26.43412
26.51050
26.45109
26.71588
26.64673
26.77839
26.97758
26.87056
26.83123
26.80638
27.14503
28.28975
28.73556
28.51569
28.43923
28.20547
28.00148
27.76404
27.92295
28.42782
28.47671
28.32283
28.34748
28.39626
28.63921
28.36563
28.14143
28.47827
29.73097
30.33219
30.00979
29.97594
29.61722
29.33676
29.32110
29.27577
29.21587
29.13650
29.08719
28.98164
28.96748
28.90315
28.83424
28.73711
28.89976
29.14056
29.08910
29.12589
29.55612
29.72067
29.51223
29.34864
29.07109
28.98868
29.15204
29.28200
29.22899
29.59827
29.78569
29.81437
29.72134
29.75805
29.45864
29.70442
29.94616
29.77862
29.72385
29.64207
29.63367
29.59044
31.11327
31.68462
31.56060
31.57178
31.38618
31.29414
31.37931
31.29391
31.16729
31.31243
31.52473
33.06117
33.43177
32.86377
32.49015
32.29036
32.22197
32.20733
32.11089
32.10898
32.31997
32.22193
32.06239
31.98988
31.91083
31.88203
31.71575
31.58394
31.47399
31.48557
31.48555
31.26235
31.12961
30.98247
30.99116
30.89521
30.76319
30.72055
30.63439
30.54343
30.43204
30.30196
30.20467
30.00221
30.04860
30.30351
30.19774
30.01083
29.93187
29.81555
29.90235
29.77323
30.03200
30.71507
31.33926
31.67401
31.34394
31.26056
31.08662
30.96451
30.87118
30.78586
30.68981
30.60361
30.43144
30.33553
30.35230
30.54716
30.37727
30.24630
30.14082
29.98848
29.88124
29.74014
29.62626
29.52179
29.42132
29.30023
29.18072
29.07138
29.02520
28.90174
29.06641
29.37546
29.24995
29.12449
28.96816
28.92808
28.95002
29.54826
30.51632
30.99870
30.70249
30.34679
30.12780
29.94835
29.73765
29.70513
29.85295
29.74640
29.65571
29.43469
29.35524
29.33607
30.14267
32.41251
32.67514
32.22737
31.92535
31.68174
31.50235
31.33441
31.24859
31.20001
31.10159
31.06107
30.97727
30.81303
30.66339
30.57434
30.48912
30.40320
30.36347
30.33662
30.26949
30.15786
29.97032
30.08726
30.32984
30.33842
30.89214
32.14729
33.64566
33.06867
32.95548
33.32763
33.43521
33.43006
33.17718
33.21284
33.06673
32.95072
32.84902
32.71062
32.56268
32.45614
32.34490
32.15845
32.03544
31.97289
32.09510
32.12706
31.95976
32.02416
32.00365
31.96615
32.21444
32.11793
31.89439
31.84498
31.59646
31.51321
31.43496
31.83634
32.36681
32.12577
31.87025
31.90967
32.29992
32.02444
31.81616
31.63880
31.89093
32.30149
32.17498
31.92346
31.82483
31.63697
31.76426
31.85628
33.06179
33.79533
33.27317
32.91383
32.84514
32.97277
32.73537
32.59217
32.47245
32.40252
32.35765
32.29429
33.01046
33.53120
33.13941
33.47097
33.64892
34.43162
34.63957
34.28213
34.43698
35.28626
35.40217
35.00455
34.74971
34.57002
34.26586
35.86798
37.16956
36.49201
36.22273
35.89360
35.82238
35.42900
35.27228
35.04648
35.53867
35.95249
35.65523
35.43775
35.35944
35.26244
35.04245
34.96696
34.72670
35.29533
35.59648
35.15539
34.94882
35.12853
35.22422
35.53112
36.36028
35.88883
35.60074
35.23983
35.18091
35.03134
35.34550
35.72316
35.52914
35.36872
35.18034
35.02757
34.92661
35.03059
35.04653
34.75027
34.64499
34.37113
34.08690
34.01379
34.06212
33.89725
33.96673
33.82061
35.96672
37.56355
36.83040
36.36032
35.96072
35.97239
35.66071
35.55870
35.27878
35.12577
34.91432
34.76069
34.56360
34.40583
34.31831
35.33128
35.65667
35.45807
35.11138
34.92065
34.78732
34.62658
34.46605
34.26386
34.10968
33.97629
33.88085
33.76988
33.61170
33.55463
33.49110
33.34113
33.21537
33.09428
32.98025
32.95178
32.89644
32.76255
32.80122
32.69817
32.55791
32.41499
32.26645
32.16834
32.78746
34.00299
33.97533
33.64877
33.80297
34.98957
35.90569
35.57962
35.14979
34.84686
34.66596
34.45524
34.61869
34.84611
35.40089
36.08406
35.66593
35.30607
35.16631
35.06546
34.88326
34.79784
34.80066
34.76752
34.62415
36.11254
37.54900
37.33683
38.70779
38.84083
38.04719
38.62661
40.14813
41.10292
41.62172
40.91861
40.22501
40.28796
40.17887
39.29396
39.01245
38.56775
38.58656
38.53607
38.52556
39.11074
38.37257
37.68650
37.41298
37.09847
37.05458
36.96919
36.82370
36.95314
36.74670
36.55359
36.48451
36.31119
36.22878
36.16379
36.07024
35.94232
36.03458
36.04914
35.82560
35.72096
35.49683
35.39914
35.32277
35.26072
35.15167
35.09707
35.00220
34.92914
34.82436
34.90062
34.93841
34.80814
34.69289
34.56626
34.47244
34.36322
34.25768
34.17380
34.12230
34.04573
33.96067
33.85393
33.75541
33.66688
33.58541
33.48065
33.36308
33.25302
33.14595
33.01963
32.92592
32.81566
32.70273
32.59151
32.48790
32.35302
32.35596
32.53901
32.46196
32.29326
32.15725
32.01865
31.90206
31.77317
31.65544
31.54169
31.51657
31.42116
31.51051
31.59780
31.40655
31.23732
31.12518
31.02691
30.89476
30.84552
30.75819
30.64263
30.51907
30.40237
30.28070
30.16604
30.04698
29.94046
29.83022
29.72792
29.61501
29.50567
29.39048
29.29135
29.18046
29.09093
29.02946
28.97429
28.88918
28.78062
28.66534
28.64790
28.61942
28.53435
28.45693
28.34274
28.24310
28.14611
28.08709
28.01901
27.93081
27.80922
27.71213
27.61614
27.53681
27.43746
27.35172
27.24803
27.17076
27.07585
27.00138
26.88828
26.81059
26.70798
26.62280
26.51893
26.44435
26.32946
26.25080
26.13218
26.07051
26.01823
26.05500
25.93349
25.86967
25.74795
25.72841
25.68843
25.71344
25.55966
25.54034
25.37457
25.37633
25.18928
25.15516
24.94892
25.05903
25.13141
25.65025
25.42446
