7.71385
7.50368
7.69710
7.29428
7.32893
7.11468
7.33346
7.24403
7.32862
7.19913
7.21435
7.06719
7.07721
6.97027
6.99180
6.90402
6.92847
6.86037
6.89424
6.97842
7.08376
6.99410
6.94449
6.87455
6.86406
6.79658
6.78498
6.74411
6.75024
6.71441
6.70229
6.66789
6.65836
6.62340
6.61354
6.59435
6.58106
6.54972
6.53540
6.50958
6.49263
6.46858
6.45372
6.42726
6.40861
6.38644
6.36652
6.34535
6.32610
6.30576
6.28655
6.26611
6.24607
6.22731
6.20680
6.18829
6.16914
6.15089
6.13441
6.11350
6.09407
6.07521
6.05678
6.03656
6.01885
5.99966
5.98172
5.96173
5.94479
5.92527
5.90736
5.89027
5.86939
5.85190
5.83522
5.81565
5.79876
5.77975
5.76199
5.74684
5.73012
5.71252
5.69638
5.67832
5.66161
5.64527
5.62841
5.61263
5.60052
5.59059
5.58098
5.57936
5.63964
5.68326
5.70870
5.70308
5.67475
5.65184
5.63010
5.61287
5.59480
5.57976
5.56583
5.55317
5.53922
5.52538
5.51312
5.49720
5.50002
5.52479
5.53095
5.51552
5.50036
5.48959
5.47189
5.46189
5.44904
5.43683
5.42423
5.41514
5.40012
5.38751
5.37493
5.38645
5.52197
5.91804
6.19251
6.38309
6.48439
6.47252
6.40250
6.35216
6.23346
6.18107
5.99393
6.36858
7.23672
7.38056
7.61257
8.07746
8.20698
8.26772
8.12873
8.47102
8.63338
9.27145
8.84825
8.81476
9.05146
8.94761
8.98019
8.85038
8.78445
8.62845
8.59595
8.46182
8.76273
9.19416
9.24758
9.10379
9.02273
9.10801
8.99043
8.76204
8.62650
8.35163
8.25277
8.46463
8.13887
8.22890
8.36460
8.31268
8.58899
8.52795
8.33857
7.81119
7.72343
7.79275
7.69948
7.63216
7.49013
7.62068
7.46924
8.02872
9.50387
9.71932
9.43192
9.08639
8.93199
9.43373
9.90638
9.86999
8.80159
8.03725
8.22459
8.61430
9.47288
9.03016
9.05607
8.99521
9.20562
9.78590
9.83099
9.50273
9.26847
9.33943
9.08168
9.18647
9.08144
8.79281
9.05320
8.92980
9.21428
9.36874
9.03284
8.90576
8.69042
8.70931
8.41746
9.16097
9.12743
8.89370
8.67632
8.53005
8.81128
9.14706
8.45116
8.23490
8.24807
8.34959
8.53035
8.44071
8.42228
8.55226
8.50616
8.42227
8.51155
8.57658
8.70563
8.76232
8.57809
8.69893
9.00111
9.12953
9.23982
9.54116
10.10966
10.26385
10.54105
10.39053
9.67546
9.29101
8.98180
8.88838
8.98057
9.07780
9.01339
9.12199
9.14775
9.13797
9.20255
9.10650
8.98671
8.90960
8.72078
9.59176
10.04233
9.95853
10.05872
9.98129
9.75893
9.31452
8.85131
8.92725
8.73133
8.76866
8.75448
9.01483
8.94677
9.27257
8.99343
8.91842
8.60530
8.92429
9.30006
8.84500
8.54821
9.12661
9.15098
9.33844
9.24543
9.74973
9.72569
9.48192
9.59307
9.27096
9.04076
8.74843
8.56393
8.73241
8.71633
9.51925
9.90139
9.75875
9.42462
9.33952
9.27809
8.87495
8.89113
8.60813
8.58483
8.47618
8.50600
8.38520
8.45278
8.27633
8.31476
8.26177
8.37640
8.34745
8.30851
8.16566
8.28602
8.51586
8.55029
8.61786
8.98297
8.83328
8.44687
8.56733
8.58414
8.42021
8.35186
8.50558
8.32561
8.14286
8.12680
8.30808
8.46914
8.45304
8.44728
8.40954
8.30929
8.35056
8.25484
8.15319
8.23914
8.30613
8.39254
8.52833
8.51048
8.48416
8.37892
8.33343
8.59506
9.45824
9.29549
8.89747
8.89314
9.00067
8.76137
8.52306
8.41853
8.63475
8.92394
8.85111
8.67526
8.53162
8.42758
8.51875
8.66040
8.54218
7.98173
8.30908
8.34219
8.90302
8.81990
8.75727
8.90865
8.47927
8.77202
8.63811
8.14571
8.01244
7.94750
7.95902
8.07485
8.02600
7.97266
7.84424
8.04389
8.06251
8.63854
8.09224
8.14026
8.26252
7.88130
7.72550
8.02723
8.48146
8.21954
8.29692
8.40347
8.65164
8.83713
9.37003
9.14418
9.27745
9.23983
9.34286
9.18551
9.30728
8.81463
7.96157
8.08158
7.84906
7.87362
7.90312
7.96821
8.22882
8.82927
9.39511
8.96711
8.86307
8.55176
8.08106
8.64757
8.68769
8.63270
8.57371
8.30045
8.74962
9.01448
8.68832
7.86629
8.30902
8.70043
8.93493
8.43301
8.29510
8.35995
8.40925
8.31032
8.29106
8.09320
8.02199
8.03089
7.98125
7.96847
7.92943
8.16258
8.25907
8.23755
8.10092
8.07909
8.04333
7.99711
7.95289
7.98112
7.93309
7.82245
7.75745
7.95553
7.84908
8.36799
8.72153
8.83877
8.92250
8.83507
9.25887
9.38471
8.96554
8.40069
8.65344
8.21876
8.66628
8.83612
8.86614
8.54577
8.82876
8.78767
8.96755
8.77614
8.83897
8.87093
8.82507
8.81914
8.75236
8.72692
8.84918
8.90101
8.89508
8.85835
8.84748
8.83608
8.89670
8.92013
8.85884
8.81453
8.75276
8.76985
8.69554
8.65596
8.66567
8.67798
8.58762
8.43151
8.68643
8.57137
7.62404
7.60910
7.59042
7.71790
7.80210
8.24773
8.59620
8.94351
9.39801
9.11220
9.10059
8.48652
8.11229
8.11459
7.93831
8.23492
8.28879
9.03350
8.62766
8.92266
9.14466
9.09201
9.25783
9.26379
9.22878
9.12945
8.77289
8.57286
8.56150
8.53425
9.27723
9.71297
9.64469
9.55889
9.50998
9.45402
9.47691
9.57958
9.49846
9.53394
9.41532
9.41443
9.43362
9.40012
9.31765
9.37564
9.28883
9.20643
9.10482
9.03705
9.25174
9.26254
9.18891
9.15456
9.04120
9.08935
9.05131
9.00353
8.27441
7.99898
8.17344
8.74953
8.90858
9.04543
8.67899
8.19708
8.82357
9.07562
9.20417
8.36168
8.25493
8.75853
8.54459
8.89691
9.57459
9.64350
9.76644
9.84625
9.91995
9.72877
9.67092
9.49059
9.52389
9.62980
9.61179
9.49303
9.41764
9.58803
9.61926
9.43891
9.76940
10.43859
10.69733
10.41609
10.02724
9.94728
9.98523
10.07352
10.51743
10.49270
10.43907
10.55819
10.51953
10.24675
10.57839
10.26569
10.99253
10.93971
10.54315
10.98575
10.53060
10.32408
10.33527
10.28675
10.15994
9.29558
9.49888
10.27932
10.33357
9.56744
9.31107
9.30642
8.88489
9.24296
10.26235
9.39381
8.49427
8.88886
8.75022
9.84942
9.18657
9.70909
9.97602
10.14580
9.68013
9.04104
9.19101
9.39129
10.11950
9.89008
10.28535
9.11730
9.10416
9.11605
9.12577
8.91922
8.94664
8.84897
9.00943
8.78233
8.70951
8.73032
9.06703
9.43232
9.35704
8.98583
9.65607
10.36281
10.23103
10.13084
9.59269
9.64125
8.60436
8.34562
8.32802
8.32135
8.28388
8.22045
8.14441
8.12346
8.03148
7.96311
7.90716
7.81400
7.68061
7.83553
8.09362
7.95952
7.88476
7.88175
7.90419
8.29409
8.67936
8.51737
8.31603
8.33892
8.45323
8.50364
8.42339
8.24134
8.15092
8.14702
8.34513
8.25576
8.49876
8.11822
8.48735
8.48904
8.88748
9.15358
9.24798
8.97840
8.63627
8.53227
8.31051
8.02511
7.91793
7.95364
7.99988
8.12010
7.90427
7.84096
7.79552
7.67546
7.61795
7.53177
7.47976
7.41076
7.36140
7.29770
7.26000
7.20353
7.17505
7.11346
7.21864
7.42163
7.55863
7.62806
7.48706
7.41083
7.34951
7.32726
7.29810
7.28542
7.23483
7.19862
7.13361
7.13592
7.15059
7.12543
7.07889
7.02761
6.97466
6.93471
6.89990
6.87167
6.84426
6.81669
6.78990
6.77205
6.74370
6.71564
6.68905
6.66446
6.63805
6.61719
6.59335
6.57026
6.54198
6.51847
6.49460
6.47322
6.45193
6.43236
6.40942
6.38853
6.36447
6.34648
6.32989
6.32009
6.31312
6.28441
6.25845
6.23601
6.21711
6.19717
6.17924
6.15600
6.13477
6.11818
6.10075
6.07879
6.05923
6.04485
6.03075
6.02577
6.01482
5.99452
5.97865
5.95815
5.94096
5.91855
5.90136
5.88610
5.86658
5.84680
5.82848
5.81256
5.79613
5.77832
5.75973
5.74198
5.72559
5.70713
5.69108
5.67429
5.65583
5.63864
5.62229
5.60499
5.58917
5.57004
5.55608
5.54603
5.53070
5.51440
5.49662
5.48071
5.46274
5.44763
5.43149
5.41578
5.40336
5.38794
5.37572
5.35890
5.34372
5.32509
5.30850
5.28953
5.27390
5.25677
5.24004
5.22096
5.23010
5.27206
5.31390
5.32261
5.30358
5.29310
5.27252
5.25485
5.23523
5.22017
5.20413
5.18616
5.16987
5.15497
5.14053
5.12670
5.11010
5.09565
5.08043
5.06506
5.04896
5.03762
5.01956
5.00978
4.99503
4.98441
4.96951
4.95908
4.94140
4.92999
4.91452
4.90783
4.89265
4.88242
4.91903
4.98635
4.99707
4.99321
4.96576
4.98579
4.95740
4.96996
4.93914
4.95191
4.91591
4.93491
4.89611
4.92279
4.88395
4.92141
4.87382
4.90898
4.85021
4.89819
4.82736
4.88723
4.79529
4.88079
4.75692
4.87721
4.71084
4.91344
