28.55818
28.06329
28.73220
27.14238
28.42519
28.02334
29.25518
28.56089
28.33251
27.51301
27.75493
27.68974
29.37414
29.32330
29.08574
28.05785
27.69335
27.41685
28.03757
28.43751
28.43229
28.97700
29.15159
28.71812
29.02396
28.34960
28.38019
28.58607
28.14913
27.67501
27.48219
27.42306
27.51932
27.29596
27.15655
27.03299
26.98430
27.11735
27.38025
28.03146
28.08063
27.29021
26.76295
26.38593
26.39624
26.22166
26.93345
27.96143
27.41015
26.94277
26.81505
26.94928
27.20055
26.90726
26.53183
26.39384
26.27996
26.16142
26.09356
26.13397
25.93934
25.82343
25.68358
26.54685
26.80122
26.19214
25.80004
25.50734
25.37407
25.29264
25.48323
25.44776
25.77142
25.97866
25.64132
25.73388
25.86560
25.76387
25.45210
26.32705
27.10152
26.58111
26.07257
25.77130
25.66994
25.61916
25.58837
25.60437
26.03122
25.89573
25.65253
25.51610
25.47969
25.45705
25.36707
25.23640
25.14702
25.03285
25.03349
24.94614
24.86124
24.76922
24.71697
24.63100
24.57669
24.50679
24.48724
24.49115
24.43632
24.34928
24.35640
24.38035
24.46216
24.41381
24.24703
24.15436
24.09020
24.09425
24.69875
25.30775
25.06255
24.73132
24.42952
24.30297
24.94234
25.88877
26.08035
26.60060
27.03239
28.03002
27.71631
28.23051
29.57545
28.64073
29.26471
30.56504
32.81380
34.21689
35.54304
36.18908
37.07583
36.45148
35.85216
37.89285
38.01605
37.18198
36.46748
35.64824
35.48267
35.85313
35.93840
35.19550
34.96734
35.04670
35.78484
36.43663
36.81511
35.82145
35.25220
34.58448
34.34889
34.40498
34.56209
33.64532
32.81791
33.34303
33.13824
33.45817
32.91040
33.11436
32.64109
33.34627
32.45326
32.78621
32.53419
34.23032
34.75329
35.72918
36.10970
35.44246
35.51385
35.82087
36.06642
35.37664
34.25406
34.15096
35.35909
35.06829
34.48547
34.43002
34.43718
34.17887
33.90962
33.99067
34.02434
35.05884
35.36881
35.42038
34.89325
34.63948
34.28174
34.17892
35.39340
35.56971
35.67153
35.02092
34.60095
34.50210
34.88920
34.70792
34.51641
34.12172
34.13461
33.87113
34.32099
34.35649
34.16216
34.35243
33.99587
33.78304
34.33001
34.16328
34.25337
33.46206
33.36999
32.85227
33.40943
34.15669
33.93047
35.12096
35.62271
36.37598
35.67336
36.82897
37.56074
36.69283
36.09368
35.40198
35.17415
35.70411
36.21761
36.28150
35.86977
35.10968
35.07400
35.06930
35.52239
35.35057
36.25613
36.48828
35.80324
35.84530
34.90172
34.10049
36.34194
36.98009
36.18066
35.70926
35.11987
36.05192
36.70397
36.13533
35.76894
35.89916
35.24148
36.36824
37.71626
37.51691
38.00767
37.46045
37.17912
37.00883
37.10189
36.77370
36.99723
36.69149
36.72374
35.45681
32.37404
32.17870
33.69130
32.16337
32.26155
31.84058
30.39726
35.05089
36.17848
36.39749
36.50175
36.21548
35.92848
36.62931
37.35715
37.89776
37.81689
37.52931
38.83835
38.82008
38.13618
37.48033
37.25034
37.22195
38.50832
39.18424
38.29957
37.66678
37.19575
36.96243
36.78809
37.29562
37.90542
37.17714
37.39956
37.84758
37.79292
38.00106
37.78516
37.57647
36.95673
37.85605
39.34149
39.29172
38.95069
39.11665
38.48273
38.51369
39.09167
38.73722
38.36218
38.11595
38.08718
38.45743
38.23600
38.77857
39.17370
38.65800
38.26768
37.83307
37.67019
37.40800
37.21568
37.06698
37.22993
36.94349
37.41883
37.40060
37.08811
36.79552
36.80219
37.13495
37.27848
37.54655
37.13590
35.91544
36.66200
37.64634
37.47543
37.45589
36.60280
35.48206
35.76683
38.42580
39.49845
38.58378
38.14384
37.83462
38.14587
37.97470
37.91849
37.06112
37.26528
37.62671
37.31565
38.64874
38.72872
38.63648
38.29740
37.76008
38.43417
39.26870
39.67810
39.36271
39.56263
40.17613
39.47667
39.14143
38.46914
38.72187
38.25894
38.47841
39.63340
39.31786
38.49087
37.78819
37.42228
37.15913
37.02309
37.59306
38.03727
37.72134
37.58144
38.53020
38.97563
38.25656
38.03020
37.73439
37.56201
37.47121
37.56558
37.84187
37.94188
37.54512
37.48452
36.85841
36.99298
37.87453
39.67005
39.76066
39.58380
40.22711
39.87444
39.41477
39.09802
38.98435
38.81151
38.79930
39.29971
39.77294
39.39417
39.17004
38.92858
38.71676
38.59055
38.67231
38.77850
39.03483
39.17237
39.53537
39.50738
39.05633
38.78164
39.02197
40.10722
40.02812
39.76732
39.22158
39.01549
38.98004
38.98854
38.83072
39.46165
39.67491
39.26251
39.12768
38.72381
37.69094
40.01623
41.23392
40.67676
40.33691
40.50924
40.06430
39.86161
38.85735
39.91640
41.46133
41.04028
40.49695
40.08523
39.89554
39.83587
40.48010
42.31879
43.19978
43.30157
43.80985
43.00009
42.52596
42.13029
41.98421
41.75832
41.67172
41.52100
41.44525
41.28818
41.20671
41.11815
41.15232
40.97408
40.96140
40.71987
41.13960
41.14228
40.78811
40.47550
40.29575
40.26097
41.61299
41.97023
42.84379
42.59650
41.80503
41.74046
41.73613
41.53300
41.41306
40.70395
40.75264
42.67550
42.75014
42.19029
41.29487
41.78313
41.19885
40.97180
41.52823
41.40634
41.48662
41.50692
41.61681
41.73552
41.11609
40.73395
40.43124
40.47533
40.36981
40.63077
40.62819
40.26619
40.00251
39.88116
39.71917
40.20342
40.56407
40.35263
39.98134
41.18517
42.54306
42.94307
42.61913
41.61695
41.11341
40.81462
40.68459
40.81882
41.23924
40.87232
41.54278
41.46914
40.90690
40.62998
40.48499
40.31310
40.22965
40.13921
39.65176
39.38028
39.65394
39.39933
39.17703
39.61687
39.64390
39.55683
39.38586
39.31682
39.28772
39.53801
39.50463
39.79667
40.42489
41.15915
41.95065
41.23908
41.05963
41.38532
40.93652
40.50441
40.16895
40.01055
39.88306
40.13869
40.53893
41.21604
41.38580
41.14070
40.65330
40.02383
39.64208
39.65079
39.61435
39.34307
39.07963
38.99709
38.89754
38.73860
38.52780
38.39594
38.16722
38.59307
40.37045
41.30264
41.10520
40.27706
39.52998
39.11915
38.91116
39.31876
39.40056
38.82544
39.32680
39.79773
39.21532
39.09823
39.79253
39.80252
39.95922
40.04487
39.32595
40.46939
40.96292
41.65222
43.48262
43.11777
42.24096
41.77694
41.69911
41.42061
41.28658
41.04710
40.82992
40.70622
41.24793
41.23117
40.86686
40.47458
40.35093
40.24095
40.28780
40.19831
40.03902
39.68851
39.86115
39.95375
39.81239
41.51886
42.48905
43.60578
43.89408
43.73785
43.77776
43.10188
42.66821
43.14040
43.83076
44.22717
44.24498
45.84272
45.29403
44.45898
45.13621
45.16804
44.16228
43.51591
43.74390
44.17641
43.67565
43.82210
44.48283
44.17258
43.31468
42.71202
44.01289
44.60721
44.01821
43.83821
43.38014
43.48768
44.17413
44.00150
43.61935
43.63136
43.87049
43.42954
42.95362
42.67044
43.35110
42.92809
42.35291
41.71732
41.64739
41.48634
41.47927
41.67043
41.92096
42.34521
41.91659
41.72133
41.79180
42.28472
41.97070
41.42309
41.39129
41.27746
41.29039
41.03752
40.82903
40.62827
40.48568
40.30782
40.20695
40.07343
39.98317
39.85319
39.79377
39.69741
39.63422
39.44315
39.38771
39.37413
41.38611
43.95685
45.27928
45.63457
46.45506
47.21226
47.53821
45.40888
44.96662
46.10809
45.61675
46.04268
47.73623
47.21477
46.11338
46.92334
46.01528
44.98935
44.38951
44.06579
43.73771
43.65575
43.88997
43.72028
43.27913
43.13312
42.90038
44.28854
44.89605
44.37289
43.47938
43.56030
44.02210
43.13364
43.16065
43.86842
43.62574
43.49860
43.84319
43.55520
43.23012
43.82377
45.24767
44.52102
43.90507
43.08472
44.31416
45.23546
45.75824
46.78318
45.93838
45.11904
44.21830
43.90336
43.63783
43.47171
43.87232
44.59343
43.98326
43.52352
43.20736
43.02057
42.86890
42.72222
42.52411
42.36804
42.26363
42.12235
41.99793
41.79262
41.92690
42.27840
42.70104
43.11141
42.49037
42.18118
41.94994
41.64673
41.32293
41.23267
41.10559
40.97671
40.79661
40.71300
40.59954
40.50226
40.38471
40.27616
40.18564
40.06976
39.97883
39.89259
39.81794
39.72693
39.63578
39.54181
39.46393
39.36870
39.29054
39.18585
39.13918
39.03263
38.98488
38.91843
38.88532
38.91369
38.98657
39.14911
40.53677
41.44923
41.90610
41.55342
41.61695
42.04523
41.97925
41.46459
41.50420
41.34444
40.79073
40.45366
40.98734
42.23865
41.85670
41.23912
40.60886
40.40538
40.12754
40.25780
40.29361
40.55311
40.92372
40.40065
40.10030
39.89683
39.81508
39.68695
39.67444
39.54674
39.53250
39.42698
39.48632
39.32705
39.32947
39.17632
39.22363
39.05418
39.11331
38.93821
39.04459
38.82129
38.95078
38.68652
38.87667
38.57473
38.77534
38.41716
38.68033
38.28456
38.61310
38.13660
38.56282
38.00234
38.53785
37.82312
38.58836
37.81342
39.75874
40.58689
43.45943
43.34445
