48.89167
46.03504
48.48323
46.59045
47.62785
46.37149
47.54391
46.51110
47.02115
46.16511
46.66886
46.20993
47.10457
47.14058
47.71587
46.63493
46.56974
46.86581
47.60997
46.93137
46.71320
46.17553
46.23039
45.99619
46.70606
46.50115
46.42079
46.46213
46.19048
46.36703
47.15473
46.47723
46.22547
45.98644
45.87322
45.63703
45.66000
46.13863
45.97200
45.58078
45.42984
46.04856
46.45971
45.87535
45.54728
45.27111
45.16777
45.01777
44.95812
44.86364
44.80393
44.78497
44.72009
44.59220
44.51432
44.42705
44.34553
44.24794
44.17220
44.07876
44.01027
43.92710
43.87487
43.77441
43.70778
43.60948
43.57339
43.48116
43.87745
44.55849
44.46907
44.34477
43.98433
43.85068
43.91614
43.77965
43.60301
43.52366
43.41538
43.34302
43.25285
43.18520
43.10176
43.03898
42.96217
42.91097
42.83966
42.82089
42.72923
42.87109
43.14760
43.47830
43.95049
43.69358
43.29636
43.07788
42.90379
42.84264
42.85202
43.32469
43.44006
43.10691
42.91768
42.77643
42.69922
42.59514
42.53101
42.43988
42.37591
42.29453
42.25093
42.21454
42.16577
42.01699
42.16613
42.77629
42.81548
42.48109
42.61282
42.98389
42.81668
42.77068
42.55450
42.63870
42.65059
42.51447
42.39744
42.33020
42.26525
42.23292
42.23171
42.19664
42.14334
42.10554
42.05699
42.43780
42.52466
42.29149
42.16394
42.08448
42.14994
42.23104
42.09206
42.49366
42.87426
42.57953
42.40595
42.29537
42.25654
42.16427
42.20285
42.57708
42.53004
42.32029
42.22999
42.13208
42.10031
42.01660
42.87798
44.69691
46.45144
48.98201
50.07888
49.95670
50.02307
49.97940
50.01127
49.98647
50.00664
49.98972
50.00415
49.99166
50.00263
49.99294
50.00156
49.99385
50.00081
49.99454
50.00022
49.99507
49.99975
49.99550
49.99938
49.99585
49.99907
49.99612
49.99876
49.99637
49.99858
49.99658
49.99840
49.99673
49.99825
49.99687
49.99803
49.99699
49.99797
49.99710
49.99790
49.99719
49.99783
49.99723
49.99773
49.99731
49.99771
49.99737
49.99767
49.99742
49.99761
49.99724
49.99731
49.99697
49.99695
49.99695
49.99695
49.99695
49.99695
49.99695
49.99695
49.99695
49.99698
49.99695
49.99702
49.99695
49.99696
49.99699
49.99701
49.99701
49.99698
49.99700
49.99688
49.99706
49.99692
49.99710
49.99685
49.99720
49.99675
49.99727
49.99671
49.99739
49.99663
49.99751
49.99652
49.99766
49.99639
49.99782
49.99624
49.99801
49.99604
49.99822
49.99581
49.99846
49.99550
49.99879
49.99521
49.99914
49.99486
49.99955
49.99431
50.00005
49.99387
50.00063
49.99333
50.00115
49.99267
49.99339
49.98559
50.00050
49.99513
49.86090
49.73910
49.69202
49.38386
49.76100
49.90401
49.45885
49.14874
49.30395
49.41656
49.79071
50.01727
49.60239
49.21542
49.44728
49.33695
49.15627
49.45514
49.23605
49.08393
48.92757
48.82573
48.71461
48.61063
48.51676
48.42581
48.35856
48.31993
48.30512
48.28448
48.27636
48.20746
48.47139
48.55540
48.22973
48.07103
48.10380
47.87348
48.28534
48.82037
48.27292
47.95297
47.69362
47.84921
47.91744
47.67671
47.56461
47.59636
47.63403
47.43431
47.31465
47.20136
47.12408
47.02384
46.90634
46.81691
46.74684
46.67438
46.67596
46.81410
46.69048
46.56160
46.56096
46.66565
46.71310
46.51121
46.32726
46.94448
48.62575
48.38143
47.85493
47.89699
47.73752
47.41970
47.46233
48.12647
49.74658
50.03766
49.97943
50.00712
49.99058
50.00164
49.99372
49.99969
49.99504
49.99887
49.99568
49.99832
49.99604
49.99796
49.99621
49.99791
49.99635
49.99786
49.99636
49.99785
49.99640
49.99785
49.99639
49.99787
49.99642
49.99790
49.99641
49.99794
49.99639
49.99800
49.99634
49.99807
49.99628
49.99815
49.99617
49.99830
49.99603
49.99846
49.99580
49.99875
49.99548
49.99918
49.99476
49.99966
49.99449
49.98200
49.82041
49.93427
50.00127
49.80067
49.88110
50.03745
49.92321
49.77790
49.94484
49.91852
49.66457
49.47581
49.43485
49.20215
49.66683
50.04471
49.94233
49.96674
49.99470
49.99948
49.99512
49.99800
49.99670
49.99589
49.99833
49.99395
50.00323
49.97206
49.97177
50.00522
49.99185
50.00067
49.99408
49.99931
49.99499
49.99859
49.99558
49.99808
49.99603
49.99770
49.99646
49.99731
49.99677
49.99616
49.99800
49.99541
49.99968
49.99249
50.00602
49.94323
49.95460
50.01100
49.98702
49.96578
49.94573
49.99133
49.99448
49.89899
49.58885
49.40218
49.22488
49.15605
49.01737
49.11775
49.02000
49.15761
49.76200
49.69150
49.20026
49.51152
49.99562
49.97614
50.00725
49.98236
50.00815
49.98756
50.00618
49.98751
50.00810
49.78640
49.75422
49.91717
49.62473
49.90460
50.01851
49.98808
49.99920
50.00518
49.90485
49.58543
49.51379
49.39797
49.46739
49.33771
49.19957
49.04543
48.92951
48.79343
48.68650
48.66986
49.73273
50.02900
49.83936
49.63794
49.30084
49.21475
49.14215
49.01138
49.05456
49.10713
48.54504
48.04994
48.31871
48.76906
49.05102
49.23800
49.23766
48.68790
48.43137
48.45617
48.47684
48.65171
48.48711
48.23676
47.91613
47.58323
47.55475
47.38762
47.28933
47.25098
47.57694
47.47498
47.37265
47.21171
47.27463
47.17040
47.18707
46.89981
47.13114
46.33119
45.60240
46.09376
45.76048
45.69045
46.39925
46.85637
46.24008
46.21387
46.11920
46.04754
45.81865
45.80981
45.66780
45.80915
45.98441
45.74081
45.83282
45.91797
45.72121
45.94457
45.95711
45.72682
45.59350
45.90778
45.71835
45.49090
45.54491
45.44127
45.79116
45.82047
45.57236
45.34642
45.33357
45.36269
45.24167
46.05287
46.65113
46.17680
46.33998
47.29970
46.87345
46.39892
46.14442
47.39831
47.58472
46.74482
46.35690
46.10583
45.97630
45.78889
46.13277
46.62762
46.41079
46.11066
45.84522
45.43622
45.38737
45.29055
45.34842
45.14696
45.28101
45.44185
45.39226
45.24105
45.18681
45.07014
45.05984
45.13235
45.01834
44.90211
44.82509
44.72587
44.69220
44.63293
44.52592
44.45975
44.38578
44.29920
44.19876
44.17826
44.01583
43.93743
43.84585
43.78923
43.75934
43.73091
43.53002
44.22058
44.41919
44.19046
44.13561
44.04642
43.85793
43.75615
43.68169
43.57654
43.42861
43.38775
43.24650
43.24117
43.01965
43.15571
43.38426
43.11136
43.00989
43.14236
42.89192
43.81179
45.14457
45.19139
44.65620
45.49050
46.74533
45.84771
45.81702
46.03224
45.56577
44.63162
44.36365
44.23786
44.23309
44.17235
44.24827
44.00749
43.82149
43.75089
43.56322
43.47856
43.55657
43.59524
43.46703
43.49540
43.48460
43.67749
43.65317
44.33281
44.68644
44.43631
44.30832
44.51658
44.62743
46.11014
47.59269
47.35758
46.34970
45.63169
45.92494
46.66909
46.26782
46.07192
46.91849
48.86430
48.53357
47.26322
46.81402
46.59725
46.65677
46.76776
47.47376
47.21958
46.95948
46.65564
46.99909
47.08468
46.71101
46.21485
45.99549
46.19960
47.10156
47.66578
47.29023
48.03081
47.46225
47.65132
49.17575
49.07432
48.34704
49.25970
49.01055
49.23946
50.07197
49.56046
49.94064
49.99839
49.99687
49.98096
50.00738
49.98930
50.00374
49.99276
49.95176
49.94185
49.70887
49.40769
49.42064
49.18788
48.78679
48.88194
49.88798
49.43745
49.74558
50.05086
49.96992
50.01380
49.98594
50.00536
49.99056
50.00395
49.91385
49.71004
49.04959
48.61404
49.66553
49.77741
48.97939
48.57702
48.48033
48.28170
47.91505
48.67154
48.93106
48.26665
49.07657
50.04308
49.31605
49.61372
48.31552
48.01048
48.47947
49.04077
50.09017
49.94114
50.03547
49.96803
50.01983
49.97820
50.01272
49.98343
50.00871
49.98659
50.00615
49.98871
50.00440
49.99026
50.00312
49.99141
50.00216
49.99235
50.00127
49.99300
50.00067
49.99352
50.00010
49.99405
49.99961
49.99450
49.99920
49.99488
49.99884
49.99524
49.99858
49.99562
49.99830
49.99573
49.99813
49.99606
49.99795
49.99627
49.99783
49.99643
49.99755
49.99661
49.99747
49.99653
49.99734
49.99669
49.99727
49.99697
49.99716
49.99697
49.99695
49.99695
49.99695
49.99695
49.99695
49.99695
49.99695
49.99695
49.99695
49.99695
49.99695
49.99695
49.99695
49.99695
49.99695
49.99695
49.99695
49.99695
49.99695
49.99695
49.99695
49.99695
49.99695
49.99695
49.99695
49.99695
49.99695
49.99695
49.99695
49.99695
49.99695
49.99695
49.99695
49.99695
49.99695
49.99695
49.99695
49.99695
49.99695
49.99695
49.99695
49.99695
49.99695
49.99695
49.99695
49.99695
49.99695
49.99695
49.99695
49.99695
49.99695
49.99695
49.99695
49.99695
49.99695
49.99695
49.99695
49.99695
49.99695
49.99695
49.99695
49.99695
49.99695
49.99695
49.99695
49.99695
49.99695
49.99695
49.99695
49.99695
49.99695
49.99695
49.99695
49.99695
49.99695
49.99695
49.99695
49.99695
49.99695
49.99695
49.99695
49.99695
49.99695
49.99695
49.99695
49.99695
49.99695
49.99695
49.99695
49.99695
49.99695
49.99695
49.99695
49.99695
49.99695
49.99695
49.99695
49.99695
49.99695
49.99695
49.99695
49.99695
49.99695
49.99695
49.99695
49.99695
49.99695
49.99695
49.99695
49.99695
49.99695
49.99695
49.99695
49.99695
49.99695
49.99695
49.99695
49.99695
49.99695
49.99695
49.99695
49.99769
50.00448
49.99584
50.00658
49.99347
50.00924
49.99051
50.01254
49.98685
50.01657
49.98242
50.02143
49.97710
50.02724
49.97077
50.03413
49.96329
50.04223
49.95452
50.05172
49.94426
50.06280
49.93229
50.07574
49.91831
50.09085
49.90195
50.10858
49.88272
50.12950
49.85990
50.15445
49.83251
50.18466
49.79902
50.22200
49.75709
50.26950
49.70276
50.33237
49.62896
50.42047
49.52161
50.55465
49.34835
50.78808
49.01515
