19.07318
18.03584
18.78893
18.15179
18.93856
18.49258
18.67498
18.25767
18.40589
17.94171
18.05072
17.71550
17.86410
17.81184
18.14538
19.38011
20.05270
19.50594
19.33507
19.60742
19.63527
19.10490
19.08036
18.75178
18.58703
18.35047
18.28361
18.10033
18.04793
17.89183
17.86346
17.86999
17.84871
17.64768
17.51987
17.39928
17.37210
17.28535
17.34985
17.39595
17.30733
17.84047
18.21380
18.94377
20.06144
20.34383
21.09567
21.38157
21.07483
20.21252
20.52199
20.98847
20.69064
20.57369
20.13192
20.00254
19.72865
19.40555
19.20725
19.05853
18.97171
18.97793
18.97423
19.49872
19.47013
19.20215
20.44402
20.79565
20.40039
20.30512
19.84653
19.50937
19.19337
19.00666
18.85254
18.88021
18.99920
18.85891
18.63816
18.50985
18.39039
18.34175
18.22947
18.12703
18.22580
18.34206
18.14948
18.14921
18.35384
18.43018
18.23081
18.07515
17.89152
17.85575
17.77756
18.10865
18.19574
17.99711
18.01119
18.81428
19.10877
19.13348
19.65020
20.54188
20.89740
20.21374
19.82005
19.45360
19.26941
19.04813
18.96036
18.86556
18.68183
18.68545
19.38559
19.28174
18.87883
18.58733
18.53257
18.69432
18.58676
18.41771
18.26048
18.14649
18.18249
18.22371
18.38240
18.45973
18.21661
18.00566
18.04463
18.18196
18.01445
17.85762
17.73812
18.01666
18.23742
19.06854
20.38717
21.87888
23.20537
24.62591
25.93502
26.82272
26.53019
25.86264
26.61124
26.91465
26.62253
25.91429
26.05808
25.47961
25.43960
25.52585
25.17034
23.88493
24.22530
24.03115
23.96097
24.53567
24.06160
23.61407
23.33731
23.84493
24.48520
24.34945
23.76540
23.59776
23.12418
22.77805
22.93182
23.69725
23.79807
23.33602
24.05000
24.28402
23.45230
23.06709
22.53750
22.43792
22.46669
22.97624
22.92652
22.52272
23.03032
23.22822
23.06470
22.60233
23.40218
23.27678
22.70133
22.34286
23.02897
23.31976
22.78545
22.46416
22.25811
21.90765
22.23485
22.82390
22.67407
23.54122
23.17706
22.65879
22.27354
21.95289
21.84690
21.84640
21.83714
21.69021
21.49192
22.02824
22.25251
22.15760
22.24516
22.54274
22.53104
22.23668
21.98059
21.90225
21.37647
21.57316
22.14643
22.04756
21.98225
22.34410
22.63934
22.80412
22.69779
22.14261
21.88547
21.79712
21.66844
21.85403
21.77804
21.63281
21.44611
21.61340
22.09627
23.01730
23.22638
22.59679
22.21001
22.00245
21.75600
21.66916
21.41433
21.14522
21.25279
21.64150
21.70318
21.90617
21.66384
21.56876
21.80374
21.72417
21.68601
21.59335
21.37748
21.47767
21.61678
21.60597
21.31797
21.92470
22.37284
22.91196
22.78227
22.00248
21.85838
21.63567
22.00010
22.45128
22.07734
21.78345
21.48213
21.44900
22.02989
22.67734
22.68364
22.08453
22.01367
22.42871
22.31691
22.10443
21.74735
21.84138
21.94362
21.52244
21.00478
20.61037
21.57016
22.38595
22.14623
22.12657
22.49777
22.90432
22.60716
22.50220
22.56056
23.11964
23.23352
23.34153
22.76878
22.77622
23.58574
23.14454
23.07508
23.45188
23.00454
22.73646
22.69850
22.40042
22.53671
23.14754
23.53488
22.92887
22.88866
23.24863
23.12472
22.94487
22.93318
22.68136
22.49943
22.35079
22.58436
22.64490
22.59392
22.32478
22.01713
22.92443
23.08342
23.56204
23.88393
24.25391
24.44856
24.37200
23.84392
23.31026
23.79083
24.29563
24.83790
24.48495
24.66182
24.00199
23.23126
23.75786
24.81419
25.07160
24.58518
24.07967
23.92235
23.84553
23.96674
24.44926
23.98041
24.06513
23.97800
23.43888
24.38550
24.74494
24.61952
24.32035
24.14644
23.85246
24.11609
24.37107
23.97651
23.98314
23.74271
23.59732
24.30471
24.23795
24.06554
24.55772
25.19777
25.47421
24.59664
24.60196
24.78680
24.63514
25.27550
24.80229
24.59099
24.41604
24.20394
23.98930
23.98115
24.22355
24.04268
23.77994
23.89776
24.03206
24.44125
24.43156
24.31509
24.15371
24.98985
25.19774
24.56507
25.05070
26.02883
26.81667
26.50911
26.17403
25.89013
26.78482
27.06390
25.82910
24.76174
25.19727
25.44477
25.00389
24.74596
25.40802
26.03695
25.68032
25.44359
24.98988
24.76869
24.52568
24.40091
24.25721
23.89795
23.45315
24.50973
24.33905
24.04504
23.73273
24.08268
25.05476
24.98048
24.21630
23.86682
24.18738
23.92291
23.48228
23.37201
22.91827
22.91156
23.53307
23.81553
23.67277
23.28854
23.00165
22.80713
22.63543
22.51931
22.36585
22.35518
22.21028
22.11879
21.96679
21.97799
21.97481
23.46132
23.86372
23.77900
24.40418
25.43351
25.98637
25.95984
26.50217
26.65026
26.06873
25.73290
26.40333
26.12131
25.61535
25.28506
25.08145
25.01839
25.06497
24.50811
24.31352
24.13640
24.00973
24.25969
23.76868
23.76987
23.43825
23.30949
23.16704
23.17336
23.70506
24.02538
24.03516
23.73739
23.94324
24.59914
24.20504
23.29492
23.10414
23.04541
22.81086
22.45643
22.75418
22.82655
22.72714
22.42841
22.87128
23.00361
22.53847
22.94927
23.92175
23.79601
23.59690
23.54801
23.32365
24.05289
25.03757
24.88544
24.78583
24.45357
24.08290
23.83921
23.50814
23.08652
23.57322
23.78076
23.76605
23.61856
23.49818
23.53595
23.77098
23.93151
24.03983
25.05090
25.16512
24.47839
23.87360
23.65240
23.73726
23.42999
23.21779
23.00156
22.87632
22.67653
22.69074
22.50142
22.47043
22.06982
22.68718
23.16634
23.02445
23.02235
22.93615
22.48475
21.84821
21.71306
22.19230
22.97911
22.71199
22.54817
22.34194
22.37138
23.80902
24.20610
23.64717
23.80787
24.27418
23.77526
23.38041
23.29125
23.68005
25.21928
25.81346
25.63826
25.74804
26.09712
25.41396
25.08804
24.75141
24.39550
24.10597
23.87538
24.17809
24.79576
24.52578
24.16642
23.83060
23.90405
23.72168
24.67742
25.55997
25.39203
25.41194
25.09612
24.89295
25.15130
25.36476
25.17943
25.56943
24.94746
25.59378
26.05909
25.51501
25.22656
25.29909
25.31459
24.94581
24.62809
24.45471
24.35455
24.42023
24.29854
24.11102
24.11170
24.30332
25.35170
26.07141
25.43501
25.28626
25.47104
24.94995
24.60161
24.29402
24.36662
24.70716
24.47843
24.15609
23.95304
23.82502
23.86307
23.77986
23.64421
23.57442
23.46264
23.33400
23.21371
23.10468
23.00195
22.89955
22.82862
22.84919
23.32232
23.96173
23.77869
23.48121
23.25967
23.11706
22.92136
23.42449
24.38564
25.63677
25.78926
24.91421
24.32054
23.89821
23.69566
23.45822
23.35410
23.10979
23.45509
24.81331
25.52682
26.45053
26.12841
25.21136
24.49658
24.12048
23.82981
23.66142
23.48735
23.38492
23.22265
24.42870
25.41697
24.92725
24.36750
24.18082
24.07682
23.71946
23.46699
23.25302
23.15510
23.32333
23.27946
23.03873
22.86140
22.73367
22.68076
23.10538
23.29075
23.03089
22.82692
22.63002
22.49546
22.37745
22.25541
22.48028
23.14718
23.11527
23.07234
23.90791
24.74588
24.48230
24.05244
23.83814
23.61549
23.30097
23.31512
23.28928
23.50697
23.91203
23.80258
23.60822
23.36495
23.21267
23.08880
22.98979
22.89136
22.87261
23.03408
22.88009
22.94487
23.77877
24.01443
23.69986
24.41646
24.86415
24.54615
24.18216
23.95213
23.77097
23.66420
23.55321
23.48693
23.34267
23.31044
23.19049
23.65173
24.00761
24.57462
25.60277
26.35942
27.65385
27.95486
27.09025
26.29457
25.79912
26.31751
26.64041
26.15198
25.62853
25.01003
25.12935
25.12785
25.68707
25.81583
25.46143
25.26724
25.07586
24.89311
24.73653
25.15300
25.34470
26.01337
27.56648
27.64018
28.02263
28.10119
27.71804
28.70722
29.03910
28.31937
27.44650
26.93600
26.63355
27.16524
27.49299
27.04712
26.69812
26.35920
26.15404
25.96498
25.84538
25.69793
25.66115
25.54004
25.39033
25.26375
25.18572
25.06643
24.99233
25.12839
25.13161
24.95569
24.82606
24.70026
24.58567
24.47429
24.38077
24.28155
24.20423
24.12562
24.05681
23.96872
23.87602
23.79050
23.71871
23.64428
23.57481
23.49991
23.43008
23.36300
23.30155
23.23284
23.17422
23.13485
23.08121
23.00366
22.92192
22.84759
22.78662
22.73701
22.66583
22.58220
22.50154
22.43651
22.36208
22.28338
22.19303
22.12065
22.04296
21.97110
21.88818
21.81401
21.72683
21.65484
21.56943
21.49629
21.41076
21.33848
21.24828
21.18149
21.08624
21.02314
20.92471
20.87355
20.76666
20.87632
21.19005
22.31824
23.47044
23.44362
23.04292
22.67754
22.48457
22.30285
22.17879
22.04784
21.94032
21.82449
21.72899
21.61720
21.52621
21.42710
21.34202
21.24811
21.16408
21.06883
20.98982
20.90562
20.82293
20.73672
20.65624
20.57150
20.49527
20.42089
20.33931
20.25534
20.17748
20.10002
20.04014
19.96613
19.89549
19.80532
19.74598
19.65378
19.58572
19.49745
19.43985
19.33672
19.27717
19.17644
19.13780
19.03103
18.99446
18.88721
18.95602
18.98651
19.01133
18.88562
18.86249
18.70593
18.69835
18.54263
18.56287
18.39290
18.42958
18.24611
18.31495
18.10551
18.19133
17.95770
18.08068
17.81243
18.02447
17.82045
18.21192
18.07283
18.44658
17.98517
18.33348
17.72494
18.28538
17.43818
