19.09238
18.40696
19.35063
18.64599
18.98623
18.23486
18.47715
17.98068
18.38670
18.27432
18.61095
18.42994
18.56353
18.28649
18.32605
18.02614
18.05070
17.88103
18.04511
17.79964
18.27771
18.16913
18.26967
18.46381
18.83919
19.11619
19.26204
19.15482
19.03184
18.80127
18.52985
18.28240
18.18162
18.02879
17.88851
17.77845
17.70756
17.81551
17.99867
18.13435
18.40986
18.58447
18.59697
18.48581
18.34390
18.14804
18.03268
17.96276
17.96974
18.20432
18.45892
18.49251
18.42259
18.28452
18.19083
18.06947
17.98476
17.99681
18.21919
18.35623
18.33926
18.32048
18.27936
18.14242
18.01843
17.99172
17.96492
17.89156
17.82064
17.78279
17.75366
17.65170
17.65677
18.04410
18.46312
18.59564
18.57890
18.45872
18.44245
18.41509
18.37218
18.34458
18.52951
18.60469
18.58835
18.51075
18.36911
18.25602
18.15579
18.05162
17.96788
17.89678
17.87266
17.89148
17.89797
17.79979
17.67259
17.69620
17.70509
17.91135
18.12387
18.22575
18.21451
18.22370
18.27381
18.31117
18.28231
18.27091
18.20053
18.22839
18.18958
18.13138
18.05821
18.18788
18.74095
19.22587
19.31764
19.30785
19.16720
19.10992
18.98866
18.76878
18.55545
18.45093
18.29352
18.18890
18.04668
18.10343
18.14370
18.19197
18.11026
18.07266
17.96328
18.97373
19.70716
19.72145
19.88828
19.68913
19.64280
19.37542
19.33036
19.26383
19.21496
19.13012
19.01487
19.18459
19.39059
19.01001
19.38193
20.08477
20.64006
20.71315
20.65015
20.59831
20.52745
20.40046
20.22819
20.02441
20.14421
20.37400
20.48922
20.44788
20.39397
20.52573
20.65803
20.31592
20.09846
20.09853
20.05704
19.86370
19.84407
19.74325
19.65574
19.58133
19.56530
19.58594
19.56476
19.45138
19.37402
19.35346
19.60302
19.54480
19.56283
19.38767
19.19288
19.03771
19.03310
19.68723
19.39479
19.35135
19.39903
19.50086
19.16181
19.59548
19.46324
19.20874
19.10358
19.15469
19.10043
19.15088
19.21903
18.97459
18.59320
18.75000
18.76434
18.76561
18.76667
18.69329
18.50213
18.68110
19.16185
18.78660
18.51120
18.28500
18.51892
18.33886
18.32764
18.17056
18.25790
18.35471
18.20207
18.22247
18.00134
17.72150
17.53003
17.40340
17.48204
17.38376
17.38937
17.26374
17.70340
17.92625
17.75951
17.87517
17.57625
18.04046
18.15156
17.84842
17.77669
18.15102
18.31978
18.35458
18.26092
18.21839
18.37942
18.25395
18.29667
18.19707
18.04234
18.06165
17.85207
18.10151
18.40049
18.18433
17.91506
17.98703
18.02302
18.00184
18.00383
17.82189
17.92294
17.92852
17.96279
18.02865
18.56184
18.19706
18.39078
18.57761
18.17828
18.12547
17.84653
17.99105
17.91158
18.21820
18.22130
18.26482
18.55929
18.43343
18.26230
18.30950
18.36650
18.30082
18.32484
18.40894
18.55078
18.41672
18.47844
18.35048
18.28514
17.99763
17.95341
17.89830
17.79993
17.79232
17.71853
17.98888
18.03970
17.97587
18.20039
18.43721
18.58247
18.48103
18.61849
18.60850
18.66848
18.49779
18.39360
18.44256
18.37924
18.52766
18.39585
18.64865
18.65173
18.82576
18.66173
18.50861
18.67531
18.41735
18.60786
18.75079
18.69278
18.73944
18.89463
18.65461
18.64850
18.72446
18.48123
18.34427
18.26057
18.57282
18.65844
18.50392
18.75129
18.74683
18.85374
18.92401
18.90687
18.86896
18.79210
18.69550
18.54686
18.51741
18.87041
18.89289
18.74200
18.61994
18.57854
18.52116
18.45608
18.39438
18.33807
18.31601
18.39377
18.55638
18.58033
18.53150
18.53971
18.38583
18.38066
18.41746
18.38552
18.32780
18.28470
18.25800
18.00689
17.97272
18.10039
18.11916
18.40504
18.47402
18.47781
18.37138
18.28762
18.18516
18.09870
18.08996
18.11624
18.07517
18.07442
18.08361
18.09905
18.00526
17.98537
17.97415
18.05445
18.13141
18.15772
18.20322
18.14761
18.01345
17.70212
17.90200
17.95432
17.81564
17.85221
18.05288
18.04692
18.01391
18.21470
18.13616
18.43158
18.18450
18.08860
18.19177
18.16156
18.46251
18.11596
18.14489
18.06465
18.02098
18.21866
18.16530
18.32076
18.50786
18.64364
18.82160
18.86122
18.85612
18.82979
18.63034
18.63977
18.79826
18.88632
18.84598
18.88535
18.88742
18.81953
18.76750
18.82399
18.53275
18.53626
18.57970
18.86716
18.87011
18.65078
18.44113
18.44344
18.32360
18.34311
18.32418
18.24143
18.12685
18.11340
18.04284
18.08532
17.92212
18.26026
17.67324
17.70789
17.92901
17.58661
18.06798
18.27344
18.20866
18.16943
18.13885
17.99747
18.11696
18.15281
18.12845
18.26745
18.36959
18.17767
18.11848
18.14183
18.30531
18.32321
18.23906
18.13781
17.96345
18.25967
18.39688
18.37295
18.28516
18.26023
18.23578
18.41536
18.57679
18.49662
18.47718
18.52673
18.79131
18.79640
18.70822
18.57390
18.48726
18.43839
18.28357
18.32142
18.49806
18.54249
18.38513
18.41019
18.29096
18.31541
18.31131
18.18395
18.14389
18.20442
18.33299
18.41736
18.42291
18.37286
18.41259
18.50156
18.60522
18.62272
18.60595
18.56027
18.51978
18.45711
18.42284
18.41206
18.41400
18.36813
18.41571
18.50326
18.51753
18.53054
18.45359
18.37007
18.32656
18.28010
18.26727
18.29471
18.25234
18.22381
18.20235
18.19022
18.16403
18.11951
18.10532
18.09784
18.11356
18.04205
17.96657
17.98183
17.85040
17.64049
17.60457
17.62710
17.72386
17.87605
17.75602
18.10807
18.20425
18.16832
18.22167
18.10671
18.08361
18.28202
18.36490
18.50397
18.48728
18.44172
18.41552
18.30211
18.13128
18.15767
18.05445
18.13700
18.46253
18.60100
18.60902
18.60058
18.61522
18.59442
18.54273
18.54971
18.44630
18.40145
18.32853
18.39574
18.10501
18.04735
18.02793
17.99364
17.76522
17.44017
17.34255
17.26455
17.15514
17.25302
17.23596
17.20325
17.26539
17.67362
18.10108
17.78921
18.01125
18.56327
19.15644
19.50966
19.63324
19.36349
19.15588
19.07717
19.22341
19.27140
19.32507
19.43261
19.30363
19.62972
20.07396
20.17360
20.32613
20.29092
19.78041
19.14466
19.18587
19.40782
19.34479
19.63043
19.83348
19.87115
19.81509
19.92351
19.80481
19.68467
19.55334
19.47570
19.42323
19.43036
19.13293
19.07096
19.02219
19.05235
18.96998
19.09980
19.35623
19.28010
19.18226
19.14372
19.05186
19.08842
19.16887
19.02952
19.09081
19.27942
19.09126
19.13268
19.22527
19.33787
19.48557
19.46756
19.45827
19.34371
19.45053
19.42738
19.21267
18.96846
19.10518
19.06719
19.10380
19.03611
19.06814
18.91490
18.89397
18.75583
18.90441
18.96797
19.04831
19.34518
19.33677
18.97961
18.92694
18.69947
18.42742
18.37349
18.46395
18.65100
18.57084
18.75930
19.11610
19.13523
19.29152
19.74822
20.36519
20.28330
20.13153
20.06436
19.81118
19.63384
19.73165
19.76514
19.64750
19.57925
19.54136
19.37365
19.23257
19.13821
19.45162
19.43388
19.31646
19.49781
19.50658
19.52676
19.38523
19.43731
19.30049
19.38975
19.30222
19.27981
19.24765
19.36443
19.34891
19.31718
19.26475
19.22814
19.29859
19.48676
19.67613
19.60885
19.65571
19.67525
19.58412
19.65107
19.64702
19.78006
19.60392
19.50486
19.56445
19.51177
19.43499
19.10752
19.47506
19.32460
19.29077
19.58631
19.63071
19.59956
19.93419
19.91144
19.76478
19.60759
19.58600
19.50413
19.64221
19.64291
19.72443
19.41228
19.47790
19.57155
19.56400
19.46223
19.30617
19.11899
19.06730
18.99024
18.97847
18.84801
19.09663
19.17639
18.74845
18.92431
19.48496
20.10104
20.11457
20.25787
19.93304
19.91091
20.33294
20.58860
20.81481
20.91641
20.90458
20.76307
20.60461
20.61192
20.62097
20.54316
20.76994
20.92501
20.84424
20.83445
20.67581
20.57791
20.18646
19.71958
19.89451
20.35783
20.44882
20.29347
20.05896
19.78589
19.56409
19.14987
19.64386
19.54096
19.72399
19.55983
19.63179
19.58702
19.55791
19.36532
19.42637
19.59756
19.69540
19.59112
19.43368
19.39426
19.69466
20.18258
20.40361
20.33720
20.20607
20.21816
19.90206
19.66956
19.61531
19.70474
19.84462
20.26640
20.38354
20.36096
20.32042
20.25488
20.09523
20.04475
19.94922
19.94837
19.76729
20.01887
20.12020
20.25661
20.23924
20.05996
20.06244
19.98640
20.00296
19.91454
19.83259
19.90150
20.16027
20.28144
20.25320
20.05073
20.21410
20.22722
19.96343
19.84157
19.76036
19.70335
19.72401
19.66119
19.64607
19.69594
19.64509
19.70464
19.65534
19.59142
19.56542
19.52864
19.62390
19.58420
19.55919
19.40412
19.37853
19.48530
19.32002
19.31517
19.43260
19.38731
19.13439
19.07309
19.11002
19.10204
19.10897
19.08064
19.07334
19.08557
19.04831
19.06599
19.20172
19.30201
19.34565
19.35548
19.20076
19.12767
19.23783
19.43349
19.53263
19.76182
19.68116
19.53353
19.36372
19.42357
19.31996
19.22119
19.14944
19.20953
19.08284
19.40859
19.89091
20.11243
20.19025
20.00414
19.72206
19.75047
19.63898
19.74739
19.65121
19.87095
20.24318
20.26385
20.26109
20.11708
20.16395
20.30672
20.35341
20.27296
20.36390
20.57827
20.86480
20.93146
20.82689
21.20739
21.56301
21.98322
21.79162
21.59197
21.35470
20.70152
19.89730
19.97714
19.81628
19.99133
19.77255
19.99986
19.53669
19.61948
19.30656
19.48879
18.97307
19.93130
20.40285
20.13938
