29.14937
27.51614
28.74451
27.92167
28.93642
27.93458
28.30215
27.20109
26.13082
25.40174
26.15842
27.20069
27.63652
27.21137
27.30718
26.88153
27.16454
26.99523
27.12556
26.76146
26.84597
26.62281
26.69906
26.51231
26.58152
26.38715
26.51236
26.29932
26.43952
26.23794
26.09764
25.88648
26.13159
25.59427
25.89918
27.22098
27.32335
27.53373
27.40524
27.34421
27.21351
27.19634
27.11671
27.09347
27.07473
27.08510
27.02077
27.02128
26.95644
26.93367
26.88304
26.84834
26.80104
26.78907
26.74781
26.84869
26.97865
26.98263
26.91368
26.84039
26.75078
26.70318
26.65546
26.62072
26.57333
26.53784
26.49252
26.44613
26.41843
26.33926
26.32366
26.16623
26.15721
26.26427
26.36908
26.59218
26.91297
27.01986
26.91289
26.75872
26.62908
26.52496
26.49220
26.44957
26.36542
26.29312
26.24275
26.16751
26.08816
26.04366
25.98550
25.91577
25.92786
25.90853
25.86070
25.79621
25.73341
25.68368
25.65667
25.54393
25.45254
25.55843
26.30791
26.82525
26.90997
26.72097
26.50892
26.32722
26.19904
26.09199
26.10421
25.98041
25.93624
25.82942
26.05463
25.90420
25.85194
25.59069
25.49110
23.03167
25.76660
27.71799
28.38953
29.18763
29.15297
29.22594
28.12512
25.83783
26.45223
27.52918
27.98277
29.44303
29.20545
28.53264
28.28674
28.10270
28.32550
28.49103
28.45306
28.49323
28.35274
28.18635
27.79148
26.56856
26.66841
26.88384
26.95193
27.79069
27.47165
27.29082
26.24167
25.90288
26.34976
26.20991
25.93283
26.13387
26.87334
26.78917
26.72009
26.55028
26.44781
26.45469
26.33652
26.60273
26.16799
26.52818
26.02190
25.17816
26.58692
26.82857
26.90249
26.75086
26.60710
25.59088
25.47145
26.22662
25.68245
26.68231
28.23077
28.46934
28.72068
28.39121
28.32957
28.12536
28.39998
28.33162
28.33103
28.08705
28.11761
27.85380
27.95391
28.15817
28.29245
28.30238
28.39164
28.64515
28.57571
28.42433
28.18811
28.17092
28.43063
28.13827
27.99794
28.20270
28.63769
28.74588
28.57398
28.51346
28.94443
29.21244
29.14804
28.89591
28.88999
28.71588
28.64689
28.66137
28.40275
28.06565
28.25336
28.42326
28.25105
28.44367
28.43691
28.44497
28.18344
28.05050
27.54912
27.49022
27.60912
27.61331
27.55117
27.56978
27.54128
27.42099
27.31061
27.24494
27.06922
26.94857
26.86083
26.90787
26.88686
26.73873
26.66870
26.71372
26.74022
26.71574
26.78398
26.82960
26.80769
26.80771
26.77133
26.88520
27.61258
28.12657
28.00066
27.82821
27.61100
27.47844
27.28384
27.22508
27.02677
27.12034
27.36935
27.36076
26.72871
25.85877
26.26968
26.66033
26.18533
26.08696
26.90281
26.80716
27.02339
27.83194
28.16155
28.12423
27.79268
27.60577
27.46676
27.53563
27.42773
27.41013
27.26535
27.27921
27.01990
27.58759
28.11390
28.52008
28.15622
28.26465
26.91156
26.42582
27.80899
27.20980
27.37125
27.12263
27.10490
25.19756
27.45044
27.33972
27.33601
27.19991
27.16855
27.06017
27.00135
26.97661
26.89582
26.81247
26.64346
26.55732
26.36360
26.06461
24.97272
25.25435
26.68163
26.43473
26.73738
26.68674
27.10609
27.40035
27.34720
26.88406
26.88778
26.97727
27.12702
27.25258
27.27013
27.02379
26.79208
27.10590
27.55774
27.48386
27.43868
27.37886
27.23856
27.01927
27.05777
26.97264
26.94355
26.87682
26.82790
26.68593
26.61070
26.62306
26.53326
26.61038
26.55336
26.64390
26.73254
26.61456
26.71011
26.35118
25.93211
24.14083
24.29307
24.31973
24.30713
24.19976
24.41834
24.65511
26.33722
27.23646
27.05440
27.07704
26.55238
26.71396
26.37593
26.73070
25.61821
24.07999
25.03572
26.20581
25.76707
24.53853
24.25829
24.30629
24.10595
25.34971
25.63349
25.74259
26.03299
25.80404
25.94106
25.49578
25.81298
25.92951
25.99216
25.86226
25.90584
26.36711
26.40451
26.17635
26.15381
26.11613
25.84381
25.51598
25.62401
25.54394
25.59725
25.46910
25.53126
25.31392
25.35611
25.33848
25.22366
25.01748
24.99727
24.43730
25.21528
25.86575
25.90177
26.05666
25.93729
25.96070
25.82243
25.93830
25.83713
25.95675
25.96681
26.08955
25.91081
26.12058
25.95559
25.97775
26.08694
25.78613
25.79018
24.07581
23.79290
23.82622
23.95468
25.36555
25.24650
25.51537
25.49740
25.36138
25.19889
25.20817
24.99523
25.15235
24.97576
25.13003
24.89215
25.13217
24.34213
24.45966
25.11900
25.16899
25.07096
25.14195
24.99484
24.92227
24.53952
24.59898
25.16114
24.97129
26.53549
26.69597
27.06628
26.95795
26.75084
26.53801
26.14550
26.35600
25.50940
25.91472
26.52148
26.05568
26.32243
25.91297
26.21428
25.01307
23.76562
24.09893
23.83136
24.07865
25.50349
25.21664
24.20797
23.60610
23.38957
23.36104
23.28722
23.45844
23.48370
25.05120
25.79976
25.23475
23.75241
23.62753
23.48105
23.42331
23.12743
24.38372
25.07389
24.85775
24.92944
23.78688
22.92706
24.95926
23.92129
23.88535
25.64697
25.26415
25.47146
25.38471
25.62641
25.32846
25.84924
26.01632
25.75331
23.42739
23.55067
23.34547
23.32975
23.52813
23.28208
23.11024
23.28270
23.19007
23.68680
23.60336
23.77656
23.53962
24.98384
25.02758
25.20917
24.23366
22.85868
23.07151
23.00271
23.69106
22.99256
23.17777
22.98939
22.79671
21.81785
23.13560
23.56214
23.71659
23.52321
22.80354
23.78267
25.02126
25.14411
25.17480
25.18887
24.99879
24.77352
24.54872
24.60852
23.96351
23.32529
23.43407
23.45221
24.56631
23.69271
24.23284
24.81296
24.76881
24.67136
24.74655
24.90474
23.62035
22.74532
22.69383
22.91192
22.86430
22.56251
22.74319
23.20113
24.10337
24.20774
24.29340
24.01355
23.75654
23.64017
23.71442
23.50265
23.40402
23.65540
23.69005
24.40396
26.15240
26.25818
26.27331
26.07359
26.00084
25.91978
25.99943
25.99829
25.93450
25.82305
25.77289
25.70678
25.65135
25.57984
25.52039
25.47462
25.42394
25.36325
25.46042
26.65828
27.81074
28.10726
28.09133
28.05805
27.98778
27.93704
28.00951
27.85178
27.54568
27.33129
27.33114
27.04868
26.89153
26.91058
26.86701
26.95905
26.81700
26.72371
27.18459
27.87303
28.29824
29.23190
29.79579
29.84220
29.55292
29.20706
28.82215
28.71762
28.59089
28.44225
28.26646
28.19144
28.04069
27.94260
27.90135
27.70871
27.53694
27.53670
27.43651
27.46217
27.23866
27.06131
27.08807
26.98977
27.08598
27.14213
27.29417
27.27588
27.25429
27.13430
26.98959
26.90088
26.88256
26.91898
26.90263
26.94739
26.66581
26.90217
26.85801
26.69228
26.85420
26.84976
26.83200
26.73681
26.70551
26.58975
26.40026
26.31460
26.35462
26.14935
26.27009
25.88023
25.95524
25.88176
25.67516
24.68368
23.95607
24.30612
25.71241
25.70974
25.48172
25.36870
25.52194
25.62715
25.49834
25.44008
25.45404
24.16185
23.49660
23.58875
23.25195
23.38918
23.76096
24.79357
24.94615
26.06951
29.21511
29.33498
29.50291
28.85260
28.68142
28.30845
28.22933
27.94270
27.88763
27.50204
27.39670
27.56403
27.83380
28.45201
29.55612
30.30221
30.13675
29.76047
29.32924
29.01576
29.58666
30.83183
31.66147
32.49199
32.68240
32.94903
33.34586
33.36716
33.00725
32.26895
31.68292
31.34280
31.09193
30.92126
30.77056
30.58485
30.43024
30.28883
30.17547
30.07853
30.19411
30.63916
30.86282
31.64561
32.72440
33.09722
33.01112
32.69008
32.91254
33.28687
33.15362
33.21257
33.29425
33.02970
32.73882
32.53225
32.17885
32.03420
32.17148
32.19554
32.04531
31.83494
31.64530
31.50384
31.37162
31.27100
31.16732
31.08173
30.97659
30.90880
30.82847
30.77563
30.70618
30.65335
30.60464
31.26401
32.23815
32.96913
33.34579
33.25964
32.92049
32.55025
32.21449
31.94532
31.73893
31.57432
31.45743
31.40124
31.36555
31.28666
31.20777
31.13567
31.16530
31.18035
31.18999
31.14776
31.08343
31.02037
30.95405
30.90072
30.85411
30.81384
30.77116
30.71950
30.67335
30.62289
30.59357
30.58646
30.56064
30.51636
30.46877
30.42687
30.37831
30.33925
30.31906
30.33315
30.29715
30.26186
30.26634
30.24161
30.20773
30.18182
30.12527
30.07026
30.02920
29.98603
29.91900
29.87606
29.83111
29.80163
29.76177
29.76688
29.75647
29.72430
29.68512
29.64166
29.61621
29.57880
29.51302
29.48218
29.43357
29.38682
29.34395
29.30370
29.31215
29.34204
29.31892
29.28028
29.22918
29.21247
29.14482
29.46631
30.60976
31.27319
31.38310
31.19019
30.88822
30.60016
30.37858
30.20010
30.21224
30.23854
30.16358
30.06247
29.94580
29.85756
29.78718
29.70981
29.65141
29.57880
29.53223
29.46197
29.44617
29.39159
29.37517
29.29406
29.28178
29.20653
29.19514
29.09976
29.10205
29.01083
29.04696
28.91808
28.98002
28.92175
29.58982
30.71943
31.61439
32.11865
32.50984
32.14231
31.88649
31.26339
31.12651
30.66640
30.72569
30.32088
30.49080
30.07907
30.35648
29.91899
30.27523
29.71658
30.15278
29.48974
30.12171
29.23460
30.13890
28.89364
30.40884
