11.00205
10.49806
10.68843
10.56546
10.89160
10.80174
10.96233
10.73414
10.62783
10.93011
11.59892
11.14815
11.05295
10.94761
11.05916
11.04333
11.09966
10.90929
10.93905
10.75573
10.76563
10.67514
10.69415
10.59844
10.56814
10.50947
10.67797
10.63062
10.59096
10.59288
10.57881
10.43777
10.37781
10.29614
10.25183
10.21547
10.36985
10.34773
10.27006
10.20708
10.19109
10.12097
10.08456
10.11918
10.12557
10.05985
10.03914
10.01959
9.99771
9.98428
9.92688
9.90664
9.87723
9.82526
9.78204
9.74176
9.70507
9.66643
9.62957
9.58917
9.55206
9.51744
9.47923
9.43908
9.40696
9.37163
9.33578
9.29804
9.26305
9.22232
9.18616
9.14963
9.11442
9.07392
9.03534
8.99339
8.95535
8.91385
8.88215
8.83350
8.80460
8.80023
8.93379
9.00037
9.06218
9.64699
9.91998
10.06803
9.98255
9.87381
9.94581
9.86408
9.74920
9.67218
9.60858
9.54675
9.48644
9.42711
9.37030
9.29948
9.29394
9.40595
9.36411
9.39826
9.67082
9.65946
9.72010
9.71251
9.56552
9.51163
9.47497
9.40890
9.36364
9.31809
9.25735
9.20633
9.14939
9.10834
9.06240
9.04443
9.02553
8.99041
8.93818
8.90231
8.85238
8.82805
8.76965
8.76397
8.72381
8.70502
8.67417
8.95213
9.13896
10.13245
11.08575
11.23824
11.94003
12.95318
13.68120
14.43841
14.73177
14.57293
14.10829
14.01674
13.96388
13.76880
13.59976
13.27538
13.53415
14.59301
14.86978
15.35685
15.36807
15.71753
15.43419
15.40610
16.13744
15.46855
15.70935
16.04836
15.39216
15.12339
15.12474
15.21198
15.15447
15.40343
16.16702
16.40425
16.07926
15.51654
15.10235
15.11442
15.20251
15.10401
15.18822
15.13044
14.90716
15.36265
15.66408
15.09172
15.00782
15.14879
15.00653
14.77700
14.65880
14.42096
14.49198
14.59686
14.52756
14.36636
14.30978
14.14959
14.19814
14.58109
14.62538
14.39899
14.35872
14.14118
14.75411
15.06912
14.68863
14.48547
14.26692
14.12019
14.00156
13.90708
13.83863
13.73800
13.68414
13.57443
14.07087
14.74637
14.66604
14.25622
14.26285
14.90863
14.71655
14.34337
14.11705
13.99919
14.09465
14.12746
14.00050
13.91577
13.83942
14.24795
14.37049
14.10568
13.91088
13.84870
14.18404
14.28081
13.94505
13.77556
13.63650
13.78194
14.26298
14.46485
14.09906
14.76364
15.18346
14.97266
15.83054
15.94954
15.66443
15.10964
15.47619
15.63967
15.28311
14.95005
14.73080
14.56061
14.49502
14.88829
14.80033
14.52747
14.36367
14.23522
14.11293
14.09664
14.21375
14.24489
14.09194
13.96936
13.92034
14.07275
14.23257
14.79545
15.71810
16.22563
16.46345
16.81799
16.76443
16.37307
16.91349
16.43938
16.44152
16.27636
16.27959
16.67392
16.13292
16.16236
16.21867
15.78696
15.57243
15.34302
15.75995
16.37714
16.19420
16.02687
15.95435
15.85109
15.82730
16.05531
15.66210
15.46009
15.25899
15.18018
15.02828
14.95210
14.86264
14.90392
14.87473
14.90093
14.66922
14.78591
14.74523
15.26937
15.61936
16.09614
16.27281
16.52702
16.62338
16.37376
16.28539
15.80246
15.47293
15.47577
16.36379
16.31150
15.91507
15.90177
16.67418
16.14969
15.88693
16.03619
15.99241
16.04349
15.80197
15.56129
15.31851
15.10170
15.10602
15.43005
15.24419
15.00212
14.87741
14.76785
14.67110
14.70610
15.16229
15.35824
15.87978
15.72639
15.23454
15.01047
14.85211
14.75717
14.61985
14.57807
14.65459
14.68724
14.86878
15.50347
15.44407
15.14629
15.07983
15.08014
15.69639
16.11467
15.93414
15.77983
15.66161
16.25124
16.37204
15.93822
15.63481
15.58964
15.50172
15.24755
15.19652
15.31580
15.94986
15.84577
15.67066
15.55261
15.49934
15.92734
16.00777
15.78478
15.78858
15.85641
15.53050
15.84322
16.02419
15.99770
16.58033
16.69162
16.58662
16.77628
16.30013
16.09782
15.94721
15.90533
16.14976
16.41826
16.77597
17.69643
18.12002
18.26830
17.86722
18.42005
17.74488
17.21947
16.92382
16.87433
16.77524
17.07281
17.52547
16.97093
16.50031
16.72240
17.48069
17.00218
16.71763
16.97074
17.55688
17.17148
16.61099
16.51810
16.35090
16.84004
16.57563
16.28078
16.09270
16.04957
15.93364
15.78901
15.67371
16.28818
16.44489
16.72247
17.16998
17.15393
17.03825
16.75315
17.05890
17.52348
17.33304
16.86277
17.16089
17.32912
16.77352
17.10771
17.04966
16.70764
16.44808
16.33426
16.14430
16.34230
16.71104
16.38583
16.13548
16.09979
16.23096
16.38553
16.17895
15.92069
16.07298
16.04325
15.88193
15.86788
15.91657
15.88360
15.63742
15.56978
16.15452
16.22355
16.24469
16.00636
16.11347
16.39935
16.06021
15.87702
15.95599
16.13353
16.57520
16.92006
17.41941
17.45485
17.31076
17.11029
17.03268
16.93874
16.98704
17.31891
17.35471
17.12877
16.90813
17.19342
17.10810
16.80588
16.82770
17.47536
17.28964
17.23338
17.07765
16.92968
16.81775
16.62422
16.50520
16.26103
16.11803
16.00981
16.44991
16.47265
16.20800
16.23770
16.35420
16.16904
15.98247
15.82514
15.75615
15.81249
15.73444
15.57445
15.63152
15.67211
15.78905
15.55545
15.44745
15.25951
16.05540
16.48013
15.98838
15.70420
15.47573
15.41203
15.31943
15.21293
15.09039
15.00649
14.90879
14.77344
14.70560
14.96542
15.21352
15.04958
15.25274
15.43981
15.16458
15.31698
15.57694
15.49908
15.35562
15.13124
15.01967
14.87220
14.77654
14.64529
15.14398
15.59352
15.23410
14.99522
14.80665
14.77952
14.67156
14.56713
14.54313
14.63793
14.59458
14.63722
15.07519
15.40164
15.51251
15.86670
15.53386
15.61880
16.33798
16.45500
16.35644
16.09114
16.87910
16.96067
16.84343
16.47828
16.44418
16.28135
16.26124
16.25336
16.26556
16.23470
15.95938
15.91564
15.90346
16.23937
16.90603
17.18837
17.58291
17.02038
16.56761
16.98265
17.16434
17.38282
17.75222
18.00270
18.31281
18.20918
17.93711
18.03403
18.19718
18.05343
18.36713
19.11256
19.30533
19.24006
18.90056
18.71676
18.27585
18.08747
17.89450
18.05129
17.84683
17.49364
17.40311
17.87333
17.75520
17.68029
17.66643
17.62065
17.49954
17.34634
17.18247
17.64945
17.73040
17.60101
17.53535
17.37074
17.42190
17.35416
16.86872
16.94901
17.14991
17.15655
17.26681
16.94341
17.30283
17.78718
17.89422
17.50127
17.20394
17.00570
17.00842
17.11355
16.94143
17.21371
17.06442
17.02380
16.99694
16.76089
16.63348
16.94437
17.03954
16.56399
16.56254
16.67722
16.80754
16.91641
16.97362
16.81307
16.66511
16.58397
16.40553
16.36594
16.30274
16.39462
16.26837
16.25364
16.44286
16.25023
16.14195
15.98565
15.90346
15.75086
15.94478
16.04908
15.92595
16.05798
16.26741
16.78552
16.74265
16.50527
16.23825
16.34008
16.46587
16.42483
16.24798
15.99824
16.54573
16.70934
16.58942
16.29325
16.21775
16.09633
16.51053
16.79391
17.17475
17.16951
17.13952
17.51819
17.67253
17.44749
17.31101
17.08808
16.88484
16.68394
16.94138
16.81856
16.66845
16.85045
16.87672
16.70091
17.24409
17.64279
17.31582
17.24061
17.02409
16.81245
16.80907
17.01753
16.76676
16.61988
16.83263
16.82904
16.52446
17.03040
17.77877
17.41240
17.09977
17.17202
18.01584
18.62781
18.99668
18.80918
18.32071
18.17390
17.76339
17.73495
18.12385
18.72368
18.48008
18.00670
17.93955
17.92742
17.66353
17.49801
17.33411
17.21929
17.08738
16.99834
16.87029
16.88148
16.79447
17.25706
17.42487
17.63882
18.52121
18.32634
17.93136
17.56773
17.37767
17.20162
17.06178
17.00099
17.05358
16.88627
16.73724
16.62453
16.53291
16.47114
16.53560
16.50523
16.36179
16.24557
16.13805
16.12839
16.17567
16.19443
16.05875
16.10262
16.24597
16.04925
15.91373
15.82914
15.74297
15.73477
15.67953
15.59320
15.52161
15.42554
15.35316
15.27560
15.21263
15.13582
15.06946
14.99605
14.94232
14.87718
14.80540
14.74277
14.68021
14.61227
14.57195
14.56315
14.50849
14.42580
14.35450
14.28992
14.22976
14.17060
14.11236
14.05646
13.99806
13.93776
13.87836
13.83143
13.78180
13.71869
13.66094
13.60230
13.55414
13.49442
13.44070
13.38476
13.33355
13.28257
13.23387
13.18334
13.12752
13.07075
13.02147
12.97080
12.92197
12.87158
12.81996
12.77508
12.72864
12.67602
12.62634
12.58251
12.54207
12.49456
12.44651
12.40009
12.35781
12.31150
12.26127
12.21201
12.16510
12.12071
12.07415
12.02978
11.98526
11.94180
11.89981
11.85760
11.81417
11.77348
11.74287
11.71388
11.67792
11.63721
11.59649
11.55724
11.52237
11.48130
11.44419
11.40540
11.36952
11.32953
11.29035
11.25008
11.20960
11.17963
11.14169
11.09956
11.06309
11.02833
10.99129
10.95532
10.91906
10.87957
10.84203
10.80786
10.77064
10.73780
10.70111
10.66775
10.62966
10.60083
10.56258
10.53189
10.49054
10.46347
10.42138
10.39646
10.35519
10.33610
10.28680
10.27196
10.24384
10.23283
10.18127
10.17590
10.12506
10.11790
10.07050
10.08683
10.11673
10.20621
10.13195
10.17496
10.14423
10.21898
10.22921
10.26222
10.14300
10.18422
10.06684
10.12577
9.98797
10.06985
9.91340
10.26335
10.68662
11.40270
11.49596
11.81287
11.38493
11.76168
