51.64192
48.76703
50.98367
49.18766
50.69038
49.40471
50.52263
49.53870
50.41280
49.63063
50.33453
49.69822
50.27547
49.75034
50.22907
49.79193
50.19156
49.82595
50.16057
49.85427
50.13461
49.87814
50.11261
49.89844
50.09386
49.91578
50.07781
49.93064
50.06406
49.94337
50.05229
49.95425
50.04223
49.96352
50.03369
49.97138
50.02648
49.97799
50.02044
49.98349
50.01543
49.98803
50.01134
49.99171
50.00804
49.99465
50.00543
49.99695
49.99695
49.99695
49.99695
49.99695
49.99695
49.99695
49.99695
49.99695
49.99695
49.99695
49.99695
49.99695
49.99695
49.99695
49.99695
49.99695
49.99695
49.99695
49.99695
49.99695
49.99695
49.99695
49.99695
49.99695
49.99695
49.99695
49.99695
49.99695
49.99695
49.99695
49.99695
49.99695
49.99695
49.99695
49.99695
49.99695
49.99695
49.99695
49.99695
49.99695
49.99695
49.99695
49.99695
49.99695
49.99695
49.99695
49.99695
49.99695
49.99695
49.99695
49.99695
49.99695
49.99695
49.99695
49.99695
49.99695
49.99695
49.99695
49.99695
49.99695
49.99695
49.99695
49.99695
49.99695
49.99695
49.99695
49.99695
49.99695
49.99695
49.99695
49.99695
49.99695
49.99695
49.99695
49.99695
49.99695
49.99695
49.99695
49.99695
49.99695
49.99695
49.99695
49.99695
49.99695
49.99695
49.99695
49.99695
49.99695
49.99695
49.99695
49.99695
49.99695
49.99695
49.99695
49.99695
49.99695
49.99695
49.99695
49.99695
49.99695
49.99695
49.99695
49.99695
49.99695
49.99695
49.99695
49.99695
49.99695
49.99695
49.99695
49.99695
49.99695
49.99695
49.99695
49.99695
49.99695
49.99695
49.99695
49.99695
49.99695
49.99695
49.99695
49.99695
49.99695
49.99695
49.99695
49.99695
49.99695
49.99695
49.99695
49.99695
49.99695
49.99695
49.99695
49.99695
49.99695
49.99695
49.99695
49.99695
49.99695
49.99695
49.99695
49.99695
49.99695
49.99695
49.99695
49.99695
49.99695
49.99695
49.99695
49.99695
49.99695
49.99695
49.99695
49.99695
49.99695
49.99695
49.99695
49.99695
49.99695
49.99695
49.99695
49.99695
49.99695
49.99695
49.99695
49.99695
49.99695
49.99695
49.99695
49.99695
49.99695
49.99695
49.99695
49.99695
49.99695
49.99695
49.99695
49.99695
49.99695
49.99695
49.99695
49.99695
49.99695
49.99695
49.99695
49.99695
49.99695
49.99695
49.99695
49.99695
49.99695
49.99695
49.99695
49.99695
49.99695
49.99695
49.99695
49.99695
49.99695
49.99695
49.99695
49.99695
49.99695
49.99695
49.99695
49.99695
49.99695
49.99695
49.99695
49.99695
49.99695
49.99695
49.99695
49.99695
49.99695
49.99695
49.99695
49.99695
49.99695
49.99695
49.99695
49.99695
49.99695
49.99695
49.99695
49.99695
49.99695
49.99695
49.99695
49.99695
49.99695
49.99695
49.99695
49.99695
49.99695
49.99695
49.99695
49.99695
49.99695
49.99695
49.99695
49.99695
49.99695
49.99695
49.99695
49.99695
49.99695
49.99695
49.99695
49.99695
49.99695
49.99695
49.99695
49.99695
49.99695
49.99695
49.99695
49.99695
49.99695
49.99695
49.99695
49.99695
49.99695
49.99695
49.99695
49.99695
49.99695
49.99695
49.99695
49.99695
49.99695
49.99695
49.99695
49.99695
49.99695
49.99695
49.99695
49.99695
49.99695
49.99695
49.99695
49.99695
49.99695
49.99695
49.99695
49.99695
49.99695
49.99695
49.99695
49.99695
49.99695
49.99695
49.99695
49.99695
49.99695
49.99695
49.99695
49.99695
49.99695
49.99695
49.99695
49.99695
49.99695
49.99695
49.99695
49.99695
49.99695
49.99695
49.99695
49.99695
49.99695
49.99695
49.99695
49.99695
49.99695
49.99695
49.99695
49.99695
49.99695
49.99695
49.99695
49.99695
49.99695
49.99695
49.99695
49.99695
49.99695
49.99695
49.99695
49.99695
49.99695
49.99695
49.99695
49.99695
49.99695
49.99695
49.99695
49.99695
49.99695
49.99695
49.99695
49.99695
49.99695
49.99695
49.99695
49.99695
49.99695
49.99695
49.99695
49.99695
49.99695
49.99695
49.99695
49.99695
49.99695
49.99695
49.99695
49.99695
49.99695
49.99695
49.99695
49.99695
49.99695
49.99695
49.99695
49.99695
49.99695
49.99695
49.99695
49.99695
49.99695
49.99695
49.99695
49.99695
49.99695
49.99695
49.99695
49.99695
49.99695
49.99695
49.99695
49.99695
49.99695
49.99695
49.99695
49.99695
49.99695
49.99695
49.99695
49.99695
49.99695
49.99695
49.99695
49.99695
49.99695
49.99695
49.99695
49.99695
49.99695
49.99695
49.99695
49.99695
49.99695
49.99695
49.99695
49.99695
49.99695
49.99695
49.99695
49.99695
49.99695
49.99695
49.99695
49.99695
49.99695
49.99695
49.99695
49.99695
49.99695
49.99695
49.99695
49.99695
49.99695
49.99695
49.99695
49.99695
49.99695
49.99695
49.99695
49.99695
49.99695
49.99695
49.99695
49.99695
49.99695
49.99695
49.99695
49.99695
49.99695
49.99695
49.99695
49.99695
49.99695
49.99695
49.99695
49.99695
49.99695
49.99695
49.99695
49.99695
49.99695
49.99695
49.99695
49.99695
49.99695
49.99695
49.99695
49.99695
49.99695
49.99695
49.99695
49.99695
49.99695
49.99695
49.99695
49.99695
49.99695
49.99695
49.99695
49.99695
49.99695
49.99695
49.99695
49.99695
49.99695
49.99695
49.99695
49.99695
49.99695
49.99695
49.99695
49.99695
49.99695
49.99695
49.99695
49.99695
49.99695
49.99695
49.99695
49.99695
49.99695
49.99695
49.99695
49.99695
49.99695
49.99695
49.99695
49.99695
49.99695
49.99695
49.99695
49.99695
49.99695
49.99695
49.99695
49.99695
49.99695
49.99695
49.99695
49.99695
49.99695
49.99695
49.99695
49.99695
49.99695
49.99695
49.99695
49.99695
49.99695
49.99695
49.99695
49.99695
49.99695
49.99695
49.99695
49.99695
49.99695
49.99695
49.99695
49.99695
49.99695
49.99695
49.99695
49.99695
49.99695
49.99695
49.99695
49.99695
49.99695
49.99695
49.99695
49.99695
49.99695
49.99695
49.99695
49.99695
49.99695
49.99695
49.99695
49.99695
49.99695
49.99695
49.99695
49.99695
49.99695
49.99695
49.99695
49.99695
49.99695
49.99695
49.99695
49.99695
49.99695
49.99695
49.99695
49.99695
49.99695
49.99695
49.99695
49.99695
49.99695
49.99695
49.99695
49.99695
49.99695
49.99695
49.99695
49.99695
49.99695
49.99695
49.99695
49.99695
49.99695
49.99695
49.99695
49.99695
49.99695
49.99695
49.99695
49.99695
49.99695
49.99695
49.99695
49.99695
49.99695
49.99695
49.99695
49.99695
49.99695
49.99695
49.99695
49.99695
49.99695
49.99695
49.99695
49.99695
49.99695
49.99695
49.99695
49.99695
49.99695
49.99695
49.99695
49.99695
49.99695
49.99695
49.99695
49.99695
49.99695
49.99695
49.99695
49.99695
49.99695
49.99695
49.99695
49.99695
49.99695
49.99695
49.99695
49.99695
49.99695
49.99695
49.99695
49.99695
49.99695
49.99695
49.99695
49.99695
49.99695
49.99695
49.99695
49.99695
49.99695
49.99695
49.99695
49.99695
49.99695
49.99695
49.99695
49.99695
49.99695
49.99695
49.99695
49.99695
49.99695
49.99695
49.99695
49.99695
49.99695
49.99695
49.99695
49.99695
49.99695
49.99695
49.99695
49.99695
49.99695
49.99695
49.99695
49.99695
49.99695
49.99695
49.99695
49.99695
49.99695
49.99695
49.99695
49.99695
49.99695
49.99695
49.99695
49.99695
49.99695
49.99695
49.99695
49.99695
49.99695
49.99695
49.99695
49.99695
49.99695
49.99695
49.99695
49.99695
49.99695
49.99695
49.99695
49.99695
49.99695
49.99695
49.99695
49.99695
49.99695
49.99695
49.99695
49.99695
49.99695
49.99695
49.99695
49.99695
49.99695
49.99695
49.99695
49.99695
49.99695
49.99695
49.99695
49.99695
49.99695
49.99695
49.99695
49.99695
49.99695
49.99695
49.99695
49.99695
49.99695
49.99695
49.99695
49.99695
49.99695
49.99695
49.99695
49.99695
49.99695
49.99695
49.99695
49.99695
49.99695
49.99695
49.99695
49.99695
49.99695
49.99695
49.99695
49.99695
49.99695
49.99695
49.99695
49.99695
49.99695
49.99695
49.99695
49.99695
49.99695
49.99695
49.99695
49.99695
49.99695
49.99695
49.99695
49.99695
49.99695
49.99695
49.99695
49.99695
49.99695
49.99695
49.99695
49.99695
49.99695
49.99695
49.99695
49.99695
49.99695
50.00134
49.99983
50.00163
49.99950
50.00200
49.99910
50.00244
49.99862
50.00297
49.99804
50.00360
49.99735
50.00435
49.99654
50.00522
49.99559
50.00624
49.99449
50.00744
49.99321
50.00882
49.99171
50.01044
49.98996
50.01233
49.98791
50.01457
49.98547
50.01723
49.98255
50.02045
49.97898
50.02443
49.97452
50.02948
49.96875
50.03613
49.96097
50.04536
49.94982
50.05912
49.93241
50.08187
49.90145
50.12628
49.83305
50.24303
