14.45911
13.63337
13.94521
13.43693
14.08598
13.96269
14.22964
13.84510
14.01393
13.87085
14.08659
13.79870
13.99581
13.80994
13.79687
13.74691
14.25167
14.50424
14.33396
13.99204
13.92053
13.76207
13.91567
13.88784
13.80038
13.83499
14.05602
13.90044
13.80621
13.68495
13.88749
13.93853
13.87279
13.76367
13.80144
13.71333
13.78782
14.03189
14.00322
13.86018
13.75409
13.67102
13.59846
13.52626
13.49218
13.45470
13.37924
13.36388
13.34663
13.33723
13.29726
13.23804
13.19833
13.16862
13.15078
13.13254
13.10649
13.08156
13.06451
13.04840
13.01612
13.03997
13.09568
13.09122
13.04311
13.01128
12.96786
12.95163
13.05822
13.16414
13.11705
13.16560
13.36473
13.40497
13.28094
13.23365
13.25960
13.24953
13.15439
13.14001
13.09757
13.09180
12.99471
12.97925
12.85270
13.12287
13.30484
12.91831
13.01971
13.09244
13.14243
13.03696
12.97962
12.87876
12.84343
12.84917
12.98820
13.03760
13.01136
12.95035
12.91641
12.86159
12.84656
12.81593
12.90629
13.01127
12.96600
13.06553
13.27495
13.33735
13.64869
13.71141
13.56911
13.45157
13.33951
13.28871
13.23463
13.20613
13.34457
13.38299
13.31192
13.33092
13.31647
13.40703
13.93949
14.05223
13.88150
13.68914
13.77972
14.08798
14.16849
14.04110
13.92830
13.78506
13.65432
13.55576
13.97923
14.76917
15.25052
15.76599
15.88883
16.12155
16.13260
16.05993
15.96791
16.08578
15.92729
15.62042
15.34444
15.09558
14.82388
14.93101
15.10473
14.77926
14.55138
14.38683
14.29995
14.62630
15.29350
15.51431
15.20657
15.43982
15.30574
15.07350
15.07751
15.32758
16.32594
16.31388
16.36501
16.06101
15.95074
16.04530
15.90899
15.60220
15.65517
15.81302
15.62613
15.59047
15.56483
15.72975
15.50662
15.47354
15.70286
16.08728
16.03856
16.07138
16.06459
15.80071
15.40409
15.28608
15.73689
15.52287
15.45349
15.43534
15.05605
14.94801
14.84068
14.79026
14.62355
14.67284
14.74716
14.69338
14.44372
14.44728
14.93390
15.17871
15.08028
15.04799
15.19653
15.28242
15.11444
15.52979
15.76220
15.34452
15.26323
15.10928
15.34387
15.77242
16.32638
16.32420
16.61084
16.60422
15.75124
15.72571
15.99134
15.93244
15.78047
15.79955
15.79045
15.74177
15.86701
16.34986
16.40668
16.63465
16.79823
16.89686
17.00463
17.42623
17.23437
17.64324
17.86491
17.25666
16.78707
16.38703
16.74991
16.63491
16.66257
17.02803
16.55772
17.08140
17.39255
17.23800
16.98212
16.79719
16.62368
16.51098
16.37768
16.30083
16.25053
16.39882
16.54912
16.50618
16.41974
16.29962
16.23791
16.16452
16.09139
16.02388
16.04522
16.08188
16.08945
16.04867
15.98984
16.02730
16.00751
15.93206
15.87463
15.79472
15.84671
15.79862
15.74025
15.81678
15.87477
15.82870
15.80396
15.95934
16.03164
15.96307
15.88421
15.82099
15.79054
15.72634
15.78026
15.66328
15.78877
15.94258
16.22210
17.07390
17.45499
17.86992
18.10245
18.36152
18.85265
19.32558
18.88066
18.55519
18.22546
17.97746
17.72075
17.64552
17.88795
18.16407
18.53580
18.70691
18.50816
18.37171
18.46455
18.15913
17.95815
17.69031
17.66980
17.86768
18.04983
18.20929
18.31105
18.10661
17.66380
17.28864
17.21527
17.09633
17.02556
16.90149
16.91280
16.78819
16.92817
16.95988
17.22180
17.34274
17.53451
16.88860
16.97689
17.24891
16.84130
16.83083
16.67311
16.89981
17.25759
17.19615
17.03299
16.88617
16.83811
16.77487
17.14794
17.64743
17.74290
17.64961
17.58652
17.90546
17.95486
17.81180
17.81974
17.84256
18.03156
18.56080
18.52109
18.40426
18.14681
18.21849
18.15208
18.19752
17.93638
18.06030
18.31033
18.25057
17.79746
17.78342
18.10280
18.04018
17.86475
17.48954
16.77376
16.87650
16.71632
17.04527
17.57404
17.74669
17.85286
17.80359
18.09478
18.10589
17.75306
16.70578
16.45051
16.75811
17.09924
16.86750
17.38580
17.66085
17.19909
16.91128
16.42343
17.03586
17.09281
16.83555
17.07946
17.36530
17.31041
17.13923
16.95623
17.32793
18.03437
17.85970
17.72981
17.56378
17.85255
18.36174
18.12971
17.95743
17.77351
17.63377
17.47116
17.41824
17.52938
17.48396
17.36666
17.22414
17.32522
17.82226
17.92767
17.78368
17.86517
18.13706
18.16933
18.12236
17.97634
18.17738
18.02853
17.92605
17.41601
17.13023
17.01873
17.01507
16.92891
16.76538
15.91748
16.67407
16.68494
17.08499
17.36029
17.09253
17.09758
17.28425
17.24470
17.19860
17.28295
17.23819
17.18050
17.28013
17.32081
17.21982
17.09458
16.99638
16.95071
16.90035
16.85901
16.79085
16.95328
17.46713
17.59167
17.51552
17.19643
17.34875
17.32774
17.26648
17.47670
17.36965
17.20728
16.99297
16.82767
16.81601
16.91281
16.80577
16.47238
15.89562
15.84423
17.05337
17.78537
17.43970
17.45663
16.99712
16.48060
16.31519
16.47122
16.55334
16.41697
15.90322
15.69453
15.81483
16.02174
16.02732
15.68336
15.56633
15.56820
15.48038
15.45023
15.35612
15.37561
15.48044
15.59930
15.71310
16.54671
17.45138
17.52362
17.30476
17.59450
17.35736
18.82536
19.71367
19.99529
20.28999
20.46307
20.81625
20.65847
20.96949
21.28993
21.22973
21.23255
21.05622
20.86466
21.12859
21.17955
21.33568
20.78430
20.63171
20.56594
20.64026
20.07882
19.81047
20.72856
21.11249
20.72953
21.00927
20.18133
20.67636
20.96902
20.74294
20.81164
20.47120
20.48100
20.54758
21.15516
21.03923
20.97638
21.03758
21.03648
20.81296
20.66642
20.55140
20.93759
21.23841
21.12297
20.90889
20.76166
20.58855
20.47028
20.36381
20.34832
20.36625
20.31009
20.25166
20.23049
20.20875
20.20966
20.19702
20.31451
20.26910
20.25788
20.36182
20.28679
20.15987
20.08120
20.02743
19.97448
19.90340
19.86626
19.96425
19.98362
19.89874
19.83211
19.83655
19.76781
19.93934
20.18454
20.18863
20.10368
20.00738
19.92240
19.85297
19.78884
19.73187
19.74520
19.75576
19.72309
19.67376
19.62301
19.61151
19.61483
19.59904
19.55998
19.60228
19.69524
19.68974
19.63613
19.60098
19.52980
19.66397
20.08617
20.13670
20.00081
19.84073
19.73634
19.65695
19.60479
19.52377
19.47825
19.42253
19.41405
19.59557
19.80115
19.70672
19.62810
19.54531
19.69112
19.75063
20.08308
20.80677
20.95170
20.70287
20.43412
20.27890
20.58540
21.10128
21.48233
21.19967
21.49924
21.81890
21.87263
21.05441
20.68486
20.80527
20.28762
20.28472
20.47236
20.63893
21.62689
22.08801
22.26887
21.95702
21.49760
21.39586
21.10690
21.02113
21.25799
21.41844
21.24525
21.11356
21.11059
21.07604
20.90699
20.95398
21.25464
21.30224
21.13531
20.97326
20.91333
20.90049
20.78228
20.73636
20.71225
20.67674
20.62100
20.56927
20.52833
20.47723
20.42439
20.37309
20.32988
20.28796
20.25334
20.20968
20.18555
20.13955
20.19172
20.19602
20.21865
20.29907
20.24677
20.22708
20.20246
20.11317
20.19296
20.20427
20.26829
20.32694
20.27163
20.20310
20.14814
20.12394
20.16139
20.23917
20.20351
20.10808
20.32240
20.64453
20.75403
21.08432
21.09396
21.18965
21.35290
21.23188
21.19909
21.07263
21.13008
21.05488
21.16033
21.41610
21.28578
21.03726
21.01648
21.20679
21.21246
21.12404
20.98072
20.86579
21.03011
21.09877
21.20219
21.18773
21.04091
20.91982
21.12661
21.38998
21.29775
21.15205
21.08679
21.00556
20.93654
20.80075
20.69945
20.66941
20.59576
20.54341
20.48963
20.45821
20.42431
20.38800
20.35137
20.31919
20.27794
20.22736
20.19600
20.17512
20.13504
20.09290
20.04817
20.01793
19.97930
19.95890
19.90131
19.84345
19.82044
19.78232
19.73225
19.71301
19.68633
19.64467
19.62335
19.65329
19.67059
19.63608
19.57623
19.52249
19.46985
19.44157
19.40031
19.35237
19.29352
19.29348
19.26988
19.22080
19.17997
19.15297
19.15319
19.14235
19.09599
19.03640
18.98385
18.93718
18.89330
18.85227
18.80971
18.75981
18.69765
18.65767
18.60398
18.57362
18.53353
18.48724
18.43708
18.44124
18.61457
19.02860
19.34607
19.40408
19.27959
19.34384
19.39173
19.59723
19.58669
19.41396
19.44650
19.42917
19.26263
19.14733
19.04771
18.95252
18.88787
19.13217
19.51381
19.54024
19.42901
19.25890
19.09148
19.02701
18.92115
18.81066
18.79630
18.81918
18.75538
18.73448
18.81647
18.93688
18.81683
19.07867
19.60458
19.52640
19.32580
19.29783
19.14579
18.97968
18.82843
18.75641
18.66312
18.64918
18.57704
18.55455
18.45833
18.45025
18.37920
18.38779
18.38863
18.79516
18.75606
18.71675
18.45089
18.61108
17.90733
