14.00823
13.44447
13.69092
12.87641
13.77218
13.62488
13.86210
14.17814
14.73268
14.66061
14.40180
13.96906
13.80376
13.52338
13.40373
14.02201
13.95716
14.10026
14.32211
13.65137
13.56524
13.60613
14.38803
14.05372
13.97119
13.59491
13.44732
13.24457
13.17942
13.12040
13.64283
13.77614
13.64565
14.00531
14.25239
13.82010
13.57857
13.35255
13.45427
13.52696
13.34339
13.18658
13.14306
13.01318
13.06933
12.96530
12.85037
12.54455
12.46989
12.98873
13.25751
13.04931
12.89465
12.82819
13.21387
13.55373
13.29395
13.06619
12.92066
12.79730
12.75303
12.70302
12.61825
13.05845
13.24174
12.97638
12.80899
12.65831
13.09867
13.80355
14.02977
13.77759
13.34744
13.05178
12.84670
12.86261
12.82686
12.73379
12.61250
12.47115
12.33542
12.21721
12.10861
12.04211
12.01797
11.91471
11.79944
11.70263
11.61123
11.51325
11.42661
11.34717
11.58871
11.68617
11.52506
11.39598
11.29592
11.21682
11.11626
11.03391
10.96401
10.93227
10.85225
10.81665
10.92148
11.22521
11.58092
11.47260
11.28114
11.14905
11.06512
10.99586
10.91115
10.83483
10.76918
10.69090
10.61225
10.53788
10.46495
10.40326
10.29730
10.22402
10.17050
10.14174
10.09279
10.01137
9.93393
9.86771
9.81011
9.73958
9.67555
9.64719
9.58050
9.53020
9.46603
9.41969
9.35390
9.63048
10.70157
11.75833
12.60498
13.08620
13.71945
14.49830
14.50037
14.02065
13.77290
13.42254
13.55478
13.64182
13.76404
14.18340
14.24008
14.62703
14.78549
14.76817
14.31966
14.55594
15.12406
15.12415
14.93858
14.63310
14.69269
14.45096
14.45345
14.38876
13.99242
13.74547
13.69128
13.32184
14.21681
14.87810
15.20089
15.87692
15.26575
14.79481
14.84755
14.71205
14.32875
14.69127
15.18104
14.90539
14.52906
14.47530
14.41157
14.16428
13.92358
13.79193
14.05366
14.17652
14.05247
14.52507
15.26240
15.19554
14.94657
14.68892
14.48168
14.46013
14.60147
14.58298
14.40156
14.39365
14.12251
14.25938
14.36367
14.11321
14.57462
14.69841
14.63732
14.94583
14.65756
14.28347
14.01264
14.05971
14.24566
14.20634
14.08255
14.18937
14.50584
14.31810
15.03542
15.09303
14.69183
14.78834
14.61601
14.42705
14.26584
14.19120
13.97449
13.89566
13.71340
13.67951
14.11728
14.05606
13.78085
13.95659
13.99685
13.74516
13.88419
13.93593
13.62224
13.37068
13.12988
13.10999
13.05655
12.72519
12.74159
12.94088
12.90567
12.75919
12.64903
12.75596
12.57475
12.39052
12.89675
12.96199
12.82787
12.80531
12.68207
12.54051
12.45150
12.34852
12.34967
12.05502
12.27388
12.62319
12.87759
13.02355
13.18057
13.28200
13.11817
13.25887
12.90401
13.25493
13.97525
13.94070
13.65523
13.46747
13.22445
13.23837
12.99001
13.03348
13.55959
14.10398
14.53634
14.19391
13.96061
13.68137
13.54786
13.56256
13.38720
13.64289
14.17680
14.23456
13.97637
13.85774
13.70171
13.55090
13.29759
12.98326
12.96834
12.86905
12.81590
12.67632
12.49759
12.58625
12.71226
13.17645
13.83243
13.59444
13.42898
13.23101
13.08152
13.48708
14.16416
14.46838
14.25679
13.93685
13.72720
13.62299
13.48742
13.35613
13.29011
13.30749
13.73538
13.87134
13.73436
14.09224
14.21737
14.00616
13.76164
14.03632
14.98001
15.07841
14.66343
14.48370
14.65663
14.68107
15.17158
15.27770
14.85642
14.44393
14.17674
14.33672
14.46045
14.19518
13.99925
13.82871
14.29355
14.01659
14.34280
14.69395
14.42210
14.15297
13.83883
13.55454
13.40717
13.35995
13.59939
13.43977
13.35785
13.31230
14.39187
14.79909
14.98071
15.31357
15.04059
14.89417
14.75709
14.79593
14.63329
14.53220
14.36337
14.28229
14.13753
14.02319
14.15592
14.15188
13.99633
13.94754
13.84221
13.75855
13.67458
13.67067
13.65226
13.57979
13.36657
13.19746
13.35771
13.27911
13.22994
13.34189
13.30491
13.19519
13.34222
13.88918
13.82456
13.97638
13.93593
13.72669
13.51462
13.47832
13.36463
13.33885
13.53463
13.87828
13.62091
13.41086
13.27736
13.88736
14.56709
14.55675
14.23533
14.09742
14.00955
13.94245
14.49743
14.41873
14.23292
14.15583
14.36775
14.45075
14.07207
14.40340
14.34163
14.23118
14.13437
14.44166
14.77388
14.96464
15.21636
14.72102
14.65242
14.82639
14.73728
14.35013
14.33629
14.28415
14.17208
13.98299
14.00501
14.04320
14.21616
14.28148
14.31939
14.23009
14.29425
14.34302
14.18453
14.05405
14.13461
14.15210
14.60401
14.61638
14.38958
14.31066
14.45086
14.58874
14.48371
14.24004
14.33378
14.34502
14.15147
14.51953
14.52176
14.32398
14.24299
14.69257
14.70825
14.43024
14.46857
14.39319
14.34167
14.52871
14.54161
14.18323
14.53648
14.66572
14.38342
14.91444
14.87785
14.45884
14.54724
15.38618
15.77361
15.57360
15.22948
15.05277
15.04922
14.83270
14.62618
14.48492
14.34552
14.05452
14.12857
13.87461
13.83760
14.06184
14.01207
13.77540
13.57059
13.65256
13.99501
14.09881
14.07370
14.03310
14.01746
14.12657
14.03525
13.85982
13.79517
13.83052
13.79563
13.72827
13.72522
13.74861
14.05641
14.14224
14.04309
14.02639
13.92730
13.72486
13.61463
13.52752
13.59781
13.69333
13.81189
13.89976
13.51623
13.34108
13.21707
13.13712
13.09490
13.03141
13.07348
13.03439
12.88187
13.24361
13.57007
13.81843
13.82921
13.85868
14.11355
14.29980
15.08470
15.41076
15.20633
14.76337
14.59805
14.43976
14.24831
14.42941
14.39537
14.20047
14.04929
13.83257
13.67132
13.53920
13.49345
13.43420
13.30316
13.24623
13.30221
13.30007
14.30766
14.87379
14.79013
14.68780
14.41350
14.21063
14.15822
14.13741
14.17572
14.26989
14.02279
13.98250
14.05214
14.32765
14.18254
14.11335
13.88754
13.97405
13.74899
13.94342
13.89831
13.77731
13.41217
13.32061
13.53516
13.70233
13.83058
13.69998
13.62878
13.72585
13.73718
14.33301
14.66346
14.43519
14.27266
14.32257
14.60315
14.56079
14.39715
14.19830
13.98934
14.06426
13.94610
13.68805
13.54469
13.89277
13.98012
13.75126
14.65529
15.14338
14.92176
14.74006
14.55568
14.64387
15.44443
15.39421
15.01594
14.76001
14.62545
14.49410
14.87340
14.79470
15.14966
15.39242
15.11360
14.99261
14.76141
14.65144
14.49989
14.61523
14.88930
14.72026
14.53863
14.35616
14.01519
14.00397
14.52369
14.59812
14.46223
14.54776
14.28307
14.06243
13.98612
14.43196
14.56752
14.52701
14.35453
14.62475
14.64121
14.50918
14.54020
15.16768
15.32743
15.12713
15.48771
15.45683
15.32256
15.22371
15.89823
15.94876
15.50092
16.00440
16.34560
16.19096
16.10821
15.69124
15.55269
15.43085
15.28795
15.50839
16.02067
16.57469
16.32792
15.95566
15.63273
15.67912
16.05707
15.95232
15.78008
15.54981
15.35669
15.16287
15.49213
15.85580
15.75669
16.17813
16.75013
16.54812
16.32077
16.02608
15.87865
15.75545
15.62527
15.92079
16.52185
16.37964
16.12609
16.58341
16.61085
16.60489
16.46162
16.33164
15.97160
15.76679
15.71620
15.67130
15.75637
16.55031
16.67534
16.42424
16.26899
16.05583
16.55604
17.18846
16.66783
16.89859
18.53002
19.02420
18.66425
17.87814
17.44991
17.11892
16.72724
16.83288
17.41465
17.74246
17.73323
17.66614
17.47271
17.22632
16.99356
17.46739
17.92844
17.59726
17.37853
16.88976
16.66171
16.90531
17.70693
17.90064
17.44169
17.12756
16.93301
16.63008
16.22905
16.14529
16.20649
17.69847
18.42875
18.20296
17.94981
17.73072
17.31824
17.21276
17.08691
17.63681
17.95201
17.86546
18.18803
17.84088
17.44691
17.07138
16.89748
16.60505
16.32703
16.35546
16.17424
16.10085
16.83579
17.13604
17.16953
17.59962
17.42167
16.95746
16.65116
16.40893
16.76476
16.90102
16.65975
16.40754
16.18880
16.01399
15.87796
15.82515
15.74660
15.54393
15.47931
15.44573
15.31452
15.33735
15.17037
14.96000
14.86823
14.75288
14.65508
14.56229
14.53649
14.41352
14.35806
14.24638
14.53829
15.18706
15.47770
15.75556
15.50979
15.19563
14.93109
14.67611
14.80854
15.12800
14.90069
14.66284
14.46758
14.37853
14.14132
14.02123
13.97654
13.92608
14.27301
14.38380
14.44097
14.37236
14.11457
13.95453
13.78935
13.71159
13.56752
13.56774
13.53854
13.63995
13.89794
13.71768
13.58025
13.40825
13.65261
13.66650
13.47122
13.37953
13.51475
14.26685
14.69706
14.46128
14.53131
14.46247
14.21430
13.97004
13.93500
13.72939
13.67291
13.56728
13.54594
13.53681
13.82645
13.53345
13.55841
13.29959
13.48340
13.36267
13.63017
13.40898
13.58862
13.30441
13.46489
13.10887
13.49394
13.09027
14.17900
13.65475
