8.79378
8.27934
8.63774
8.34680
8.60601
8.43603
8.76982
8.67557
8.81430
8.65179
8.75127
8.59151
8.67132
8.54249
8.59401
8.49029
8.54501
8.45486
8.48248
8.40728
8.43025
8.39778
8.45146
8.38330
8.39139
8.33155
8.34239
8.29837
8.29962
8.27725
8.27614
8.21518
8.21184
8.19765
8.18902
8.14827
8.14101
8.09841
8.08978
8.05581
8.05523
8.01611
8.00072
7.97156
7.97151
7.93947
7.91065
7.89139
7.86615
7.84667
7.82418
7.80416
7.78141
7.76300
7.74169
7.72184
7.70281
7.69504
7.69506
7.66733
7.64447
7.64534
7.62307
7.60350
7.58189
7.55601
7.53811
7.51698
7.49955
7.48235
7.46874
7.47110
7.42921
7.39769
7.38554
7.36070
7.34066
7.32405
7.30341
7.28931
7.27352
7.25538
7.23463
7.22081
7.20458
7.18689
7.16426
7.15495
7.13291
7.10753
7.09259
7.07547
7.06188
7.04408
7.02405
7.00484
6.98777
6.97125
6.95306
6.93749
6.91763
6.90648
6.88843
6.87282
6.85398
6.84252
6.82779
6.81097
6.79409
6.78728
6.77318
6.75940
6.73691
6.73179
6.72688
6.70118
6.69501
6.67119
6.65202
6.63787
6.61731
6.60049
6.58504
6.57032
6.56303
6.59179
6.63993
6.76418
6.89874
7.04522
7.17477
7.38121
7.83511
8.46488
9.22616
10.09507
11.02718
11.88618
12.48686
13.37709
14.19592
15.31556
16.11536
16.89148
17.82307
18.36742
19.03665
19.82712
20.58682
21.04232
21.65628
21.97157
22.39910
23.10647
23.75714
24.01975
24.47663
24.87462
25.14164
25.26958
25.74363
26.13417
26.47911
26.80006
26.36308
25.76587
25.46824
25.51125
25.49676
25.49468
25.86818
25.66469
25.83360
26.51717
26.57299
26.13988
26.32616
26.54357
26.33908
26.03366
26.06410
26.25489
26.19580
26.03095
25.85248
25.74201
25.69783
26.01726
26.14666
25.94771
25.69741
25.71741
25.52730
25.68818
25.95955
25.89817
25.92168
25.69990
25.36480
25.09327
24.94884
24.86121
25.03730
25.24123
25.19922
25.22569
25.00806
24.70498
24.44858
24.26161
24.12856
24.30952
24.40169
24.30501
24.41305
24.23355
23.95388
23.86537
23.73321
23.57041
23.48883
23.51975
23.41015
23.34836
23.29086
23.30621
23.20889
23.04215
22.87646
23.01830
23.15576
23.08226
22.99308
22.92126
22.91310
22.76205
22.62104
22.51231
22.33686
22.25029
22.24784
22.56710
23.03976
22.79426
22.92481
23.37304
23.49015
23.67401
23.64618
23.42985
23.75721
23.97569
23.78906
23.71543
23.61813
23.19945
23.26127
23.24273
23.48214
23.76153
23.69332
23.42124
23.31299
23.17284
23.03220
22.68277
22.66094
22.83022
22.74852
22.82130
23.14259
23.10308
22.71652
22.69611
22.60702
22.70270
22.59460
22.46117
22.38588
22.38322
22.43196
22.21745
22.75749
23.10184
22.79116
22.48920
22.53156
22.53979
22.29700
22.08853
21.92778
21.81177
21.70523
21.75886
21.84112
21.94765
22.14822
21.79321
21.86183
22.18220
22.02654
22.06238
21.90156
21.64705
21.52836
21.45319
21.34524
21.44174
22.00090
22.33096
22.19199
22.06708
22.30563
22.16794
21.85942
21.57698
21.36811
21.21321
21.09545
21.00810
20.94410
20.98798
21.21196
21.40084
21.41621
21.38307
21.21005
20.93324
21.20457
21.40958
21.95747
21.80473
21.57472
21.31022
20.88681
20.97666
20.85723
20.61200
20.38554
20.28056
20.47588
20.66720
20.71354
21.25893
21.28052
20.96830
20.79761
21.22918
21.36929
22.19328
22.42106
22.08185
21.82504
21.64016
21.47852
21.33186
21.24100
21.09997
21.07106
21.40846
21.91945
21.84939
21.98730
22.13696
22.25376
22.30739
21.82747
21.57851
21.40195
21.31259
21.12301
21.03201
20.92353
21.11360
21.31530
21.30518
21.12061
20.94124
20.75846
20.73905
20.95116
21.06887
21.37255
21.40332
21.51908
21.51114
21.58736
22.14782
22.27964
21.80026
21.60822
21.51962
21.38125
21.71171
21.79578
21.54918
21.55010
21.32510
21.60019
21.60856
21.34608
21.04434
20.86573
20.84062
21.28292
21.14585
20.91990
20.67553
20.59449
20.41564
20.63949
20.73015
21.04320
21.27857
21.37761
21.62599
21.49695
21.77991
21.70927
21.71103
21.81103
21.91855
21.58035
21.22537
21.44078
21.66132
21.38383
21.32269
21.40450
21.33006
21.30967
21.69311
21.85004
21.70111
21.55700
21.36870
21.35897
21.43873
21.35387
21.23143
21.03197
20.93553
21.04516
21.16018
21.11218
21.18021
22.00837
22.42105
22.38014
22.38762
22.82558
22.67826
22.35619
22.35789
22.29681
22.16801
22.00380
22.08387
22.18502
22.11917
22.09346
22.46280
22.57116
22.35339
22.18760
21.98639
22.12694
22.62189
22.15006
22.34702
22.66460
22.44608
21.97697
22.05287
21.97506
21.95218
22.44316
23.24889
23.76432
23.06939
23.27111
23.08325
22.86122
23.18052
23.04476
22.68761
22.78302
23.19783
23.38373
23.53967
23.82293
24.23085
24.54269
24.29825
23.86466
23.79156
23.31408
23.58849
23.76997
23.41019
23.24707
23.30195
23.55026
23.63370
23.79808
24.12952
23.85697
23.71886
23.69119
23.56053
23.24538
23.90764
24.22680
24.05616
23.48216
23.70290
23.92825
23.82773
24.17925
24.28947
24.28040
24.53716
24.49516
24.24722
24.45809
24.57979
24.91179
24.99648
24.77777
24.66419
24.36884
24.26746
24.77421
24.55016
24.67839
24.97884
24.97114
25.13565
24.76253
24.47260
24.16662
24.12043
23.95936
23.88458
23.89941
24.04883
24.23155
24.12813
24.15399
23.96694
23.93989
23.85238
23.63423
23.54056
23.47204
23.22553
23.18927
23.38184
23.48416
23.30175
23.19445
23.07398
23.01127
22.85836
22.81156
22.75302
22.67359
22.77044
22.86384
22.86437
22.75436
22.61666
22.50534
22.38675
22.40504
22.74151
22.80684
22.79048
22.65194
22.57895
22.39118
22.30444
22.33015
22.45160
22.73949
22.92682
23.01075
22.83060
22.78504
22.93611
23.02650
23.28996
23.53655
23.37869
23.23687
23.06356
22.76034
22.50347
22.33167
22.26339
22.24539
22.45200
22.76439
23.23277
23.61472
23.51545
23.23015
23.34546
23.65138
23.89308
23.81379
23.99877
23.66445
23.55310
24.02733
24.52610
24.62387
24.05922
23.68828
23.69750
24.37650
25.16947
25.15154
24.98123
25.10585
25.21346
24.84276
24.72625
25.06684
25.61442
26.14183
26.28552
26.53736
26.72596
26.84049
27.13617
27.53030
27.23815
26.67603
26.32265
26.66762
27.02588
27.41616
27.13551
27.25262
26.90847
26.79400
27.08529
27.13913
27.65631
27.00325
27.31155
27.75424
28.16576
28.31050
28.37874
28.03892
28.42493
28.52952
27.88677
27.19681
27.70375
27.68460
27.71757
27.96485
27.98632
27.84542
27.90827
28.14322
28.38109
28.12718
27.87299
28.05935
27.97315
27.49382
27.39704
27.36825
27.31723
27.35085
27.21541
26.95737
26.69010
26.42335
27.05150
27.11470
26.73983
26.50922
26.31570
26.02244
26.30713
26.59036
26.70253
26.52758
26.13903
26.00831
26.13158
26.61902
26.13333
26.42124
26.50316
26.58363
26.51545
26.60496
26.42508
26.29673
26.70986
26.81594
26.68960
26.78488
26.76772
26.32778
27.08727
27.28070
27.01380
27.08632
26.90572
26.86461
26.32137
26.32457
26.36716
26.74138
26.53259
26.32479
26.31033
26.56375
26.53186
26.79870
26.95487
26.99622
27.35472
27.91025
27.80926
28.02692
28.13949
27.74233
27.57348
27.54641
27.60990
27.22070
27.27886
27.16307
26.88619
26.74155
26.62795
26.67165
26.70649
26.50907
26.43573
26.89778
27.24538
27.81491
28.09005
27.68635
27.29347
27.10763
26.85595
26.88420
27.24031
27.08007
26.79290
26.59331
26.47604
26.37371
26.27270
26.17650
26.09930
26.01106
25.91648
25.86073
25.75552
26.01664
26.18387
26.00376
25.81770
25.67738
25.56720
25.54569
25.50278
25.82650
26.14512
26.09189
25.88012
25.69700
25.62816
25.54542
25.47196
25.37380
25.31059
25.25812
25.21753
25.10716
25.07783
25.52255
25.68624
25.44985
25.29256
25.15186
25.00940
24.98716
24.99532
24.89467
24.81816
24.84193
24.74131
24.62019
24.48540
24.41185
24.37355
24.29068
24.22006
24.13199
24.17139
24.18083
24.07113
24.23671
24.43207
24.29587
24.12783
23.98794
23.91045
23.80470
23.73124
23.65652
23.59726
23.53162
23.47726
23.42197
23.39360
23.40566
23.51734
23.57562
23.53488
23.44948
23.33242
23.23891
23.38057
23.46872
23.34170
23.20702
23.08522
23.00423
22.94466
22.88019
22.81321
22.76024
22.70459
22.64247
22.60762
22.54554
22.49036
22.43411
22.35821
22.31324
22.24370
22.20009
22.13752
22.07052
22.01448
21.96227
21.91676
21.85789
21.80637
21.74085
21.69743
21.68551
21.71537
21.73963
21.70936
21.65577
21.62546
21.62672
21.55116
21.47872
21.41050
21.35013
21.28986
21.23291
21.17716
21.12027
21.06060
21.00007
20.94217
20.88675
20.83571
20.77915
20.73215
20.68104
20.63588
20.58617
20.52687
20.45656
20.40726
20.33975
20.30304
20.22691
20.19109
20.11300
20.07583
19.99525
19.96512
19.88403
19.85463
19.76498
19.75538
19.63883
19.63058
19.52407
19.52982
19.41961
19.41955
19.29315
19.30951
19.17106
19.21099
19.04731
19.10283
18.91601
19.01594
18.76522
