8.42613
7.85367
8.18573
7.94148
8.19754
7.92262
8.05197
7.85204
7.98766
7.82418
7.98198
7.95123
8.04590
7.95250
8.06533
7.99382
8.05550
7.95252
8.02878
8.37015
8.79492
8.79306
8.85227
8.82881
8.71654
8.49154
8.60688
8.78653
8.70530
8.52461
8.43927
8.37351
8.30550
8.20706
8.15788
8.10103
8.06844
8.03513
8.02120
8.00013
7.98986
7.96415
7.94468
7.91429
7.89655
7.88463
7.86107
7.84178
7.91184
8.00532
8.02028
7.98455
7.91385
7.87337
7.81865
7.79371
7.76299
7.71639
7.69197
7.66805
7.65680
7.62636
7.59900
7.57293
7.54677
7.51873
7.49032
7.46511
7.43779
7.41729
7.39123
7.38697
7.37539
7.33004
7.31120
7.30744
7.39095
7.47208
7.56171
7.64229
7.75046
7.79697
7.80326
7.77974
7.70357
7.62324
7.55028
7.49985
7.45812
7.42523
7.39320
7.36512
7.35352
7.35417
7.37667
7.37368
7.34175
7.31186
7.27825
7.25030
7.22040
7.19591
7.17636
7.15572
7.14017
7.12828
7.14973
7.15238
7.12201
7.09172
7.08549
7.06992
7.04220
7.00181
7.03652
7.26335
7.44062
7.42759
7.35003
7.25878
7.19322
7.13723
7.09331
7.05961
7.06682
7.06320
7.05367
6.98824
6.96604
6.94460
6.92202
6.89181
6.87907
6.84077
6.81266
6.78121
6.76986
6.75644
7.04407
7.40788
7.81916
8.08350
8.24873
8.70348
9.12857
9.25147
9.21167
9.23433
9.28255
9.31560
9.60069
9.71205
9.91686
9.92574
9.84066
10.14680
10.47284
10.46971
10.28661
10.08487
10.04490
10.04805
9.94635
9.90851
9.98463
9.93845
9.69830
9.54441
9.41639
9.40400
9.60958
9.88690
9.97116
9.99457
9.90762
9.76950
9.62281
9.75322
10.12196
10.15430
9.96300
9.76331
9.61541
9.50889
9.43430
9.39259
9.47843
9.56569
9.55963
9.48279
9.41118
9.33134
9.23043
9.39507
9.91708
10.02325
9.84753
9.63848
9.49080
9.36879
9.31352
9.22672
9.24972
9.22020
9.31351
9.44388
9.59159
9.92624
10.12706
10.02957
10.28582
10.58708
10.50552
10.64769
10.67444
10.38726
10.24366
10.20454
10.07559
10.19072
10.57347
10.68706
10.54846
10.41455
10.24517
10.28046
10.76571
10.86503
10.79863
11.03038
10.93491
10.61020
10.39319
10.22516
10.08874
10.23976
10.26837
10.44882
10.45473
10.34595
10.22131
10.13187
10.02065
10.22840
10.80470
10.98135
10.89836
10.64180
10.40866
10.33249
10.51904
10.64789
10.51073
10.51975
10.70220
10.64598
10.49116
10.29679
10.18415
10.10473
10.05455
10.03676
9.98137
9.95973
9.91825
9.87341
9.84404
9.80056
9.85815
10.38997
10.92062
10.98235
11.03666
11.15360
11.07140
11.12764
10.98533
10.68374
10.48626
10.36817
10.29136
10.30846
10.44840
10.53771
10.71335
10.96860
10.83104
10.64506
10.46413
10.32458
10.19083
10.09026
9.99042
10.02350
10.06072
10.00869
9.95794
9.89703
9.87587
9.87061
9.82251
9.76035
9.73409
9.78044
10.27273
10.70771
10.64769
10.45409
10.21378
10.06992
10.13807
10.67947
11.02846
11.48104
11.74300
11.69211
11.33372
10.90602
10.63201
10.55179
10.47082
10.36144
10.33830
10.35186
10.32592
10.58045
10.72282
10.62400
10.50146
10.68474
11.11690
11.17700
10.93544
10.71325
10.65419
10.81634
11.00877
11.43318
11.67634
11.41646
11.10359
10.84314
10.79281
10.81546
10.70842
10.60899
10.42969
10.33049
10.74050
10.95877
10.78039
10.62190
10.63798
10.60691
10.56589
10.77243
10.86452
10.81832
10.75662
10.93943
10.96500
10.77258
10.62298
10.51065
10.45545
10.38912
10.63404
11.16939
11.36260
11.19635
10.97455
10.77661
10.61446
10.61311
10.74564
11.16677
11.67316
11.73057
11.53426
11.35272
11.46720
11.36953
11.16939
11.04677
11.00455
10.88831
10.88991
10.88463
10.99378
11.09945
11.00328
10.96944
10.91983
11.02717
11.29998
11.65929
11.66997
11.40418
11.22268
11.43238
11.64282
11.62232
11.76708
11.67334
11.54577
11.41771
11.28752
11.25969
11.55970
11.70157
11.60687
11.50672
11.36909
11.27287
11.18411
11.12903
11.24479
11.29847
11.15776
11.08444
11.09593
11.36257
11.40833
11.32578
11.22655
11.11236
11.01420
10.96875
10.92487
10.85547
10.81615
10.92715
11.01775
11.03339
11.14675
11.19859
11.13334
10.93408
10.82616
10.76084
10.89759
11.15370
11.24256
11.22819
11.60375
11.84342
11.57721
11.25448
11.08284
11.07169
11.41224
11.70592
11.70161
11.87343
11.85001
11.64172
11.50282
11.41490
11.37096
11.33236
11.24997
11.26973
11.36151
11.33107
11.27130
11.20091
11.15046
11.09552
11.06315
10.99698
10.96886
10.96185
10.98592
10.99231
11.13108
11.53152
11.57572
11.51921
11.60022
11.58876
11.47822
11.39569
11.31615
11.21945
11.07777
11.18454
11.45665
11.44441
11.28451
11.15230
11.39880
11.90299
11.92631
11.88742
12.17289
12.32161
12.19452
12.15729
11.93944
11.60152
11.42937
11.48962
11.52210
11.44352
11.36356
11.25828
11.51892
11.95840
12.13305
12.03391
12.00060
12.03310
11.96587
11.73985
11.57088
11.48922
11.42123
11.36023
11.28789
11.19668
11.13907
11.13322
11.10251
11.17348
11.29876
11.31940
11.39988
11.62820
11.64603
11.51577
11.35739
11.29241
11.21168
11.29878
11.45238
11.45559
11.45244
11.41905
11.38575
11.28465
11.19320
11.13468
11.07701
11.03606
11.08214
11.10471
11.04854
10.98562
10.94856
10.91217
10.84008
10.95933
11.46124
11.61360
11.55319
11.61154
11.58312
11.42768
11.22695
11.11660
11.01617
10.95085
10.92421
10.98015
11.02410
11.03832
10.99999
10.98509
11.02674
11.34881
11.70652
11.67424
11.46178
11.27232
11.15516
11.06482
11.01326
10.94509
10.94718
10.97262
10.95072
10.91588
10.87455
10.91162
10.99530
11.03679
11.02249
10.95179
10.87766
10.87345
11.21280
11.29950
11.45745
11.52044
11.52973
11.78336
11.75321
11.48176
11.22712
11.12567
11.01621
10.96030
10.89365
10.84960
10.79729
10.75967
10.71968
10.76054
11.12837
11.38933
11.46633
11.38063
11.23340
11.25503
11.23969
11.13471
10.99572
10.89844
10.84322
10.80881
10.73532
10.66377
10.61864
10.72410
10.93719
10.99851
11.02266
11.11675
11.10971
10.97044
10.81543
10.70337
10.62717
10.57120
10.50441
10.45317
10.41681
10.38805
10.39320
10.37855
10.34539
10.31135
10.28866
10.25572
10.22515
10.19084
10.16694
10.11616
10.43643
10.90385
10.94864
11.23246
11.55746
11.55134
11.40949
11.18093
10.98130
10.86724
10.76616
10.88811
11.08408
11.20076
11.21508
11.10336
10.99499
11.20095
11.43586
11.33375
11.15936
10.98869
11.05910
11.10656
11.06295
11.03688
10.97630
10.88798
10.81765
10.74511
10.69704
10.66199
10.79053
10.99962
10.98028
10.86980
10.76363
10.69354
10.66727
10.62903
10.55123
10.51902
10.50595
10.76863
11.36463
11.77702
11.89613
12.05993
12.16204
11.88760
11.61548
11.42879
11.27790
11.21577
11.49811
11.66497
11.52269
11.39678
11.28601
11.18256
11.13048
11.07821
11.02284
11.02915
11.03063
10.95670
10.99258
11.00509
11.01470
10.96889
11.15150
11.47219
11.59573
11.47888
11.39946
11.48344
11.67855
11.98772
11.97537
12.03062
12.38553
12.54293
12.44403
12.33679
12.26116
12.14710
12.06991
12.41283
12.76248
12.57642
12.32144
12.09938
11.97397
11.84873
11.77149
11.70506
11.65452
11.60657
11.56872
11.51597
11.48427
11.43854
11.40955
11.35474
11.32251
11.28870
11.26716
11.21865
11.18978
11.24949
11.28833
11.63525
11.93774
11.90968
11.77730
11.60521
11.49561
11.59294
11.75477
11.70511
11.57118
11.44528
11.35946
11.42933
11.69137
11.78560
11.67434
11.51876
11.40882
11.32875
11.27073
11.21864
11.17578
11.15743
11.16692
11.13758
11.10684
11.05263
11.02775
11.03851
11.12442
11.21275
11.20460
11.12777
11.04404
10.98301
10.93772
10.87921
10.84688
10.80611
10.78586
10.75883
10.72923
10.69822
10.66474
10.63660
10.61418
10.57136
10.54238
10.53570
10.52394
10.49537
10.45787
10.42060
10.38752
10.35943
10.32382
10.28992
10.25788
10.22861
10.19859
10.17547
10.16080
10.13323
10.10150
10.06911
10.03340
10.00126
9.97519
9.95094
9.91344
9.87369
9.83466
9.80165
9.76598
9.73124
9.69325
9.66093
9.62202
9.63654
9.70513
9.70044
9.63548
9.58017
9.52642
9.49369
9.43867
9.40361
9.36895
9.33424
9.29716
9.26953
9.24073
9.19953
9.16625
9.13240
9.10925
9.07685
9.04413
8.99054
8.96016
8.92253
8.89271
8.85906
8.83012
8.79756
8.76806
8.73570
8.70551
8.67601
8.64004
8.60791
8.57700
8.54457
8.52033
8.47912
8.44976
8.41547
8.39870
8.37620
8.32456
8.28379
8.28027
8.24356
8.23548
8.23081
8.19845
8.16516
8.11950
8.09125
8.06786
8.03302
7.99673
7.96724
7.94466
7.90437
7.88798
7.85624
7.81174
7.79418
7.77300
7.75152
7.71988
7.69133
7.65690
7.62754
7.60103
7.59182
7.55349
7.50912
7.49127
7.46539
7.44468
7.41551
7.40084
7.38690
7.35514
7.31630
7.29588
7.25789
7.24191
7.21054
7.20787
7.19717
7.25052
7.28941
7.39957
7.66123
8.00566
8.03020
8.03616
7.91641
7.92474
7.87185
7.92788
7.82398
7.88736
7.86218
8.22786
8.35748
8.47100
8.40722
8.62458
8.89118
9.33974
9.34201
9.46800
9.17029
9.43829
9.19292
9.63596
8.65324
8.12187
8.10129
