19.23453
18.05901
18.71523
17.93781
18.38440
17.84614
18.20499
17.80794
18.09640
17.83886
18.05533
17.81505
18.18725
18.10281
18.29441
18.08929
18.17005
17.97581
18.05636
17.91712
18.02431
17.91639
17.98099
17.86468
17.91536
17.84980
17.89982
17.81332
17.83195
17.75993
17.77316
17.69956
17.70221
17.64219
17.62729
17.56728
17.54281
17.49018
17.48422
17.44729
17.44288
17.41711
17.39683
17.35675
17.32510
17.27828
17.24800
17.21013
17.17713
17.15015
17.11792
17.09065
17.04786
17.00566
17.05374
17.17425
17.23140
17.22820
17.18432
17.13529
17.08291
17.03329
16.98877
16.93648
16.88421
16.83656
16.80842
16.77299
16.73586
16.69241
16.69835
16.72331
16.71706
16.70008
16.66729
16.63280
16.59772
16.55335
16.51511
16.47421
16.43089
16.39247
16.35216
16.31886
16.27504
16.23702
16.20534
16.18818
16.16560
16.13785
16.10313
16.06441
16.02740
15.99195
15.95633
15.91439
15.87624
15.83730
15.79929
15.76021
15.72145
15.69212
15.67919
15.66342
15.64432
15.62034
15.59030
15.56063
15.52365
15.48957
15.45653
15.41716
15.38043
15.34361
15.30667
15.26870
15.24071
15.20752
15.19691
15.21929
15.23416
15.23388
15.20802
15.18563
15.15796
15.13065
15.14857
15.21635
15.28427
15.45082
15.83355
16.24131
16.46531
16.57440
16.68237
16.70367
16.71800
16.69964
16.68119
16.63499
16.59653
16.63447
16.88516
17.24607
17.44317
17.49953
17.51113
17.59589
17.64283
17.64536
17.60338
17.58577
17.60678
17.61452
17.73214
17.96030
18.16091
18.21710
18.21931
18.16983
18.14019
18.12210
18.09147
18.07070
18.02753
18.01401
18.13968
18.18721
18.25018
18.32847
18.34794
18.32991
18.27903
18.22496
18.18159
18.13959
18.09908
18.06933
18.07147
18.09542
18.14781
18.20010
18.20724
18.18458
18.27138
18.37345
18.55085
18.67095
18.64844
18.76307
19.20973
19.65086
19.79266
19.79084
19.69267
19.56498
19.44590
19.35903
19.28687
19.26092
19.21373
19.20449
19.19725
19.15061
19.07385
18.98403
18.92995
19.01988
19.41688
20.05337
20.12064
19.98180
19.96572
19.68464
19.55080
19.45802
19.47171
19.54728
19.52279
19.54603
19.45759
19.45177
19.48339
19.56813
19.59464
19.77833
20.42821
20.89388
21.03608
20.97682
20.85148
20.67878
20.50403
20.37325
20.26919
20.20610
20.11614
20.04743
19.97801
19.98688
20.01795
20.02415
20.00626
20.01194
20.08209
20.94544
21.71763
21.81720
21.74233
21.69409
21.79879
21.76130
21.61882
21.53853
21.59670
21.74980
21.79787
21.76500
21.70369
21.71639
21.74271
21.60816
21.50656
21.51773
21.53845
21.50149
21.49668
21.43262
21.38772
21.33920
21.43905
21.67135
21.74591
21.77668
21.82794
21.94444
21.99184
21.96689
21.88849
21.79451
21.70723
21.63532
21.64934
21.73558
21.70892
21.64776
21.54311
21.49961
21.49888
21.46521
21.42585
21.47055
21.44673
21.36246
21.32959
21.70775
22.29007
22.42778
22.37860
22.22198
22.13626
22.07869
21.98465
22.12282
22.49800
22.62627
22.52542
22.61117
22.72307
22.53872
22.31834
22.08643
21.87233
21.72092
21.62572
21.63550
21.56885
21.51414
21.46814
21.43868
21.33179
21.37260
21.36242
21.94174
23.00926
23.26399
23.17286
23.02178
22.76003
22.50902
22.48901
22.84233
22.92108
22.88624
22.65205
22.36950
22.21254
22.23846
22.26542
22.25376
22.24409
22.25378
22.35080
22.40836
22.39539
22.29557
22.24382
22.29110
22.21097
22.12634
22.01744
21.91650
21.84305
21.84906
21.91631
21.97008
22.04498
22.03507
22.06320
22.13212
22.17011
22.12504
22.10319
22.10270
22.12957
22.03004
21.99742
22.14292
22.33513
22.49597
22.51400
22.48571
22.38610
22.30446
22.28068
22.33512
22.26966
22.21982
22.11162
22.03427
22.06803
22.05651
22.00907
21.93011
21.83702
21.75448
21.81760
22.07086
22.31831
22.38363
22.30311
22.20240
22.04573
21.91100
21.78358
21.74636
21.73786
21.76930
22.00304
22.12646
22.12976
22.17196
22.23118
22.22495
22.14335
22.05255
21.98083
21.97094
21.96317
21.98000
21.95746
21.95284
21.96213
21.94325
21.91098
21.84621
21.80826
21.76115
21.80506
22.18720
22.60108
22.71258
22.65913
22.57879
22.42742
22.52814
22.77211
22.78856
22.93228
23.00185
22.78341
22.61407
22.47181
22.37555
22.35673
22.44395
22.11374
22.21812
22.34752
22.48653
22.90099
22.96109
23.00556
22.84522
22.71895
22.52424
22.50937
22.29460
22.21589
22.37661
22.32949
22.23413
22.15057
22.14409
22.22046
22.52243
22.97232
23.26591
23.53875
23.85811
23.99999
24.59617
25.15278
25.37003
25.96802
26.75842
26.97987
26.89662
26.63385
26.34851
26.03429
25.81820
25.64147
25.53732
25.44885
25.29728
25.32123
25.58727
25.64082
25.55816
25.42658
25.31349
25.23105
25.15467
25.05145
24.99931
24.93445
24.86830
24.81694
24.81421
24.80044
24.75070
25.09829
25.71622
25.98673
25.91334
25.74840
25.54599
25.38408
25.25289
25.28359
25.33763
25.26666
25.15412
25.04449
24.94861
24.84920
24.82286
24.76434
24.83824
25.02019
25.04533
24.99226
24.91147
24.82102
24.72206
24.63569
24.58677
24.51596
24.44464
24.37511
24.30157
24.24467
24.17451
24.12802
24.08256
24.02087
23.97673
23.92563
23.86753
23.83799
23.79062
23.74995
23.74145
23.71530
23.65482
23.69105
23.74550
23.72803
23.67263
23.61600
23.55229
23.48136
23.43239
23.37582
23.31994
23.26810
23.21614
23.14894
23.10212
23.05551
23.00074
22.95715
22.91812
22.88218
22.83386
22.79246
22.74460
22.69582
22.64704
22.58961
22.53379
22.47657
22.43089
22.38757
22.32644
22.27421
22.20764
22.15248
22.10511
22.04679
22.01088
21.94425
21.87705
21.82687
21.77711
21.71090
21.65705
21.60036
21.53322
21.47470
21.42032
21.35681
21.30143
21.24178
21.17923
21.12587
21.06653
21.00253
20.94500
20.89166
20.85359
20.79295
20.80675
20.91620
20.97011
20.97449
20.93208
20.87474
20.81223
20.75230
20.69441
20.76856
21.17900
21.47554
21.57921
21.54591
21.45503
21.38016
21.30978
21.24177
21.18609
21.14002
21.13555
21.16181
21.15807
21.11479
21.07173
21.03307
20.97760
20.93261
20.88315
20.83310
20.78774
20.74289
20.70320
20.66403
20.59148
20.53712
20.49510
20.45324
20.41706
20.38214
20.36120
20.33151
20.26809
20.23808
20.19344
20.14915
20.11160
20.05894
20.00490
19.95274
19.90250
19.85917
19.81630
19.78221
19.76457
19.78708
19.87340
19.92301
19.91009
19.86042
19.87670
19.90792
19.90015
19.85585
19.79576
19.74839
19.68916
19.63474
19.58825
19.52770
19.47486
19.42313
19.37413
19.35467
19.35281
19.33241
19.27743
19.22881
19.18500
19.13581
19.08458
19.04682
18.99900
18.95073
18.90166
18.84910
18.79656
18.74968
18.69635
18.64990
18.60968
18.56651
18.52656
18.47793
18.43226
18.38943
18.34030
18.29328
18.25725
18.21415
18.16897
18.14009
18.13553
18.12669
18.10562
18.08512
18.08173
18.07795
18.06634
18.03782
18.00078
17.96013
17.92004
17.89066
17.85347
17.82181
17.78131
17.77846
17.99727
18.26577
18.41115
18.45012
18.45960
18.47611
18.47857
18.44666
18.40617
18.38407
18.36662
18.40525
18.84103
19.58570
20.10592
20.58944
20.93827
21.27375
21.69463
22.12136
22.45687
22.94464
23.29104
23.32576
23.27205
23.13410
23.01571
22.93332
22.91799
22.89671
22.89909
22.87229
22.79145
22.82227
22.81182
22.82098
22.89577
23.27104
24.24723
24.89250
25.11886
25.14962
25.02348
24.82995
24.63404
24.49875
24.43931
24.33839
24.25744
24.18958
24.19988
24.51501
24.73947
24.70525
25.06708
25.47933
25.44156
25.30274
25.15646
25.31436
25.47430
25.43843
25.46372
25.44512
25.32848
25.19637
25.05914
24.93547
24.82126
24.72375
24.62972
24.55233
24.49826
24.44820
24.38878
24.33879
24.29755
24.23795
24.17456
24.11725
24.06552
24.02546
23.96817
23.91825
23.84896
23.78738
23.73624
23.67046
23.60999
23.54974
23.49752
23.43096
23.36386
23.29816
23.23838
23.17368
23.10365
23.04655
22.97956
22.91198
22.84983
22.78641
22.71707
22.65462
22.58541
22.52066
22.45770
22.38873
22.32444
22.25581
22.18938
22.12569
22.05763
21.99164
21.93095
21.87063
21.80032
21.73287
21.70732
21.73988
21.73705
21.69243
21.63364
21.57047
21.50065
21.44083
21.37945
21.31434
21.25441
21.20339
21.15292
21.08682
21.02470
20.97205
20.92282
20.86781
20.81442
20.76048
20.70607
20.65116
20.59499
20.53130
20.48064
20.42716
20.36873
20.31427
20.25965
20.20242
20.15089
20.09587
20.03418
19.98142
19.92451
19.85589
19.79461
19.73668
19.68795
19.63335
19.56566
19.51129
19.46138
19.41020
19.35590
19.30359
19.25613
19.21092
19.15588
19.10477
19.06687
19.02129
18.96922
18.91777
18.86643
18.84387
18.88395
18.89661
18.89631
18.85793
18.82532
18.78038
18.74407
18.70377
18.67726
18.62992
18.60167
18.54508
18.51933
18.45984
18.44190
18.37824
18.36170
18.29549
18.27335
18.20396
18.19372
18.11314
18.10598
18.02359
18.02839
17.93478
17.95006
17.84691
17.87645
17.75913
17.80798
17.67102
17.73343
17.57613
17.67051
17.48940
17.64203
17.39543
