28.12780
26.42369
27.61837
26.58074
27.38819
26.53427
26.88996
26.58291
26.91929
26.50746
26.81938
26.39389
26.96224
26.06209
26.25749
26.51200
27.43991
27.48796
27.54406
27.24943
27.50056
27.14954
27.37245
27.33772
27.93405
27.83953
27.08214
26.75631
27.20071
27.55160
27.84316
27.81910
27.79432
27.36912
27.28190
26.90431
26.68899
26.83810
26.90795
27.10844
27.19619
27.18710
27.24404
27.30023
27.37693
27.32366
27.28979
27.26205
27.22213
27.27643
27.21795
27.19215
27.17169
27.28212
26.51813
26.19833
26.59811
26.52764
26.54980
26.73371
26.86587
27.20207
27.31168
27.12811
27.30390
27.08199
26.97845
27.01457
27.09792
26.90883
26.82540
26.78876
26.89071
26.75456
26.90138
26.64801
26.56366
26.59688
26.93802
27.17875
27.03835
27.07301
27.06009
27.10277
26.96898
26.78473
26.73918
26.80533
26.85230
26.86009
26.91066
26.85247
26.91436
26.80054
26.86320
26.72423
26.81712
26.64307
27.00011
27.13460
26.93078
27.26451
27.07730
27.69969
27.07680
27.09658
27.28951
26.84912
27.22929
27.35335
27.35680
27.73248
27.73394
27.99785
28.45032
29.34839
29.60883
29.76342
29.59751
29.53501
29.30005
29.21989
29.24235
29.01418
28.72293
28.76478
28.51602
28.59077
28.48648
28.20893
28.18017
28.23213
28.26193
28.39051
28.28089
28.35325
28.23785
28.04185
27.95470
28.15998
28.06957
28.19758
28.22360
27.80513
27.61748
27.65147
27.67397
27.35945
27.28719
27.30992
27.30859
27.27915
27.28525
27.32275
27.31718
27.34049
27.41776
27.45085
27.65382
27.61601
27.44507
27.36924
27.37068
27.36213
27.31158
27.28365
27.46865
27.84568
27.59014
27.43212
27.58632
27.59094
27.54335
27.42966
27.36858
27.34105
27.17776
27.00142
26.99322
26.89591
27.05673
27.04957
27.62264
27.73332
27.55344
27.73826
27.64469
27.69943
27.60288
27.63019
27.59888
27.77767
27.85553
28.02639
28.00831
28.02653
27.80646
28.25207
28.46088
28.11114
28.14741
28.50218
28.47320
28.91659
28.24895
27.04258
27.29701
27.32454
27.44816
27.36604
27.44911
27.44733
27.46582
27.41771
27.41749
27.40371
27.40658
27.40741
27.41663
27.90775
28.06573
27.85790
27.88551
28.05053
28.47092
28.37708
28.78956
28.63513
29.11200
30.65622
30.15242
29.34873
29.20772
29.03219
28.80427
28.77463
28.75095
28.64718
28.59125
28.59496
28.74273
28.78027
29.11269
29.05851
29.00034
28.82640
28.84661
29.47123
29.54181
29.61663
29.73579
29.62172
30.21387
30.30086
29.95346
29.87354
29.76217
29.72890
29.66293
29.65433
29.74992
29.66224
29.48288
29.47679
29.37471
29.38146
29.27477
29.16270
29.14801
28.93491
29.06106
29.42509
29.48220
28.91363
28.68166
28.58649
28.54723
28.63651
28.58972
28.42374
28.62037
28.77046
28.91205
29.34857
29.51239
29.04676
28.92136
28.91644
28.93342
28.90942
29.35548
30.04740
30.25228
30.50701
30.50893
30.40146
29.69700
29.86403
29.88865
30.12960
29.99655
29.57373
29.49126
29.64292
29.61232
29.62673
29.85350
30.07522
30.19198
30.03232
30.10334
30.16813
30.08968
30.08236
29.97463
29.80799
29.84238
30.19552
30.04848
31.49665
31.08950
30.45914
30.56907
30.60605
30.65811
30.03024
29.22677
29.14351
29.59425
29.76235
29.66320
29.82210
31.04888
32.73445
32.87728
32.33857
30.96964
31.35255
30.97135
29.94612
29.83017
29.97568
30.01940
29.98520
30.05637
29.96674
29.99026
30.06110
30.05421
29.89028
29.84429
29.76503
29.64257
29.51215
29.59499
29.61878
29.51544
29.47755
29.47716
29.44049
29.40153
29.36904
29.57265
29.85555
29.87085
29.90319
29.78598
29.78279
29.66343
30.22502
30.44970
30.28422
30.35792
30.52861
31.18920
30.65027
30.75681
31.19755
31.42471
32.21118
31.82453
31.93380
31.71109
31.52510
31.19423
31.36764
31.18257
31.54659
31.70981
31.70704
31.56367
31.75054
31.61618
33.28045
32.42448
30.48244
31.19698
30.79542
30.75431
30.33263
30.26374
30.08196
30.52430
30.70818
31.15241
31.23088
31.22911
31.23069
31.18824
31.08800
31.15153
31.47082
31.71391
31.62937
31.54578
31.23176
31.25867
31.08662
31.23250
30.90356
29.96661
29.90993
29.67486
29.84863
30.04006
30.18799
30.10876
30.14098
30.07316
30.13882
30.22771
30.28197
30.63658
30.80937
30.83986
30.80608
31.03007
31.04704
31.08703
31.03556
31.18484
30.66168
30.14390
29.89873
30.63458
30.80992
31.00338
31.45699
31.41047
31.72005
31.62692
31.47555
31.53108
31.40542
31.45156
31.09211
30.86809
31.19041
31.35649
31.64531
31.61420
31.65875
31.67197
31.61717
31.31252
31.34801
31.16825
31.05699
31.07996
31.67415
31.66662
31.22897
31.07798
30.97703
31.07686
31.66383
31.06409
31.31817
31.60255
31.49724
31.38281
30.85110
30.71926
30.80546
30.72243
30.76077
30.99291
31.26507
31.23940
31.68741
31.38777
31.63966
30.89299
30.96013
30.76558
30.55517
31.77615
31.40194
31.89787
31.62954
31.65738
31.26710
31.41819
31.95306
31.80097
31.40857
31.41186
30.99638
30.26888
31.22000
31.56035
31.01474
31.67720
31.78991
32.01273
32.08181
31.88212
31.57081
31.29446
31.45145
30.86954
31.34909
31.68775
31.91557
31.58233
31.48058
31.47750
31.58502
31.41359
31.52562
31.58760
31.56006
31.53414
31.61400
31.73687
31.68082
31.73181
31.99650
32.51057
32.50700
32.38872
32.29672
32.11758
31.95533
31.89989
31.87068
31.82171
31.78507
31.75584
31.73220
31.68878
31.70235
31.66260
31.63402
31.73462
31.75435
31.68625
31.60936
31.55325
31.51498
31.47041
31.43602
31.39927
31.35805
31.32466
31.29370
31.25059
31.21218
31.19617
31.16482
31.12545
31.12475
31.11801
31.08862
31.07010
31.03185
30.97541
31.00402
31.02456
31.00666
30.96809
30.92337
30.88271
30.85050
30.82060
30.79228
30.76817
30.74777
30.71846
30.69130
30.65879
30.63336
30.59871
30.59772
30.60633
30.59606
30.56521
30.53631
30.51113
30.48283
30.46769
30.46101
30.43456
30.40121
30.36942
30.34332
30.32990
30.21126
30.28614
30.28143
30.25471
30.23408
30.24176
30.26232
30.22846
30.19820
30.16008
30.13371
30.09494
30.08338
30.04437
30.02191
29.99944
30.00027
29.97662
29.95931
29.92993
29.90556
29.87871
29.85505
29.81573
29.79974
29.79018
29.77255
29.73079
29.72447
29.69253
29.69927
29.61519
30.07255
31.41862
31.53072
31.92485
32.00179
32.03071
31.86084
31.86119
31.68964
31.70387
31.53157
31.54668
31.37826
31.45846
31.26694
31.31601
31.11393
31.23913
30.99723
31.12501
30.85996
31.05510
30.61701
30.41658
29.77840
30.24697
30.32305
31.44671
31.22429
32.08705
32.58962
32.88050
31.67241
32.93569
31.64249
29.85480
27.24630
28.05578
