33.39138
32.01753
33.42148
32.07305
32.92029
32.30504
32.90785
32.08253
32.30573
31.68590
32.22870
31.84325
32.07547
31.61749
31.96451
31.69224
31.86097
31.46002
31.74534
31.75299
31.87486
31.75916
31.70942
31.40135
31.37109
31.19925
31.40549
31.50612
31.50639
31.28470
31.16942
31.18295
31.49575
31.61638
31.63344
31.38647
31.18903
30.92170
30.85162
30.76006
30.78515
30.90155
30.86380
30.73369
30.61025
30.51204
30.41270
30.36445
30.29189
30.19183
30.12218
30.18663
30.30363
30.29285
30.20350
30.12264
30.12502
30.15482
30.24127
30.29842
30.22883
30.13344
30.02113
29.92186
29.83406
29.77794
29.71311
29.69031
29.67197
29.62001
29.55905
29.51344
29.47692
29.43206
29.37372
29.32983
29.34856
29.43707
29.42656
29.38484
29.33543
29.30479
29.24736
29.21141
29.17662
29.42678
29.69245
29.67236
29.59071
29.46590
29.42770
29.45468
29.43522
29.39345
29.34343
29.29158
29.24472
29.20131
29.15539
29.10542
29.06648
29.04510
29.10159
29.12394
29.09228
29.12799
29.16802
29.17123
29.21893
29.20317
29.13541
29.13813
29.20319
29.17351
29.11694
29.03706
28.98561
28.93113
28.88735
28.85326
28.89160
28.90055
28.95293
29.03052
29.02433
29.03323
29.43473
29.67215
29.62104
29.48249
29.38878
29.34240
29.26918
29.18581
29.16187
29.09151
29.06934
28.95657
29.48180
30.69094
31.84584
33.24722
34.43321
35.95163
37.48712
39.11307
40.58050
41.54505
42.00942
43.05219
43.35807
43.23216
43.92782
43.95936
43.54366
42.80500
42.30337
42.58756
42.59801
42.19811
41.59957
41.30913
41.61994
41.59861
41.49681
41.35223
41.09040
41.36565
41.61818
41.68639
42.51570
42.60661
42.55852
42.41582
41.80091
41.55781
41.30148
40.86779
41.37805
41.49820
41.20832
41.57307
41.92878
41.60461
41.85136
42.13053
42.18940
43.40426
43.90660
44.36976
44.55418
44.22771
44.05315
43.92733
43.46551
43.81526
44.32939
44.39281
44.09315
43.65017
43.17400
43.17984
43.44104
43.13603
42.97082
43.30732
43.37580
43.14625
43.23572
43.17740
42.88424
42.56742
42.14767
42.61772
42.67991
42.49980
42.75223
42.42685
42.13106
41.77720
41.57489
41.65342
41.47831
41.31325
41.40264
41.25918
41.00445
41.17453
41.12896
41.00087
40.76749
40.52653
40.47832
40.53425
40.25882
40.42126
40.75974
40.44605
40.38329
41.04185
41.47697
41.32956
41.21505
41.74655
42.41266
42.49697
42.27478
41.84319
41.97846
42.51734
42.69698
42.47651
42.05649
41.70575
41.51175
41.97090
42.30602
42.19711
42.14146
41.94069
41.72512
41.68682
41.69076
41.81629
42.14666
42.13160
42.08609
42.30602
42.31494
42.82540
43.02620
43.16672
43.22829
43.19819
43.30603
42.50990
42.48070
42.79125
43.30487
43.10669
42.84621
42.56617
42.48931
42.91753
43.19072
43.04001
42.85647
42.78850
42.61497
42.36602
42.12831
41.97781
41.94414
42.56385
42.49464
42.30669
42.07013
41.95790
41.97453
42.45944
42.44821
42.14625
42.02351
41.69636
41.59487
41.87457
41.71259
41.37664
41.15134
41.27721
41.55363
41.59134
41.33354
41.93748
42.32261
42.04534
42.10093
41.74229
41.67330
41.93253
42.07475
41.82962
41.67855
41.52721
41.33186
41.41786
41.47513
42.44974
43.05900
43.15549
43.19803
43.66013
43.72097
43.43021
43.61531
43.70830
43.69533
43.58339
43.68754
43.56852
43.58328
44.15359
44.89936
44.21126
44.28935
44.53382
44.25517
44.48471
44.27430
44.04131
43.98668
43.82634
43.70532
43.56794
43.39921
42.94415
42.99817
43.37861
43.42721
43.33550
43.11276
42.87046
42.66085
42.58034
42.40314
42.72001
42.52140
42.33424
42.65018
42.39119
42.41409
42.63878
42.59315
42.31061
42.14879
41.80803
41.46353
41.33048
41.52744
41.64471
41.59583
41.36022
41.28263
41.01107
40.81989
40.60855
40.48121
40.68797
40.77141
40.92827
40.70372
41.08217
41.17387
41.09005
41.14184
41.13619
41.09555
41.09147
40.95064
41.05090
41.26177
41.33513
41.83637
42.04005
41.89576
41.88218
41.85481
41.59795
41.48074
41.27312
41.16733
41.07080
41.15112
41.15621
41.13589
41.05911
41.05506
41.21665
41.74095
41.76466
41.69654
41.38047
41.14219
40.75647
40.86740
40.87762
41.54321
41.82474
42.14953
42.45597
42.39223
42.34842
42.30359
41.99011
42.26326
42.67955
42.53720
42.31868
42.07008
42.03154
41.99820
41.67325
41.62507
41.98858
41.97018
41.88019
41.78416
41.70281
41.68091
41.75975
41.60864
41.93041
42.06297
41.66816
41.44912
41.44152
41.59343
41.64592
41.57694
41.65612
41.95071
41.83126
41.67439
41.56703
41.81341
42.02506
42.85436
43.22597
42.46221
42.34913
42.16810
42.24219
41.87231
41.46989
41.35164
41.35596
41.49287
41.57937
41.41080
41.30964
41.12263
41.07071
41.29713
41.51275
41.37324
41.29952
41.23805
41.22143
41.04378
41.04697
41.74470
42.54579
42.54373
42.28595
42.14439
42.17790
42.11140
41.95303
41.69048
41.61720
42.01674
41.99480
41.61313
41.28954
40.89306
40.63281
39.70961
39.17545
39.32567
40.03998
39.75586
40.16403
40.15129
40.25459
40.38472
40.49506
40.28880
40.24829
40.23376
40.31062
40.29601
40.50900
40.90677
40.76151
40.43499
40.12466
39.99849
38.94994
38.84324
40.49548
40.57485
40.61674
40.64990
40.70391
40.78571
40.68205
41.28020
41.14171
40.78784
41.49919
41.58104
41.74243
41.76164
41.60330
41.58865
41.77936
41.65096
41.14213
40.86492
40.71464
40.58589
40.47744
40.41955
40.36928
40.36903
40.20009
40.11319
39.89649
40.20061
39.26253
38.03111
39.77798
40.10277
39.96625
39.90009
39.76129
39.78607
39.77672
39.78451
39.75666
39.77094
39.70151
39.72530
39.52565
39.58553
39.54932
39.36287
39.37156
39.19078
39.14267
39.03383
39.02204
39.03653
39.27297
39.41226
39.42830
39.43854
39.51004
39.49113
39.69556
39.73360
39.67579
39.68576
39.69923
39.52519
39.28706
39.30765
39.02094
39.14156
39.17655
39.12645
39.02186
39.12070
39.14453
39.29134
39.35423
39.93480
38.99234
38.65592
38.52240
38.17193
38.94179
38.82510
39.11485
39.14598
39.58821
39.28057
38.45489
38.83485
38.99589
39.08951
39.26993
39.37335
39.50816
39.37437
38.95224
39.15864
39.04571
38.50937
39.35388
39.10993
39.08845
39.37519
39.98125
39.83717
40.28116
40.83117
41.64537
42.18170
42.72641
43.42219
43.97212
44.69407
45.47013
45.80007
45.45969
45.91263
46.46176
46.19363
46.24546
47.56785
47.74211
47.36476
46.73212
46.14357
45.64007
45.12174
45.01681
45.48899
45.61497
45.25545
44.89089
44.61297
44.52480
45.13648
45.23209
44.99905
44.80266
44.97269
45.02931
44.77651
44.47335
44.15203
43.89661
43.75849
43.71971
43.59013
43.44890
43.37939
43.55315
43.47492
43.31897
43.10707
43.00154
42.88531
42.81398
42.70208
42.58193
42.44671
42.35952
42.26987
42.16553
42.04570
41.97288
41.86318
41.88447
42.09845
42.16746
41.93630
41.97412
42.96315
43.42665
43.20735
42.82682
42.57001
42.33103
42.15882
41.93359
41.75822
41.65926
41.66168
41.63398
41.53744
41.48773
42.00700
42.20753
42.12326
42.03075
41.96253
41.96864
41.80252
41.66553
41.55552
41.44300
41.58829
41.93897
41.98351
42.08223
42.04973
41.84179
41.64523
41.56440
41.52979
41.55471
41.45064
41.67174
41.98333
41.93706
41.90360
41.69198
41.65134
42.54944
43.05377
42.92760
43.62764
44.12830
43.89522
43.48413
42.96958
42.66267
42.44008
42.24137
42.18288
42.36613
42.38911
42.27731
42.20822
42.20858
42.15709
42.08147
42.00337
41.92764
41.83978
41.75036
41.65002
41.56028
41.48927
41.40958
41.34201
41.30930
41.33907
41.32706
41.26027
41.16452
41.08875
41.01029
40.93827
40.85774
40.81347
40.83122
40.86778
40.95636
40.95658
40.88232
40.78967
40.68037
40.58203
40.49337
40.43014
40.33906
40.44591
40.61782
40.55680
40.43657
40.30215
40.18805
40.11347
40.07068
39.99490
39.92294
39.84910
39.81020
39.93086
40.02921
40.67912
41.16335
41.23069
40.99793
40.76438
41.31294
41.52919
41.34243
41.04608
40.85881
40.66969
40.63872
41.32348
41.76983
41.75073
41.46608
41.16336
41.19018
41.12409
41.07989
41.12909
40.99024
40.84534
40.82503
40.83521
40.73109
40.63567
40.49926
40.39708
40.25638
40.13867
40.17038
40.10023
39.95032
39.93817
39.88905
39.88524
39.82877
39.78737
39.72199
39.69044
39.61777
39.67404
39.59305
39.53394
39.43591
39.50096
39.48894
39.45073
39.40716
39.64004
39.59816
39.58575
39.38280
39.39831
39.23730
39.21568
39.04663
39.09464
38.89813
38.97015
38.83990
39.03421
38.77663
39.25083
39.76521
40.06214
39.66111
39.95656
40.37711
41.96003
42.54365
43.66270
43.54353
44.79926
43.79610
44.44728
