26.44854
24.57426
25.41054
24.32496
25.01461
24.37501
24.81490
24.23611
24.47209
24.28907
24.81904
24.58505
25.05217
24.84434
24.84966
24.46736
24.49806
25.06470
25.90963
25.34339
25.12585
24.80667
24.88934
24.50131
24.57886
24.50972
24.84892
24.79107
24.73498
24.61939
24.72011
24.53625
24.44843
24.27775
24.24244
24.10572
24.08359
24.02267
24.00418
23.87666
23.79780
23.74504
23.77057
23.99823
23.95086
23.77261
23.63695
23.48074
23.43607
23.54186
23.45775
23.42021
23.46123
23.35304
23.29963
23.23001
23.17613
23.11985
23.05051
22.98472
22.94828
22.85555
22.81247
22.74813
22.83588
22.90282
23.74898
24.18536
24.15645
23.97085
23.73202
23.58661
23.45911
23.38097
23.28851
23.21204
23.22736
23.12870
23.12701
23.16232
23.13756
23.17523
23.26313
23.33199
23.21839
23.16442
23.25191
23.17743
23.03133
23.00089
22.96699
22.87666
22.78668
22.72734
22.64945
22.60730
22.53712
22.48494
22.42969
22.39212
22.37934
22.35668
22.31968
22.26227
22.19519
22.11923
22.09119
22.04565
21.99192
21.97218
21.98265
21.88293
21.91663
21.87181
21.94922
22.02954
21.95498
21.87021
21.85240
21.79468
21.75602
21.78087
21.75152
21.66303
21.61610
21.53539
21.55908
21.81966
22.06244
21.98863
21.89800
21.86343
21.87480
21.84806
21.81824
21.69900
21.75260
21.71625
21.72314
21.59501
21.83365
22.06786
22.49706
23.32925
24.49657
25.69814
26.38793
27.17150
27.94836
28.08279
27.68583
27.77562
27.49858
27.98444
27.96514
28.07050
27.67736
27.31733
27.04048
26.66712
27.07170
26.71115
26.57970
26.38257
26.97092
27.13839
26.49952
26.41745
25.99930
25.75422
25.69272
25.57373
25.55838
25.51801
25.38536
25.11735
24.81486
25.13397
25.59487
25.97966
25.94319
25.98391
26.26550
26.34635
26.27803
26.16874
26.03990
25.93331
25.40787
25.05671
25.58236
25.96380
26.09727
26.44231
26.40306
26.35013
26.28104
26.90959
26.96767
26.87327
27.25394
26.98515
26.78644
26.52921
26.63441
26.99351
26.72502
26.73981
26.61167
26.72454
27.24441
27.06955
26.94965
26.62985
26.47636
26.45480
26.33897
26.14622
26.32217
26.40891
26.99628
27.11685
26.79695
26.40715
26.19670
26.40853
26.36147
26.76253
27.45514
27.35694
27.05444
26.82218
26.64756
26.25966
26.13345
25.99356
26.12414
26.10712
26.18671
26.01286
26.30261
26.81349
27.12334
26.94743
26.96069
27.09474
26.98273
27.31027
27.79356
27.46450
27.20092
26.95066
26.78176
26.67289
26.29327
26.70766
26.81238
26.59269
26.39669
26.32477
25.75120
25.94945
26.02805
26.41418
26.24004
26.59457
27.25292
27.01249
26.84291
26.66805
26.52200
25.72282
25.80099
26.58957
26.92991
26.66285
26.36022
26.10351
25.77170
25.60634
25.94073
26.27861
25.72577
25.75666
26.36560
26.18459
25.85648
25.43920
25.62024
25.38779
25.46218
25.53761
25.66176
25.76262
26.82248
26.53789
26.24897
26.29886
27.25031
27.75713
27.39461
27.17728
26.74667
26.92310
27.11530
26.29758
26.04424
26.22246
26.21567
25.70679
26.18343
25.90684
26.09919
26.69694
26.39591
26.46717
25.87320
25.89123
25.89232
26.23233
26.50107
26.09440
25.78628
25.80238
25.34754
25.25348
25.04777
24.99844
24.86857
25.54105
26.00709
25.83349
26.38135
26.69417
26.70116
27.08839
27.32165
27.30871
27.31665
27.03712
26.84463
26.91004
26.70554
26.44597
26.01959
26.42273
26.32939
25.94786
26.14016
25.92639
25.88927
25.64113
25.56041
24.82332
25.46842
26.11454
25.85166
25.78100
25.92927
26.36402
26.01556
25.73520
25.52117
25.37080
25.20219
25.30551
25.23718
25.46299
25.33675
25.36134
25.30656
25.44771
25.53742
25.57203
26.09435
26.36097
25.98973
25.87557
25.98595
25.76357
25.57124
25.72521
26.22310
25.88511
26.02387
25.72646
25.33029
25.08338
24.79212
25.26945
25.60559
25.76859
25.71235
25.60568
25.79467
25.68847
25.47137
25.42928
25.30850
25.33298
25.05349
25.13695
25.13242
25.19976
25.14053
25.09672
24.93385
24.89954
24.71200
24.57910
24.39795
24.38971
24.68914
24.62593
24.81900
25.16379
25.21772
25.07177
24.96444
24.93358
24.83018
24.86285
24.85079
24.85739
25.04551
25.24501
25.30025
25.12951
25.20434
25.08984
24.97729
24.91944
24.66499
24.60209
25.00469
25.07838
25.05872
24.89099
25.02878
25.04216
25.02302
25.12755
25.01360
24.97152
25.10882
25.21442
25.11083
24.99380
24.85926
24.72426
24.80251
24.62531
24.68782
24.66342
24.72092
24.99450
25.12809
24.99097
24.66154
24.87843
25.10406
25.05882
25.35719
25.22542
25.28625
25.59370
25.97200
25.96260
25.86452
25.75217
25.67799
25.62607
25.96006
26.05256
25.63434
25.58858
25.52294
25.79141
25.50991
25.36007
24.96860
25.11606
25.38856
25.42404
25.40887
25.82734
26.19287
25.26751
25.55543
26.19597
26.22623
26.42937
26.49195
26.42243
26.29382
26.06746
25.96362
25.94792
26.05295
25.93971
25.84967
25.72271
25.67798
25.57923
25.62348
25.54056
25.42923
25.58516
25.91387
25.71348
25.34097
25.20941
25.10496
25.63293
25.65517
25.99331
26.39463
26.06043
25.83541
25.91118
25.95069
25.77339
25.64690
25.78398
25.87972
26.02552
26.03566
25.92783
25.84492
25.64633
26.02244
26.20455
26.12750
26.06216
25.84607
26.02839
26.06065
26.14864
26.72900
27.59680
28.13489
28.33802
28.46459
28.97044
29.11575
29.09062
29.10570
28.98358
29.06156
28.91345
28.75085
28.58043
28.51681
28.45640
28.27139
28.26511
28.59375
28.79722
28.48760
28.33911
28.70587
28.22048
27.43042
27.70343
27.97423
27.99444
28.06402
27.78423
27.67928
27.48680
28.02327
27.76191
27.89984
27.61470
27.49554
27.34180
27.49361
27.33455
27.39098
26.78836
26.55799
27.32418
26.99580
27.01029
27.16726
27.29609
27.15203
27.18457
27.27393
27.22683
27.10541
27.02758
26.93027
26.86203
26.80207
26.74892
26.65903
26.60836
26.50228
26.42226
26.48231
26.63129
26.69458
26.52446
26.49206
26.49093
26.44430
26.40732
26.38074
26.36130
26.29871
26.28030
26.26960
26.30472
26.14404
25.96699
26.00394
26.01640
25.98531
25.99505
25.86028
25.70464
25.81765
26.39527
26.76745
26.76228
26.73001
26.72588
26.65199
26.53245
26.49473
26.41333
26.32631
26.27667
26.21660
26.17610
26.14714
26.10352
26.02684
26.07451
26.52179
26.82303
26.87002
26.67446
26.48456
26.34477
26.27259
26.20252
26.39336
26.76807
26.66548
26.47071
26.36480
26.51310
26.65234
26.58046
26.44513
26.38048
26.37439
26.29681
26.25356
26.51921
26.79907
26.73007
26.54153
26.46902
26.40420
26.37503
26.33967
26.27495
26.24406
26.18220
26.12188
26.06806
26.04317
26.03747
26.04506
25.99232
26.05248
26.10283
26.01671
25.96862
26.03414
25.88973
26.00319
25.90603
25.69126
25.55238
25.45914
25.39858
25.33098
25.33637
25.35508
25.31299
25.25147
25.16251
25.09048
25.18475
25.19574
25.11445
25.01208
24.98478
24.95140
24.86977
24.81342
24.93150
24.92237
24.84710
24.79715
24.74625
24.69862
24.60595
24.54057
24.50517
24.46053
24.40315
24.35286
24.32200
24.25673
24.41113
25.06250
25.31527
25.09406
24.89026
24.87836
24.97322
24.89246
24.79630
24.89396
24.96521
25.29490
25.75542
25.93911
25.69708
25.46275
25.51075
25.46802
25.51469
25.42215
25.45543
25.59908
25.49673
25.33934
25.29013
25.14669
25.03651
24.99799
25.01435
24.96782
25.06641
25.05400
24.99140
24.89492
25.22097
25.35908
24.97646
24.91045
25.06041
25.67068
25.59492
25.42950
25.37857
25.21003
25.19505
25.18063
25.21583
25.28407
25.19857
25.22790
25.64348
25.72973
25.51756
25.36457
25.29715
25.32243
25.29496
25.28778
25.18519
25.08378
25.09433
25.49615
25.66835
25.49412
25.38471
25.33846
25.37663
25.19124
25.19221
25.41406
25.28934
25.10926
25.04160
24.96933
24.92925
24.84942
24.81470
24.74771
24.72203
24.65936
24.57684
24.53857
24.51632
24.56691
24.63704
24.62756
24.67824
24.48765
24.59660
24.67679
24.69561
24.81886
24.76257
24.66864
24.65821
24.58378
24.51987
24.48751
24.51289
24.46337
24.40643
24.38111
24.34638
24.38744
24.31669
24.24136
24.20109
24.16175
24.12050
24.09129
24.05274
24.01016
23.97250
23.93063
23.88641
23.88436
23.82553
23.81963
23.84843
23.81929
23.77259
23.70875
23.67220
23.67664
23.63259
23.63860
23.58825
23.61572
23.54823
23.58919
23.49530
23.45038
23.43103
23.52002
23.49592
23.50613
23.44424
23.46156
23.36032
23.42246
23.29057
23.33836
23.19535
23.28496
23.12690
23.25980
23.05900
23.22784
23.00764
23.22283
22.94986
23.18729
22.86456
23.16284
22.77047
23.14599
22.65184
23.10491
22.55220
23.49228
22.91886
23.90087
23.44803
