-0.45045
-0.42686
-0.44511
-0.43007
-0.44216
-0.43099
-0.44172
-0.43328
-0.44059
-0.43409
-0.43957
-0.43371
-0.43779
-0.43286
-0.43215
-0.42985
-0.43538
-0.42922
-0.43398
-0.43147
-0.43457
-0.43188
-0.43403
-0.43356
-0.43652
-0.43497
-0.43592
-0.43334
-0.43346
-0.43391
-0.43526
-0.43504
-0.43680
-0.43415
-0.43486
-0.43501
-0.43626
-0.43455
-0.43509
-0.43583
-0.43590
-0.43565
-0.43587
-0.43582
-0.43560
-0.43608
-0.43674
-0.43765
-0.43756
-0.43559
-0.43460
-0.43482
-0.43400
-0.43319
-0.43470
-0.43462
-0.43514
-0.43459
-0.43517
-0.43437
-0.43464
-0.43402
-0.43456
-0.43477
-0.43498
-0.43447
-0.43496
-0.43459
-0.43314
-0.43414
-0.43402
-0.43398
-0.43454
-0.43326
-0.43398
-0.43573
-0.43531
-0.43612
-0.43548
-0.43468
-0.43569
-0.43510
-0.43661
-0.43584
-0.43567
-0.43606
-0.43504
-0.43503
-0.43381
-0.43568
-0.43361
-0.43398
-0.43401
-0.43560
-0.43506
-0.43593
-0.43335
-0.43589
-0.43191
-0.43703
-0.43184
-0.43634
-0.43232
-0.43762
-0.43101
-0.43721
-0.43137
-0.43958
-0.42880
-0.43919
-0.42771
-0.43928
-0.42566
-0.44049
-0.42473
-0.44334
-0.42379
-0.44394
-0.42052
-0.44655
-0.41958
-0.44932
-0.41722
-0.45182
-0.41234
-0.45517
-0.40610
-0.45911
-0.40067
-0.46811
-0.38303
-0.47797
-0.38173
-0.50188
-0.34713
-0.54401
-0.26999
-0.71775
1.28931
3.36954
2.91809
3.19864
3.02717
3.20359
3.07878
3.19885
3.09894
3.17826
3.11366
3.17139
3.12489
3.17169
3.13946
3.19059
3.15090
3.17066
3.12340
3.14956
3.13397
3.16735
3.14593
3.17180
3.18006
3.18810
3.17790
3.18241
3.16581
3.17418
3.17262
3.17897
3.21503
3.23111
3.20903
3.20418
3.17630
3.14968
3.13459
3.14626
3.10347
3.09368
3.09292
3.09376
3.07057
3.07742
3.09122
3.07077
3.06036
3.04505
3.02600
3.00856
3.01282
2.97454
2.95336
2.97860
2.96542
2.96491
2.95167
2.95958
2.98957
3.00526
2.98869
2.97780
2.98359
2.98872
2.99342
3.00172
3.01343
3.02583
3.04232
3.03621
3.03822
3.05061
3.06608
3.06449
3.06338
3.06310
3.07439
3.06878
3.06485
3.07258
3.08235
3.07289
3.07024
3.08881
3.09555
3.10164
3.11264
3.12309
3.12780
3.17594
3.13563
3.15578
3.16187
3.15616
3.17389
3.17107
3.16867
3.16770
3.18002
3.18341
3.18650
3.19301
3.20069
3.18970
3.18030
3.19036
3.19736
3.20917
3.21632
3.21780
3.21111
3.20771
3.20422
3.20884
3.21094
3.22391
3.23754
3.23716
3.23390
3.21596
3.20162
3.18240
3.17783
3.18112
3.17871
3.17369
3.16850
3.17999
3.19541
3.19497
3.20485
3.17707
3.20112
3.20839
3.20737
3.20510
3.21171
3.22825
3.23471
3.23833
3.24382
3.23943
3.23032
3.23973
3.23148
3.23105
3.23051
3.23977
3.23744
3.24028
3.26294
3.26478
3.29008
3.27947
3.28005
3.28012
3.32204
3.31916
3.31453
3.33224
3.35796
3.38655
3.39874
3.41583
3.42320
3.42836
3.42933
3.44605
3.45235
3.46105
3.44290
3.43692
3.44084
3.45257
3.47465
3.49480
3.50616
3.51267
3.52195
3.52547
3.53214
3.54001
3.54601
3.54516
3.56494
3.57707
3.57381
3.57236
3.57107
3.56752
3.58136
3.57700
3.58367
3.59529
3.59764
3.59513
3.59156
3.59694
3.59217
3.59782
3.58681
3.58623
3.58119
3.56488
3.57699
3.58240
3.59979
3.57781
3.56748
3.55953
3.59078
3.58564
3.61480
3.61606
3.66044
3.69559
3.70551
3.71075
3.71883
3.71622
3.70975
3.68519
3.68375
3.68251
3.68910
3.70745
3.71302
3.71471
3.71649
3.70377
3.70781
3.70935
3.72222
3.71201
3.69780
3.71962
3.69931
3.67504
3.66496
3.64173
3.65993
3.61345
3.59682
3.58800
3.58670
3.57250
3.58229
3.61151
3.60215
3.62860
3.60860
3.59497
3.61775
3.66751
3.66216
3.67676
3.65093
3.65729
3.66741
3.69079
3.69724
3.69174
3.70110
3.67926
3.68004
3.69215
3.69986
3.69768
3.71135
3.71026
3.74179
3.75686
3.76922
3.79001
3.79634
3.81415
3.83221
3.85384
3.87028
3.88321
3.88409
3.88067
3.87184
3.90113
3.88281
3.89511
3.90321
3.89518
3.87056
3.86092
3.86927
3.90273
3.94867
3.93333
3.92964
3.91785
3.91256
3.90234
3.92606
3.92974
3.92727
3.95812
3.96727
4.02480
4.05227
4.05532
4.08320
4.11372
4.11753
4.11170
4.15748
4.16995
4.16669
4.17305
4.17099
4.19364
4.24755
4.24591
4.25781
4.25693
4.26132
4.25631
4.25426
4.24685
4.24822
4.24015
4.24204
4.23885
4.23901
4.24270
4.25002
4.25624
4.25644
4.25755
4.26546
4.26272
4.26638
4.26690
4.25863
4.24582
4.24688
4.24386
4.25120
4.26340
4.26239
4.26128
4.25698
4.26413
4.27134
4.25305
4.24667
4.24933
4.24640
4.24515
4.27939
4.30344
4.29784
4.30573
4.30736
4.31707
4.32081
4.32835
4.32711
4.33628
4.33957
4.34061
4.33902
4.34434
4.34785
4.36037
4.37349
4.37069
4.37320
4.37749
4.37368
4.37438
4.37001
4.36055
4.35226
4.35423
4.36163
4.35520
4.36680
4.37352
4.37785
4.36694
4.36963
4.38056
4.37129
4.36640
4.32931
4.32099
4.31988
4.29911
4.30324
4.28377
4.26155
4.25423
4.25512
4.25512
4.25878
4.24732
4.24828
4.24246
4.24930
4.24078
4.23351
4.23356
4.26455
4.28581
4.28793
4.29851
4.29649
4.29021
4.27832
4.27000
4.26663
4.26146
4.26054
4.25846
4.25377
4.24821
4.24121
4.23584
4.23055
4.22459
4.21936
4.21599
4.21693
4.22266
4.23150
4.23094
4.22841
4.22626
4.22099
4.22366
4.22707
4.23233
4.23354
4.23351
4.22957
4.22864
4.22862
4.23099
4.22706
4.22160
4.22321
4.22389
4.21849
4.22576
4.22268
4.21688
4.21339
4.21350
4.21087
4.21201
4.20795
4.20746
4.20538
4.20361
4.20472
4.20305
4.19938
4.19631
4.18027
4.15895
4.15578
4.15865
4.17932
4.19255
4.19322
4.18476
4.18305
4.17963
4.17636
4.16559
4.15578
4.16373
4.23350
4.29009
4.31743
4.32611
4.32014
4.31293
4.30886
4.30438
4.30070
4.30053
4.30046
4.29980
4.30051
4.30129
4.30225
4.29847
4.29782
4.29347
4.29030
4.28785
4.29108
4.29494
4.29875
4.30263
4.30136
4.30020
4.29260
4.28734
4.28014
4.27417
4.27931
4.27473
4.27913
4.29335
4.29680
4.28530
4.27216
4.27298
4.27149
4.27091
4.26555
4.25803
4.25641
4.25269
4.24682
4.24458
4.23933
4.23410
4.23066
4.22753
4.22459
4.22414
4.21744
4.21408
4.21472
4.21707
4.21645
4.21837
4.21570
4.21320
4.21064
4.20527
4.19840
4.19002
4.19023
4.20534
4.20960
4.21185
4.20781
4.19427
4.17773
4.17831
4.17831
4.17505
4.17609
4.18102
4.18407
4.18393
4.18061
4.19016
4.19728
4.19362
4.19526
4.19920
4.20526
4.22051
4.22899
4.23742
4.25157
4.26008
4.27050
4.27730
4.28069
4.28854
4.27738
4.26676
4.25682
4.26272
4.26300
4.27198
4.26971
4.27008
4.27477
4.29966
4.31846
4.34446
4.39549
4.42469
4.43367
4.42992
4.42114
4.41985
4.41380
4.42176
4.44053
4.46588
4.44324
4.44047
4.47161
4.48715
4.54714
4.55861
4.57116
4.54344
4.53592
4.52121
4.51760
4.50911
4.49998
4.49096
4.48877
4.48409
4.48085
4.47696
4.47121
4.46724
4.47268
4.46770
4.46022
4.45469
4.45259
4.44735
4.44173
4.43929
4.43950
4.43846
4.43904
4.43556
4.43604
4.43926
4.44044
4.43665
4.43414
4.43204
4.42868
4.43008
4.43122
4.43041
4.43259
4.43142
4.43360
4.43780
4.44111
4.44032
4.43970
4.44279
4.45641
4.46172
4.45938
4.45765
4.45433
4.45068
4.45045
4.44756
4.44633
4.44430
4.45261
4.45625
4.44825
4.44828
4.45215
4.47030
4.47286
4.43946
4.41954
4.40362
4.39323
4.40099
4.40679
4.40621
4.40106
4.40271
4.41143
4.40468
4.39983
4.39764
4.39770
4.39797
4.39851
4.40170
4.39889
4.39396
4.39110
4.38858
4.39093
4.39007
4.38710
4.38575
4.38181
4.38465
4.38684
4.38510
4.38258
4.38013
4.38008
4.38485
4.38475
4.38292
4.38019
4.38045
4.37982
4.37812
4.37865
4.37391
4.37241
4.37443
4.38308
4.39140
4.38644
4.38219
4.37829
4.38433
4.39073
4.38957
4.38714
4.38291
4.37920
4.37880
4.38349
4.38323
4.38124
4.38165
4.38041
4.37607
4.37174
4.36707
4.36234
4.35886
4.35581
4.35354
4.35385
4.35177
4.34573
4.33944
4.33576
4.32567
4.31985
4.31602
4.31201
4.30411
4.29846
4.29247
4.29472
4.28682
4.28183
4.27556
4.26311
4.26607
4.29047
4.31755
4.28455
4.28385
4.29958
4.31427
4.30710
4.28001
4.35788
4.46860
4.51693
4.50713
4.48916
4.50871
4.52907
4.57595
4.61129
4.60120
4.58501
4.58516
4.53958
4.53343
4.56375
4.52866
4.57288
4.52874
4.54092
4.53770
4.46048
4.38296
4.39900
4.46079
4.50724
4.53489
4.51440
4.46199
4.43783
4.49345
4.58161
4.57474
4.58440
4.54136
4.59593
4.58424
4.54653
4.43243
4.34950
4.42845
4.75483
4.50738
4.07507
3.89590
4.78832
2.49063
-0.48368
-0.27566
-0.50511
-0.35542
-0.46627
-0.37819
-0.44702
-0.38864
-0.44077
-0.39687
-0.43565
-0.39483
-0.42575
-0.40037
-0.42339
-0.40541
-0.42257
-0.40488
-0.41896
-0.41530
-0.42997
-0.39325
-0.41744
-0.40029
-0.42818
-0.40660
-0.43246
-0.39407
-0.42708
-0.40112
-0.42024
