13.57036
12.79768
13.48178
13.12976
13.52570
13.21691
13.63109
13.43201
13.62675
13.37435
13.52253
13.40690
13.60426
13.45035
13.54666
13.39986
13.47831
13.36001
13.46041
13.38988
13.45245
13.39066
13.48389
13.43126
13.47111
13.41038
13.44420
13.41351
13.49058
13.46989
13.54112
13.54692
13.55464
13.57278
13.71483
13.76494
13.76661
13.71220
13.68565
13.64995
13.62971
13.63153
13.66749
13.67412
13.66824
13.64532
13.63302
13.62010
13.60896
13.59799
13.59353
13.60371
13.61349
13.60611
13.59472
13.60380
13.60031
13.60631
13.62062
13.61332
13.61718
13.60692
13.59422
13.58480
13.57834
13.56405
13.56257
13.55695
13.55237
13.54004
13.53415
13.54466
13.56142
13.55198
13.60349
13.66041
13.66069
13.64413
13.62018
13.60157
13.60195
13.60567
13.59337
13.59762
13.61818
13.61684
13.60490
13.59022
13.59638
13.59150
13.67604
13.82932
13.88540
13.89657
13.86724
13.81857
13.78164
13.75154
13.72448
13.70795
13.69638
13.68492
13.67533
13.66605
13.65915
13.65202
13.64889
13.63321
13.63572
13.64951
13.70486
13.82428
13.94204
14.11264
14.19703
14.18618
14.16038
14.15032
14.10361
14.09508
14.09880
14.09341
14.06925
14.05426
14.09643
14.15027
14.14692
14.13600
14.10707
14.09206
14.06608
14.09557
14.13928
14.14099
14.12308
14.19748
14.27396
14.28700
14.30396
14.26731
14.24195
14.25899
14.24822
14.22431
14.20319
14.22447
14.24742
14.26711
14.25138
14.23979
14.20815
14.24584
14.51252
14.58059
14.55454
14.53058
14.44061
14.38480
14.47707
14.52104
14.50472
14.53214
14.61915
14.68511
14.68366
14.63438
14.60456
14.54184
14.66638
14.77995
14.76004
14.79865
14.80961
14.77752
14.78450
14.77804
14.77454
14.75138
14.71939
14.67312
14.63419
14.72153
14.78276
14.77263
14.78194
14.69732
14.65543
14.64007
14.65575
14.66820
14.68562
14.70648
14.74244
14.74011
14.72904
14.66937
14.62531
14.65692
14.70102
14.71206
14.81706
14.70821
14.87241
14.89146
14.82722
14.91973
14.87990
14.91934
14.93695
15.03856
15.11126
15.12617
15.05294
15.02985
15.06243
15.20007
15.33394
15.36442
15.42259
15.41351
15.35299
15.34357
15.33607
15.34201
15.44343
15.49739
15.48993
15.46154
15.43113
15.39048
15.37203
15.37318
15.37170
15.35610
15.32150
15.35680
15.39010
15.38787
15.39483
15.36794
15.35092
15.39449
15.43673
15.42641
15.40198
15.39103
15.38077
15.39435
15.38909
15.45498
15.59367
15.62251
15.59929
15.50585
15.46076
15.44539
15.42530
15.49918
15.48889
15.55914
15.87589
15.98562
15.95405
16.02677
16.00313
16.02545
16.15633
16.17214
16.16794
16.09285
16.06377
16.04874
16.00985
15.98230
15.95277
15.93636
15.91486
15.90022
15.86177
15.83976
15.87703
15.88248
15.89012
15.84154
15.77960
15.75816
15.79619
15.78907
15.75834
15.67591
15.70098
15.81112
15.85820
15.89602
15.87006
15.85789
15.82805
15.79754
15.81756
15.81412
15.83560
15.88323
15.89654
15.88449
15.85525
15.83578
15.82319
15.80068
15.77075
15.74691
15.73581
15.72702
15.71257
15.70812
15.71054
15.71400
15.70267
15.68753
15.70167
15.78874
15.83461
15.84289
15.83510
15.81278
15.78559
15.77340
15.75970
15.73953
15.73859
15.73065
15.74597
15.73294
15.71363
15.68436
15.71192
15.75659
15.76996
15.77204
15.79367
15.79894
15.81391
15.80925
15.81960
15.83936
15.86819
15.88854
15.95083
16.05339
16.05274
16.06859
15.99542
15.93278
15.96386
16.00448
16.05646
16.11083
16.13404
16.11226
16.10046
16.11603
16.16823
16.18954
16.17076
16.19883
16.20703
16.18079
16.12486
16.11780
16.11548
16.21191
16.27110
16.24771
16.21821
16.25181
16.30138
16.27182
16.26259
16.22411
16.20995
16.15823
16.12949
16.14897
16.27194
16.38336
16.44478
16.46976
16.41951
16.40651
16.41465
16.40254
16.40353
16.46368
16.49461
16.48091
16.46539
16.43366
16.41408
16.44485
16.47507
16.55544
16.69191
16.77820
16.83923
16.83357
16.81825
16.79677
16.79788
16.82516
16.81441
16.76034
16.70467
16.72114
16.74718
16.76923
16.71670
16.68830
16.67157
16.67606
16.66596
16.64388
16.73379
17.06418
17.23919
17.36274
17.54899
17.58791
17.51832
17.46470
17.38157
17.31262
17.26117
17.21955
17.18832
17.18960
17.18993
17.17922
17.15302
17.10103
17.09225
17.08353
17.08921
17.10238
17.08413
17.07258
17.06785
16.99367
16.92874
16.91936
16.94576
16.97399
17.07752
17.18782
17.19867
17.20728
17.28753
17.71065
18.05208
18.11087
18.21782
18.37777
18.42859
18.51667
18.54823
18.42432
18.26732
18.15510
18.08649
18.01107
17.98659
17.93626
17.88334
17.97844
18.17412
18.22073
18.18461
18.07829
17.99261
17.93933
17.88132
17.82592
17.80337
17.76826
17.74690
17.73023
17.72599
17.69593
17.65434
17.60458
17.61758
17.68753
17.70516
17.66402
17.63662
17.59215
17.56535
17.56989
17.61816
17.70010
17.67106
17.67250
17.67879
17.73054
17.77444
17.79209
17.78759
17.74850
17.72522
17.72529
17.72476
17.76675
17.85724
17.92056
17.89005
17.82890
17.85024
17.90230
17.91047
17.91073
17.85144
17.82353
17.80284
17.81469
17.80705
17.78606
17.76997
17.74454
17.73885
17.73330
17.73497
17.72949
17.70709
17.70357
17.70148
17.70206
17.69907
17.69812
17.70146
17.77245
17.86615
17.89261
17.91614
17.92173
17.88438
17.84242
17.80638
17.88865
18.02433
18.03734
18.07095
18.12259
18.32334
18.49333
18.56469
18.67274
18.83911
18.92672
18.88925
18.95843
18.95612
18.97699
18.96754
19.16752
19.21337
19.20810
19.22155
19.24938
19.34094
19.27475
19.28193
19.22306
19.16938
19.11709
19.08396
19.17053
19.47476
19.65847
19.72007
19.65905
19.56687
19.47366
19.40353
19.35276
19.35420
19.34510
19.33838
19.36699
19.35930
19.37223
19.39920
19.37018
19.35956
19.55538
19.75579
19.72092
19.65517
19.55670
19.52765
19.47320
19.43825
19.34484
19.35120
19.38311
19.34967
19.34092
19.31787
19.26800
19.20477
19.18916
19.16017
19.14228
19.12764
19.12391
19.10243
19.11966
19.17374
19.26308
19.29603
19.31129
19.29499
19.20533
19.32060
19.37032
19.34087
19.31346
19.32833
19.37574
19.42450
19.47439
19.49960
19.56581
19.70114
19.72016
19.69830
19.65161
19.61142
19.54975
19.60586
19.78184
19.83792
19.82345
19.78380
19.72627
19.68819
19.64373
19.65805
19.64291
19.60827
19.60925
19.58472
19.57372
19.55112
19.54143
19.52863
19.54928
19.57370
19.55328
19.51824
19.56461
19.54877
19.52518
19.47854
19.45066
19.42555
19.38148
19.35800
19.41172
19.45061
19.42709
19.40427
19.37824
19.35418
19.34218
19.34795
19.33470
19.31475
19.28843
19.25540
19.22665
19.21265
19.19516
19.18714
19.18273
19.18877
19.18537
19.17109
19.15715
19.13983
19.12013
19.10607
19.08757
19.07484
19.06991
19.05466
19.04010
19.02710
19.00694
18.99487
18.98485
18.97316
18.96417
18.95182
18.93286
18.92298
18.91064
18.90925
18.91367
18.90402
18.89107
18.88434
18.86802
18.85464
18.84244
18.83788
18.82457
18.81538
18.79795
18.87154
18.97203
18.99437
18.98175
18.96068
18.94403
18.91891
18.89873
18.88420
18.86696
18.85028
18.84086
18.83203
18.81917
18.81596
18.80255
18.84573
18.86499
18.85836
18.85506
18.84403
18.83813
18.83612
18.83489
18.82065
18.80140
18.88532
18.98493
19.05924
19.16043
19.25801
19.60423
19.88629
19.96208
20.01286
20.02363
20.00795
20.12994
20.20033
20.16945
20.16151
20.21333
20.19797
20.14552
20.13904
20.27804
20.43162
20.45155
20.39037
20.29964
20.25596
20.40663
20.47117
20.39586
20.38057
20.44766
20.40472
20.32216
20.24863
20.20016
20.19811
20.36885
20.56018
20.60708
20.69312
21.06833
21.31325
21.25477
21.13130
21.03977
21.06704
21.05678
21.02778
20.95373
20.89093
20.87254
20.86335
20.92737
21.03010
21.07117
21.19271
21.27862
21.22911
21.19828
21.19685
21.45405
21.66686
21.83790
21.87633
21.76058
21.58152
21.44320
21.34995
21.45272
21.58786
21.61376
21.59720
21.54418
21.51549
21.46468
21.41824
21.38878
21.36527
21.32617
21.29190
21.25302
21.22183
21.18464
21.14716
21.12006
21.09667
21.10806
21.11549
21.08720
21.04739
21.00846
20.98431
21.06678
21.14750
21.13397
21.09143
21.04231
21.01118
20.98778
20.97420
20.94885
20.92189
20.90181
20.90903
20.89829
20.87639
20.85277
20.83430
20.81241
20.79435
20.77085
20.78651
20.88270
20.90547
20.87580
20.83504
20.80281
20.78180
20.75689
20.73500
20.72447
20.71438
20.69501
20.69283
20.69998
20.68464
20.67287
20.66267
20.64664
20.62593
20.60821
20.58839
20.57276
20.55844
20.55493
20.59925
20.61624
20.59750
20.57507
20.55116
20.53165
20.51164
20.49195
20.47100
20.44960
20.43371
20.41764
20.40486
20.38351
20.36735
20.34695
20.33512
20.31120
20.30271
20.27966
20.27239
20.24375
20.23776
20.20812
20.20317
20.16961
20.17388
20.13708
20.14241
20.10075
20.11344
20.07104
20.09491
20.03858
20.06741
20.00862
20.04710
19.97849
20.02830
19.94877
20.00731
19.91157
19.98702
19.87697
19.96635
19.83842
19.94792
19.79214
19.92913
19.74406
19.91660
19.69580
19.91509
19.63559
19.92713
19.55666
19.97136
19.44419
