13.98595
13.23023
13.87742
13.39901
13.81217
13.44832
13.74765
13.45363
13.68902
13.45498
13.66481
13.46565
13.61842
13.49688
13.67859
13.56600
13.68186
13.55183
13.62902
13.59130
13.68182
13.53646
13.57203
13.60407
13.58375
13.53335
13.54375
13.46861
13.54323
13.50192
13.50268
13.47380
13.49380
13.46432
13.47907
13.46448
13.47687
13.47572
13.46496
13.45876
13.48745
13.47895
13.49670
13.47379
13.48018
13.49329
13.64839
13.66669
13.56533
13.57224
13.60209
13.59879
13.57342
13.56958
13.56460
13.57112
13.56484
13.57745
13.61022
13.61076
13.60502
13.59976
13.60124
13.60932
13.65675
13.67160
13.67302
13.66602
13.65535
13.64880
13.65064
13.64740
13.63339
13.62637
13.62420
13.61789
13.62005
13.61618
13.61644
13.61710
13.61567
13.59387
13.58453
13.58970
13.61383
13.62428
13.64515
13.68131
13.69794
13.70227
13.69301
13.67860
13.66973
13.65788
13.64801
13.64137
13.64833
13.66211
13.66940
13.62875
13.66400
13.73401
13.81391
13.84513
13.84364
13.83011
13.82367
13.81559
13.83879
13.84471
13.82841
13.84324
13.83557
13.84838
13.82942
13.82204
13.80207
13.83684
13.84202
13.86350
13.89577
13.85524
13.86911
13.86161
13.83050
13.86136
13.85419
13.83990
13.83774
13.86297
13.86537
13.88553
13.85869
13.85326
13.85541
13.83481
13.90300
13.72744
13.31595
13.43276
13.72816
13.75817
13.71504
14.02376
14.28944
13.78035
13.77973
13.81509
13.89642
14.08449
14.05193
13.85512
14.02085
13.88977
14.26026
14.31726
14.50634
14.30809
14.11337
14.23459
14.11462
14.10884
14.07061
14.21010
14.23287
14.32560
14.37641
14.28389
14.18550
14.20294
14.16018
14.16332
14.16757
14.20849
14.28183
14.22819
14.20160
13.96876
14.11525
14.13047
14.18889
14.21266
14.24632
14.33189
14.29108
14.27644
14.24649
14.21643
14.21964
14.20288
14.25122
14.23076
14.24181
14.36824
14.37019
14.27567
14.19299
14.11577
14.16522
14.02041
13.97070
14.33793
14.38319
14.01701
14.06772
14.35157
14.52732
14.63111
14.62869
14.61466
14.84909
14.82999
14.81155
14.61749
14.36298
14.50417
14.55145
14.56717
14.62686
14.66866
14.72089
14.67619
14.61062
14.60290
14.57289
14.46242
14.53540
14.54927
14.55645
14.61753
14.45517
14.49585
14.84798
14.86976
14.89201
14.77602
14.60184
14.68129
14.77933
14.67744
14.50175
14.49965
14.44342
14.42280
14.44145
14.48733
14.43390
14.46284
14.42911
14.74347
14.73075
14.66734
14.48001
14.75821
14.48963
14.47027
14.61185
14.59117
14.82313
14.82932
14.95260
14.87791
14.95599
14.88053
14.91799
14.84740
14.84841
14.87304
14.91870
14.93072
14.84792
14.83312
14.84170
14.83113
14.79065
14.76741
14.78833
14.73695
14.71896
14.74575
14.68424
14.82912
14.81195
14.81583
14.75014
14.73554
14.69642
14.70809
14.69029
14.73218
14.67780
14.72359
14.69718
14.71186
14.68984
14.87176
14.96834
14.87242
14.85502
14.83676
14.85730
14.64665
14.71475
14.61130
14.83583
14.99523
15.15254
15.10561
15.10730
15.06747
15.06314
15.12880
15.20755
15.21274
15.15116
15.19198
15.24717
15.29644
15.44330
15.49977
15.48526
15.55370
15.71042
15.72158
15.68435
15.06804
15.12377
15.13886
15.22303
15.20191
15.19110
15.16657
15.19689
15.11411
15.07320
14.98996
14.94298
14.84141
14.89335
14.95438
14.98299
15.22580
15.04824
14.79602
14.93560
14.66370
14.79677
14.96863
15.03048
15.07214
14.86606
14.67934
14.69577
14.75027
14.60230
14.58332
14.73381
14.63936
14.75020
14.75275
14.91139
15.01288
15.15753
14.95152
14.52079
14.48040
14.68446
14.72411
14.74104
14.70901
14.81675
14.79632
15.09002
15.09130
15.14725
15.22855
14.68112
14.70869
14.66199
14.69827
14.71671
14.66998
14.65360
14.76128
14.80245
14.80303
15.03344
14.81632
14.55417
14.70879
14.82408
14.74318
14.67930
14.39652
14.43250
14.34628
14.72636
14.82238
14.73056
14.89498
14.85806
15.04953
14.88745
14.84526
14.77724
14.80403
14.93423
14.64670
14.59788
14.61779
14.70051
15.19334
15.08938
15.21018
14.94379
14.71285
14.81003
14.94728
15.15336
15.14177
15.18969
15.02147
14.55873
14.88970
15.18613
15.16135
15.03529
14.55015
14.63054
14.42606
14.60128
14.57794
14.25859
14.35268
14.23936
14.34666
14.64659
14.31359
14.27587
14.38171
14.23970
14.05591
14.39873
14.27039
14.07013
14.36881
14.14072
14.31689
14.21965
13.99041
14.19368
14.41080
14.62584
14.66805
14.72913
14.78114
14.79532
14.74615
14.44046
14.28166
14.48517
14.56104
14.74052
14.21343
14.09770
14.41845
14.67952
15.01298
14.94884
15.00651
15.01582
15.18826
14.88894
14.86222
15.14817
15.10745
15.19079
15.05957
15.19375
14.71242
14.37626
14.48273
14.48944
14.34913
14.46171
14.49118
14.20233
14.58640
14.67289
14.79159
14.73617
14.89398
14.79150
14.95792
14.73498
14.86362
14.64296
14.49890
14.35877
14.55249
14.10074
14.16877
14.45483
14.38972
14.49616
14.56846
14.40425
14.46566
13.92868
13.73508
14.03696
13.98546
14.05213
13.95740
14.01510
13.88456
13.87036
14.02093
14.22367
14.19638
14.18050
14.37875
14.47155
14.52532
14.52612
14.55628
14.55838
14.61940
14.29977
14.33531
14.32145
14.43904
14.66087
14.72540
14.76962
14.91017
14.76980
14.25853
14.60782
14.36761
14.40170
14.13261
14.04905
13.81930
14.78864
14.42203
14.17055
13.85145
13.89998
13.90737
14.10154
14.02276
14.32542
14.53338
14.55714
14.44601
14.50742
14.40141
14.43296
14.49441
14.51847
14.48914
14.45132
14.49481
14.53298
14.38481
14.42099
14.21197
14.05465
14.10890
14.22027
14.36597
14.31804
14.52644
14.35617
14.26880
14.30117
14.45160
13.96889
13.82417
13.88989
13.93344
13.99610
14.07961
14.04215
14.00390
14.02706
14.00963
13.97808
13.94314
13.98349
13.97776
13.97733
13.99094
14.00087
14.01058
13.88745
13.96392
13.84922
13.77743
13.77128
13.71471
13.71613
13.79748
13.92974
13.77040
13.68824
13.56711
13.71093
14.25943
14.39688
14.34286
14.35604
14.36905
14.35186
14.37069
14.33995
14.35261
14.33814
14.33973
14.26506
13.88549
13.68481
13.73136
13.97214
14.03864
13.96792
13.95184
13.94668
13.93816
13.88969
13.90499
13.88378
13.76746
13.82686
13.57889
13.42413
13.53942
13.49827
13.53921
13.53043
13.42396
13.25658
13.40815
12.95524
13.34253
13.82636
13.97921
13.90239
13.13493
13.43079
13.48214
13.70419
13.77764
13.85823
13.86199
13.88680
13.82587
13.85513
13.84722
13.63404
13.29523
13.54852
14.06603
14.15628
14.27575
14.35352
14.44926
14.40826
14.49273
14.76720
14.87550
14.59206
14.57050
14.82428
14.81343
14.84508
14.79682
14.78379
14.76265
14.81154
14.65017
14.74763
14.43728
14.35180
14.62550
14.97993
14.91287
14.86762
14.87234
14.61084
14.49080
14.47859
14.42006
14.45723
14.58655
14.75399
14.80562
14.83018
14.81373
14.88007
14.81356
14.78055
14.73547
14.55773
14.72495
14.75374
14.72013
14.48285
14.70539
14.85484
15.06290
14.93108
14.81459
14.77933
14.82019
15.10761
14.78715
14.60209
14.83777
14.72313
14.58559
14.70121
14.69700
14.87611
15.01537
14.96171
15.05018
14.30540
14.06756
14.22330
14.25133
14.29578
14.28745
14.26734
14.33378
14.47750
14.12538
14.08864
14.07772
14.11259
14.15864
14.31053
14.26196
14.27070
14.61382
14.53807
14.47187
14.61277
14.79185
14.74863
14.70133
14.75850
14.99597
14.92714
14.77482
14.51345
14.53312
14.54207
14.50338
14.42130
14.49707
14.45028
14.45909
14.36225
14.31382
14.37281
14.35714
14.34827
14.43905
14.48566
14.44520
14.40550
14.35882
14.30243
14.27100
14.25594
14.22048
14.22848
14.19384
14.19469
14.06610
13.94583
13.97245
13.94512
13.93457
13.91684
13.92902
13.87918
13.88470
13.88886
13.86748
13.84336
13.83624
13.82950
13.81230
13.79041
13.77595
13.75210
13.74401
13.71494
13.65246
13.64086
13.67835
13.69538
13.68465
13.68283
13.67521
13.65382
13.65248
13.59031
13.57973
13.56056
13.54001
13.52148
13.52108
13.49514
13.44039
13.34456
13.36944
13.41739
13.34161
13.36672
13.37192
13.34425
13.31110
13.32763
13.31960
13.32720
13.32721
13.28992
13.09137
13.13717
12.95262
13.03916
13.20799
13.08939
13.02894
12.93546
12.92705
12.94054
12.91502
12.87951
12.83408
12.82683
12.86424
12.89579
12.87206
12.88525
12.86297
12.87831
12.84384
12.82293
12.75454
12.78596
12.80121
12.78814
12.76659
12.78382
12.69088
12.66725
12.68087
12.71679
12.67910
12.68251
12.64784
12.65234
12.74526
12.63952
12.73775
13.04450
13.06947
13.19441
13.10974
13.03020
13.02855
13.09971
13.08757
13.23139
13.16431
13.29267
13.17933
13.21753
13.36660
13.86379
13.55674
13.39378
13.23982
13.42485
