16.56473
15.57200
16.35393
15.78623
16.26280
15.82942
16.13974
15.80964
16.03507
15.79724
16.05867
15.87596
16.08479
16.00527
16.15807
15.95352
16.08360
15.91068
16.03305
15.86386
15.89464
15.83818
15.88954
15.78123
15.89416
15.88410
15.97768
15.91732
15.93352
15.86471
15.86631
15.82445
15.87177
15.83404
15.91795
16.10947
16.13690
15.97716
16.05815
16.06886
16.02846
15.99002
16.01161
15.91890
15.90322
15.89428
15.89242
15.87036
16.00746
16.00608
15.92467
15.86085
15.93690
16.32331
16.58657
16.50229
16.39145
16.31214
16.24477
16.18349
16.19421
16.18147
16.13167
16.15425
16.05061
16.06028
16.03118
16.02669
16.00560
16.07180
15.95811
15.98203
15.99393
16.06855
15.88434
16.47807
16.47319
16.03586
16.10157
16.02037
16.04618
16.10026
15.99894
16.00153
15.99958
15.85558
15.94006
16.11036
16.07248
15.97933
16.21174
16.27932
16.17559
15.95805
15.87857
15.90462
15.97360
15.94521
15.91601
15.91862
15.92042
15.82273
15.76439
15.76663
15.77031
15.81053
15.74830
15.69641
15.77515
16.21645
16.63391
16.66972
16.60474
16.54589
16.45176
16.54887
16.99761
17.80286
18.62204
18.97239
18.90870
18.66004
18.39509
18.24992
18.23415
18.10922
18.07015
18.03195
18.06842
17.98745
17.86683
17.83075
17.66494
17.67487
17.64067
17.55880
17.50504
17.42947
17.38528
17.38678
17.33275
17.27485
17.25270
17.19465
17.16506
17.11421
17.18469
17.13426
16.93361
16.94233
16.85760
16.85594
16.75137
16.62353
16.82822
16.95253
16.90727
16.74761
16.68517
16.75642
16.72788
16.66578
16.68104
16.64654
16.56671
16.45016
16.57347
16.56321
16.49818
16.55154
16.51733
16.61051
16.53132
16.50503
16.46240
16.38125
16.56676
16.43587
16.46535
16.46044
16.60511
16.81230
16.75228
16.60641
16.58777
16.49293
16.53782
16.51401
16.56222
16.55569
16.97597
17.18622
17.51298
18.03219
18.09828
18.00295
17.82638
17.73973
17.68881
17.67002
17.68192
17.57976
17.60774
17.61656
17.78344
18.54595
19.34374
19.50848
19.33128
19.14071
18.85688
18.74177
18.63999
18.61227
18.44169
18.31313
18.31175
18.25234
18.21228
18.14645
18.17093
18.27589
18.07973
17.91901
17.88658
17.81625
17.80202
17.72903
17.75877
17.72350
17.56930
17.54204
17.48678
17.46244
17.41336
17.39176
17.36527
17.33209
17.30338
17.28564
17.33485
17.34147
17.19345
17.17990
17.16088
17.22117
17.18928
17.12732
17.07605
17.02548
16.99837
16.95555
16.99505
17.03257
17.02859
17.02571
17.01484
17.08278
17.11217
17.16663
16.94007
17.03659
17.03342
16.97922
17.01721
16.91974
17.09254
17.06043
17.29252
17.65140
17.62974
17.59324
17.51896
17.44376
17.34806
17.34213
17.43023
17.54282
17.39988
17.38723
17.42568
17.37241
17.33084
17.22963
17.29964
17.36617
17.18849
17.23586
17.11522
17.06779
17.04252
17.12587
17.20121
17.17263
17.10433
17.04602
17.01761
17.02092
16.94803
16.99521
16.97171
16.93136
16.85916
16.80134
16.78447
16.75570
16.70018
16.61749
16.58925
16.63054
16.61842
16.56176
16.53271
16.50555
16.47809
16.46647
16.43004
16.45381
16.64122
16.60262
16.54472
16.53355
16.49436
16.49711
16.48976
16.49954
16.44319
16.69600
16.65242
16.76271
16.78971
16.54860
16.81573
16.25963
16.30690
16.26241
16.31474
16.30299
16.23408
16.27646
16.14834
16.25771
16.31189
16.30797
16.42456
16.34617
16.28916
16.31293
16.24197
16.22219
16.35250
16.36387
16.24640
16.37753
16.56477
16.36567
16.29017
16.30832
16.25986
16.27321
16.19553
16.27455
16.50998
16.92934
17.80720
18.51345
18.91201
18.87564
18.86507
18.57093
18.79976
19.16286
19.10694
18.98885
18.89192
18.83095
18.75520
18.62869
18.53879
18.46044
18.75535
19.05242
18.96379
18.74906
18.75181
18.93340
19.06949
18.96578
18.97873
19.33437
19.19552
19.01921
18.86759
18.94055
19.30281
19.26403
19.07519
19.11510
19.06928
18.95163
18.86473
18.79247
18.77093
18.99899
19.01491
18.88674
18.83172
18.92136
18.91480
19.25769
19.65489
19.66455
19.70899
20.68857
21.71214
22.22688
22.06728
21.73253
21.72798
21.55713
21.34065
21.19686
21.07949
20.97045
20.85375
20.76530
20.68604
20.83771
20.81011
20.94179
21.18089
21.00148
20.83190
20.72474
20.74284
20.63391
20.53088
20.42853
20.36205
20.28954
20.23348
20.15403
20.10867
20.11115
20.07755
20.01471
20.14719
20.48414
20.64649
20.64898
20.61690
20.49540
20.56669
20.59107
20.52992
20.64734
20.85356
20.82686
20.64358
20.55412
20.45313
20.46920
20.40608
20.50986
20.90757
20.87532
20.69806
20.55991
20.46358
20.39454
20.31847
20.30688
20.33045
20.27391
20.20136
20.12849
20.06568
20.01984
20.05552
20.15018
20.17410
20.09377
20.07232
20.06474
19.97955
19.91015
19.86468
19.80708
19.74641
19.70378
19.65983
19.60977
19.56279
19.52218
19.47239
19.42490
19.38043
19.34603
19.30710
19.28697
19.24286
19.21683
19.18529
19.17581
19.13737
19.11984
19.19398
19.40222
19.62664
19.70263
19.65713
19.63419
19.65873
19.56111
19.48540
19.41569
19.37767
19.30955
19.26883
19.21320
19.17143
19.12439
19.13022
19.10265
19.17385
19.26376
19.37146
19.30870
19.25283
19.32946
20.39098
21.19883
21.26518
21.25633
20.96250
20.99610
21.21846
21.06408
20.86960
20.71401
20.65478
20.58890
20.46944
20.35627
20.26154
20.16103
20.10738
20.16821
20.23918
20.17394
20.05433
19.93747
19.90061
19.99210
20.21568
20.67078
20.62708
20.42187
20.31431
20.24000
20.39003
20.83871
20.78750
20.63495
20.72083
20.63463
20.47509
20.37412
20.28629
20.21663
20.14975
20.09541
20.04104
20.03956
19.98724
19.93285
19.87740
19.82935
19.79242
19.74635
19.71593
19.67256
19.62855
19.57808
19.58590
19.73843
19.72411
19.65574
19.60144
19.54278
19.53192
19.51579
19.47018
19.41936
19.37916
19.34026
19.31098
19.30348
19.27288
19.24524
19.21547
19.18791
19.17628
19.15124
19.11998
19.08954
19.09136
19.06599
19.02631
18.98737
18.96930
18.94611
18.93476
18.98979
18.97424
18.92185
18.91090
18.91284
18.88239
18.83852
18.80647
18.79005
18.75346
18.74430
18.76659
18.72584
18.69292
18.65480
18.63642
18.59420
18.60231
18.58009
18.56165
18.51261
18.50782
18.45374
18.45402
18.40777
18.45120
18.39317
18.39611
18.31861
18.33438
18.25315
18.28424
18.18850
18.24025
18.14156
18.20050
18.08492
18.30950
18.30667
18.37966
18.20657
18.30012
18.11430
18.24655
18.04662
18.25859
18.00839
18.23909
17.90657
18.22000
17.78757
18.24191
17.61061
