26.92703
25.42332
26.62281
25.74513
26.64698
26.09277
26.72687
26.22673
26.67866
26.35225
26.69452
26.32844
26.58330
26.28053
26.46184
26.30082
26.60858
26.40209
26.55034
26.35301
26.47005
26.29955
26.37521
26.20615
26.27239
26.14334
26.19093
26.06514
26.08071
25.98354
26.07091
26.03059
26.05512
25.95648
25.97975
25.95933
25.96102
25.89681
25.87964
25.81445
25.79413
25.72209
25.76283
25.89172
26.01750
26.03079
25.95611
25.88288
25.82093
25.78078
25.74009
25.72984
25.69901
25.69390
25.68656
25.70033
25.71579
25.73116
25.75205
25.70128
25.63040
25.59583
25.54897
25.51628
25.47211
25.43771
25.41715
25.35592
25.45173
25.93613
26.40231
26.48444
26.38799
26.28961
26.31048
26.40330
26.40625
26.38957
26.40162
26.37123
26.36504
26.34052
26.29061
26.22073
26.17322
26.17418
26.26619
26.39364
26.41712
26.31316
26.23200
26.13439
26.08129
25.99514
26.06053
26.16461
26.22374
26.37867
26.31836
26.25968
26.17460
26.12997
26.06955
26.01993
25.99667
25.94994
25.91707
26.04321
26.20124
26.20212
26.14094
26.06574
26.00792
25.94992
25.92390
25.85691
25.84674
25.85837
25.91836
25.99065
26.12675
26.29528
26.42892
26.96294
27.30013
27.61400
27.83924
28.19580
28.42739
28.60665
28.76673
28.76310
28.65697
28.73533
28.86744
28.87273
29.02709
29.27898
29.25467
29.27558
29.24502
29.50862
29.63581
29.71590
29.70044
29.69116
29.95230
29.87571
30.17816
30.21832
30.14035
30.25099
30.18251
30.29059
30.20900
30.11447
30.10363
30.01802
29.73574
29.67167
29.72276
29.79125
29.86890
29.76884
29.67338
29.74685
29.82852
29.79209
29.98482
30.50146
30.43408
30.44372
30.39270
30.32555
30.23464
29.98260
29.83085
29.87780
29.93747
30.07671
30.09803
30.08161
29.99331
30.10030
30.02735
30.14963
30.38215
30.37058
30.42137
30.48198
30.52847
30.63866
30.48885
30.41579
30.56785
30.62164
30.65180
30.66809
30.72305
30.81092
30.89174
30.90472
30.86323
30.77500
30.67111
30.68194
30.78637
30.83301
30.85700
30.86383
30.78397
30.72023
30.65783
30.62386
30.75706
31.15774
31.36043
31.44121
31.44496
31.62821
31.83331
31.89242
31.84567
31.75954
31.63177
31.56403
31.50559
31.51346
31.64349
31.67850
31.60650
31.63311
31.60916
31.61105
31.69398
31.84217
31.80538
31.77864
31.67961
31.58917
31.68508
31.49799
31.36625
31.53286
31.72507
31.78815
31.82814
31.71389
31.76364
31.92332
31.86505
31.60201
31.44867
31.36390
31.36030
31.46320
31.45042
31.41757
31.50864
31.55376
31.43686
31.38036
31.33029
31.30764
31.24110
31.21173
31.17043
31.48595
31.83446
31.89594
31.84104
31.73479
31.53001
31.55688
31.57705
31.56684
31.69351
32.04285
31.95305
31.77236
31.72446
31.57749
31.55600
31.77086
31.77034
31.73681
31.79216
31.74876
31.32612
31.48625
31.52905
31.68366
31.46529
31.34887
31.65417
31.54049
31.51492
31.41904
31.42292
31.37559
31.41589
31.59595
31.59555
31.53073
31.36728
31.41507
31.33380
31.21907
31.26630
31.26799
31.47991
31.48987
31.34119
31.31591
31.01730
31.10334
31.45413
31.50687
31.59729
31.58745
31.52148
31.50693
31.67199
31.54738
31.50996
31.48102
31.71618
31.54009
31.34007
31.58721
31.64592
31.60943
31.52849
31.48222
31.42232
31.34423
31.29907
31.22951
31.23347
31.25329
31.30533
31.22017
31.35067
31.36578
31.35261
31.39749
31.39322
31.40204
31.43610
31.66747
31.69389
31.67588
31.63971
31.44830
31.69948
31.98206
32.06339
32.05801
31.98664
31.85377
31.82205
31.86203
32.21059
32.41449
32.25241
32.35372
32.57065
32.61633
32.56892
32.51776
32.43733
32.40402
32.46495
32.50763
32.55629
32.47437
32.54888
32.41758
32.14344
32.47475
32.48009
32.52239
32.48992
32.48616
32.23835
32.58241
32.98254
33.20128
32.94227
33.10147
33.04243
32.89115
32.75275
32.65365
32.70100
32.59673
32.69762
32.80106
32.88684
32.87496
32.77037
32.90290
32.82036
32.74952
32.83674
32.85600
32.89886
32.82804
32.81650
32.73948
32.71826
32.78798
32.79852
32.80350
32.75434
32.74421
32.71875
32.76073
32.64959
32.60726
32.63091
32.59553
32.56296
32.58725
32.75576
32.67617
32.57429
32.52283
32.46674
32.46812
32.50335
32.54732
32.44811
32.52224
32.43773
32.38658
32.26659
32.66979
32.70504
32.89300
33.14740
33.04335
33.08222
32.73305
32.25643
32.16210
32.29093
32.36258
32.26577
32.39099
32.49728
32.74561
32.84010
32.74347
32.83188
32.83040
32.81178
32.79770
32.77510
32.73555
32.83986
32.89878
32.91494
33.01416
32.95850
32.93179
32.82879
32.68857
32.63728
32.78705
32.66093
32.73780
32.58836
32.62390
32.58718
32.62271
32.93999
32.78191
32.95208
32.78189
32.81369
32.90972
32.85754
32.67195
32.68109
32.66311
32.72123
32.62094
32.67679
32.58233
32.53232
32.60151
32.58756
32.69417
32.50710
32.31078
32.31779
32.17605
32.31657
32.59005
32.57584
32.40893
32.82429
32.95770
32.90717
32.79037
32.77371
32.82211
32.73936
32.63117
32.56447
32.63622
32.56584
32.54332
32.38714
32.40682
32.35691
32.25516
32.14472
32.10408
32.05172
32.00345
32.00448
31.61680
31.90802
32.05832
32.19655
32.32073
32.73041
32.58897
32.46371
32.39845
32.47335
32.49332
32.50064
32.31274
32.56060
32.62828
32.70242
32.85027
32.91605
33.05554
33.16199
33.25078
33.14718
33.05684
32.99728
32.91276
32.87732
32.87125
32.70956
32.69758
32.37702
32.26994
32.51188
32.61647
32.59877
32.61826
32.62127
32.54366
32.53743
32.47006
32.48302
32.45766
32.43127
32.41774
32.28040
32.05460
32.14567
32.17777
32.21733
32.18426
32.12377
32.06312
32.05823
31.95634
31.74381
31.60494
31.64098
31.67834
31.52535
31.51085
31.48683
31.52078
31.46816
31.42818
31.42234
31.49725
31.56783
31.54065
31.99368
32.23000
32.18628
32.17170
31.68526
31.63070
31.68330
31.89836
31.84342
31.50239
31.63493
31.48572
31.56251
31.59468
31.51913
31.54535
31.27076
31.20052
31.49122
31.92995
32.31675
32.49173
32.65931
32.53153
32.43341
32.11923
32.18242
32.18616
32.06198
32.08408
31.84392
31.94512
31.80278
31.73970
31.77922
31.67750
31.89946
31.89096
32.13135
32.24586
32.31361
32.17073
32.15562
32.46234
32.60591
32.63370
32.60338
32.60662
32.54648
32.53150
32.53008
32.64228
32.68639
32.72086
32.68023
32.75228
32.83238
32.64275
32.58539
32.58575
32.57914
32.43207
32.34669
32.30210
32.27659
32.26403
32.16710
32.08752
32.12419
32.14509
32.21130
32.12312
32.05163
32.25123
32.47576
32.41706
32.32537
32.21694
32.45682
32.31829
32.27825
32.58132
32.74531
32.71602
32.64191
32.53771
32.52427
32.39832
32.35604
32.41273
32.38000
32.43597
32.42303
32.36473
32.28380
32.26168
32.29064
32.32859
32.34235
32.33177
32.62220
32.57731
32.18775
31.82026
32.16997
32.16165
32.55332
32.90828
33.12322
33.30292
33.18886
33.15408
33.16906
33.13591
32.99767
32.94129
33.10591
33.23267
33.17934
33.13725
33.03511
32.95828
32.86445
32.85315
32.81579
32.77207
32.67444
32.73968
32.92351
32.88428
32.75457
32.89415
32.81849
32.81136
32.41519
32.29653
32.49395
32.56335
32.75743
32.43249
32.10460
32.03348
31.90418
31.83974
31.76441
31.73463
31.67592
31.74134
31.71106
31.65114
31.57539
31.51221
31.40323
31.32521
31.24294
31.20616
31.15802
31.11245
31.06878
31.10751
31.24562
31.21634
31.08837
31.00849
30.92388
30.90054
30.85294
30.83907
31.34435
31.63628
31.37676
31.40324
31.66324
31.51228
31.29948
31.30331
31.25461
31.16965
31.10823
31.08327
30.97622
30.92105
30.82265
31.18909
31.64993
31.70119
31.95144
32.17314
32.58497
32.58907
32.50960
32.40482
32.49708
32.40749
32.25842
32.26270
32.31830
32.32410
32.26723
32.19819
32.10977
32.06825
32.05752
32.02597
32.00937
31.96949
31.93622
31.86596
31.81777
31.75994
31.70569
31.64632
31.59557
31.53945
31.50009
31.45255
31.42094
31.39173
31.38253
31.64359
31.81425
31.97052
31.93843
31.90838
31.93099
31.91875
31.94405
31.91965
31.93806
31.88379
31.80300
31.86493
32.01569
32.01218
32.07792
32.37418
32.69375
32.71061
32.67812
32.63247
32.57674
32.51344
32.47575
32.42729
32.38649
32.37230
32.43081
32.62365
32.89906
33.02565
33.03398
32.94750
32.92942
32.91929
32.86511
32.79355
32.74668
32.71117
32.64655
32.58844
32.51792
32.49319
32.46658
32.42009
32.36378
32.30351
32.40590
32.46522
32.44284
32.37682
32.35477
32.48113
32.49702
32.48006
32.42645
32.38869
32.34307
32.31055
32.26192
32.22714
32.17763
32.12283
32.18682
32.21630
32.20976
32.14990
32.11875
32.11301
32.07460
32.01284
32.20653
32.66558
33.00883
33.07125
32.91664
32.84160
32.75920
32.74379
32.68719
32.74773
32.77980
32.80145
32.72804
32.72687
32.61563
32.63675
32.62123
32.71926
32.78313
33.43813
33.70381
33.63924
33.43981
33.44085
33.27777
33.30328
33.11920
33.23949
33.08327
33.15091
32.92571
