26.69076
25.09583
26.12113
25.15369
25.84788
25.15167
25.74904
26.14480
27.25408
26.78573
27.17876
26.94451
27.23476
26.80347
27.00905
26.61846
26.74881
26.78522
28.03218
28.44211
28.17266
27.82261
27.86025
27.63336
27.57884
27.39818
27.44794
27.26632
27.16360
27.06104
27.12632
27.02848
27.19652
27.14521
27.07342
26.97036
26.83855
26.80727
26.82214
26.65794
26.58592
26.46959
26.48823
26.43702
26.31441
26.20824
26.12709
26.03218
25.97466
25.89746
25.79723
25.74290
25.67758
25.62656
25.55414
25.47845
25.44550
25.40900
25.40599
25.33671
25.24579
25.17743
25.11888
25.04206
24.98038
24.90159
24.82958
24.74502
24.69232
24.60354
24.56585
24.50715
24.43045
24.36791
24.29626
24.24371
24.22076
24.15880
24.09432
24.05920
23.99736
23.93696
23.88010
23.83799
23.77505
23.70759
23.65172
23.59498
23.56994
23.52087
23.47011
23.40446
23.37511
23.39844
23.40467
23.33267
23.29228
23.31400
23.45077
23.79027
23.80527
23.72225
23.62519
23.55939
23.48653
23.42506
23.41459
23.38434
23.31523
23.25554
23.18915
23.13125
23.06794
23.01291
23.00709
22.95224
22.89118
22.85332
22.79372
22.75113
22.75370
22.72338
22.64448
22.59477
22.57726
22.54718
22.51689
22.46660
22.43711
22.38915
22.33866
22.29410
22.25529
22.20435
22.16672
22.13955
22.09586
22.08991
22.05927
22.00096
21.94640
21.89375
21.89793
21.86186
21.81135
21.76974
21.72129
21.66699
21.64681
21.62301
21.62482
21.57095
21.58911
21.60281
21.61624
21.56687
21.56160
21.73034
23.04707
24.83616
28.81776
32.05686
33.57467
34.04321
33.82373
33.59794
32.96943
32.70490
32.75919
33.33703
33.01915
32.60099
32.06541
32.93133
35.21563
34.21977
33.34557
32.85760
32.96153
33.59613
33.29230
33.21223
33.53709
33.61884
34.93665
35.20678
34.94803
36.06399
37.68122
36.82487
36.24544
35.62302
35.33582
35.27119
35.40919
35.99151
35.94623
35.07460
34.88337
35.16257
35.03963
34.95375
34.26291
34.28530
34.11254
33.97824
33.77126
33.84372
33.45893
33.25012
33.27001
33.46925
34.38590
33.77650
33.50915
33.29309
33.10814
33.05793
33.07244
33.30196
33.16466
33.68467
33.36521
32.70589
33.29137
33.87229
33.16790
32.88082
32.89746
32.53889
33.99883
34.62488
34.34657
35.60620
36.16052
35.60399
34.72932
34.46462
34.22254
34.07925
34.00912
33.88056
33.79719
33.60657
33.49933
33.44643
32.93499
32.52821
34.27913
34.70895
33.46942
33.46368
33.90277
32.70583
32.39259
32.33769
32.22155
32.31659
32.64097
33.06863
32.56876
32.18696
31.85108
31.51148
31.55248
31.68209
32.22944
31.95604
31.57460
31.39089
31.25075
31.61704
31.56498
31.65867
32.26803
32.37236
32.97380
32.94067
33.82834
33.44431
32.39593
33.57775
33.63672
33.41128
33.09084
32.92833
32.76116
32.63770
32.45351
32.37525
32.37430
32.30501
32.17655
32.03596
31.78246
31.66652
31.55712
31.66693
31.58725
31.39497
31.23739
31.22888
31.44939
31.58518
31.64742
33.08024
33.67358
33.42495
33.24092
33.28707
33.18906
32.85176
32.79508
32.71676
32.52550
32.39055
32.43730
32.38091
32.21413
32.01351
31.87640
31.87980
31.76405
31.63272
31.78561
31.90881
32.20133
31.71265
31.68047
32.39414
32.43464
31.89945
31.67316
31.43094
31.46510
31.46486
31.32918
31.13400
31.18499
31.35118
31.51735
31.09017
31.95657
32.58301
32.27374
32.06662
31.67428
32.42257
32.73120
32.53798
32.10969
31.85965
31.69425
31.67588
31.51289
31.53069
31.21283
31.23021
31.07719
30.85285
30.55224
30.48902
30.11829
30.33747
30.39536
30.93165
30.96296
31.04217
30.88521
31.04649
31.17562
31.67841
32.30438
32.35506
30.86185
30.03427
30.52072
30.42926
30.30881
30.24434
30.77144
30.73116
30.79514
31.47689
31.74448
31.38976
31.47250
31.28091
31.45062
31.39134
32.02151
31.94561
31.98115
33.46092
33.51712
32.22311
32.49165
32.48493
32.29960
31.91857
31.84488
31.77462
31.65697
31.52631
31.55788
31.25143
31.48043
31.45612
31.40670
31.59121
31.76945
32.33780
32.84082
32.54418
32.30562
31.94533
31.82272
31.71945
31.72667
31.67694
31.59733
31.43030
31.31510
31.35266
31.14722
29.56441
29.35126
29.91470
29.87526
30.17912
32.30849
32.45495
33.28358
32.74664
31.98822
31.87758
31.90194
31.85374
31.34589
30.36566
30.54115
30.21773
28.97956
30.04533
31.63085
31.44224
31.06816
31.34810
30.79303
30.99279
30.99141
30.45650
30.28420
30.85597
31.34785
31.36451
31.16197
31.50461
31.20477
31.12045
30.90261
31.01599
31.16495
30.99875
30.89794
30.28232
30.38146
31.10761
30.94481
31.46013
30.61037
30.35490
31.45234
31.37291
30.85742
30.35943
30.17079
30.92263
30.27790
30.08155
30.11097
28.49546
27.18268
27.25147
27.22544
27.36361
27.19524
27.08442
26.86573
27.06404
26.50962
26.27526
26.37946
26.27517
26.29434
26.12956
26.06045
26.05002
26.25087
26.16079
26.22887
25.82703
25.62924
25.71856
26.00998
26.28324
26.42635
26.55998
26.95024
27.33265
27.26118
27.22491
27.28958
27.19991
27.14462
27.07265
26.96159
26.85610
26.79748
26.82366
27.22992
27.45415
27.62574
27.71416
27.93975
27.69558
27.60458
27.41178
27.46436
27.73015
27.83165
27.68802
27.80334
27.27592
26.49056
26.29435
26.30726
26.76228
26.54191
26.24414
26.72190
26.72518
26.87559
27.29233
26.73906
26.04497
26.16377
26.23206
26.59938
26.74346
26.48614
26.36198
26.75745
26.89495
26.91601
26.77644
26.92818
27.35213
27.21251
27.24777
27.81443
28.09020
28.29948
27.95461
27.88448
27.62974
27.59789
27.47391
29.27554
29.45532
29.07814
29.67195
29.41401
29.60721
29.30916
29.34761
29.21689
28.75407
28.34358
28.52550
28.18363
28.61618
29.08727
29.15463
28.75070
29.06375
28.51117
28.31826
28.44800
28.53404
29.03553
29.07335
28.93708
29.30733
29.53036
29.92796
30.48302
29.96363
29.80495
29.55441
29.59253
28.59637
27.97725
27.92686
28.30092
28.78373
29.07947
28.19698
28.36000
28.50798
28.59824
28.59023
28.20202
28.51001
28.42346
28.78739
28.28658
29.23984
29.56712
29.50592
29.45646
28.51853
28.68428
28.27474
29.45129
29.85825
30.52626
31.11962
31.01306
31.41571
32.38356
32.63780
32.95126
33.59188
35.56892
37.04384
36.79470
35.87434
35.29868
34.78666
34.64790
34.47364
35.80110
35.32786
34.49202
34.06832
33.02103
34.86352
35.31022
32.84254
32.86734
33.02725
32.69249
32.59719
32.37407
32.46799
31.67473
31.77454
31.73302
31.81641
32.43645
33.99391
33.92808
34.00317
33.31176
33.02316
33.22510
34.07636
33.27332
32.86625
32.65281
32.67506
32.48122
32.65627
31.67653
31.64281
32.11101
32.28612
32.35931
32.16071
31.86239
31.88521
31.48102
31.25077
31.73295
31.61859
31.39122
31.35642
31.46723
31.06356
30.89589
30.71545
30.49115
30.35508
30.17541
30.19963
30.40915
30.48677
30.46449
30.57961
30.69570
30.47509
30.58006
30.42706
30.41218
30.62147
30.59179
30.86693
31.61321
31.32199
31.33629
30.54111
30.56999
30.00977
29.86907
30.30231
30.44313
30.47863
30.89564
29.65468
29.01487
29.60719
29.78115
29.60844
29.81276
30.00961
29.84691
30.15773
30.51851
30.89521
30.62747
30.44585
30.25061
30.30134
30.05239
29.97422
30.12705
29.98056
29.96844
30.13546
29.98241
29.66391
29.49618
29.48130
29.41575
29.29182
29.21153
29.08797
28.99252
28.75196
28.78425
28.64448
28.70522
28.49616
27.83666
27.93530
28.09914
28.19759
27.91700
27.80901
28.21197
28.04717
27.86981
28.07460
28.30501
27.71822
27.70665
27.58521
27.70804
27.83514
27.67808
27.54488
27.41535
27.52724
27.50793
28.79893
31.81290
31.45672
31.86815
32.16855
31.88351
32.07586
31.99330
32.16968
31.91956
31.80613
31.57964
31.61259
31.29983
31.70255
31.52797
31.67611
31.11468
31.58840
33.39876
32.64276
31.21702
31.92878
32.58100
33.27365
33.76930
33.83450
33.58853
33.16706
32.83121
32.50926
33.14826
32.85861
32.74403
31.60140
32.41114
33.60987
34.96272
34.71288
34.23327
34.17828
33.68711
33.49069
33.31925
33.33435
33.18234
33.10819
33.04583
32.87754
32.80241
32.67247
32.59036
32.49381
32.61011
33.11356
33.12526
32.89656
32.62998
32.83146
32.74174
32.40793
32.30843
32.23207
32.24430
32.47648
32.23042
32.12113
31.96186
31.80889
31.70826
31.63485
31.51341
31.49083
31.38369
31.32678
31.29720
31.79632
32.01478
31.70608
31.62013
31.46873
31.41623
31.34723
31.25399
31.10249
31.00686
30.89559
30.83319
30.73399
30.64908
30.52409
30.45312
30.34333
30.26892
30.15709
30.09956
30.01241
29.96475
29.92822
30.16482
30.18627
30.03915
30.10330
30.82907
30.86514
30.68659
30.57907
31.51334
31.71130
32.36671
33.92794
33.45248
33.01278
33.05880
34.90614
34.75462
34.02305
33.65375
33.57787
33.25180
34.01942
35.10757
34.27317
33.99463
33.72556
33.59679
33.37784
33.44881
33.41032
33.15735
33.14138
33.73362
33.49755
33.22648
33.01135
33.15883
33.48061
33.13864
32.96364
32.82381
32.75343
32.68574
32.58689
32.45175
32.37892
32.26359
32.35849
32.44598
32.48544
32.71821
32.45796
32.37297
32.48968
32.57571
32.26965
32.33587
32.06776
33.16260
35.33386
34.99334
35.29816
35.08533
34.69486
34.45283
34.27132
34.31234
34.08781
34.56592
35.35422
34.79524
34.52420
34.33901
34.20189
34.06716
33.95426
33.88650
33.75497
33.72578
33.53983
33.66692
33.70407
33.64473
33.40903
33.38487
33.16649
33.18712
32.97023
33.05890
32.85706
32.99915
32.70133
32.85462
32.51993
32.70201
32.31145
32.55256
32.10028
32.41958
31.90598
32.38321
31.88205
32.49323
31.65751
32.44408
31.43263
32.66629
31.48405
