10.01085
9.56642
10.07820
9.68117
9.89495
9.63321
9.87076
9.64564
9.85071
9.89410
9.94701
9.82143
10.20252
10.51226
10.78886
10.75257
10.80244
10.71754
10.61587
10.49944
10.56495
10.38146
10.43554
10.42343
10.43006
10.35611
10.39508
10.36047
10.35843
10.32638
10.27558
10.28567
10.39924
10.50120
10.58227
10.55197
10.51782
10.47674
10.43870
10.41037
10.35655
10.37837
10.18262
9.95016
10.03597
9.98896
9.87660
9.97610
10.05941
10.08271
10.06561
10.00751
9.98999
9.94964
9.92803
9.88993
9.87848
9.85298
9.80648
9.78045
9.76044
9.73385
9.71816
9.71845
9.71646
9.67086
9.70473
9.68969
9.66528
9.65324
9.62730
9.62098
9.59914
9.58522
9.57968
9.56062
9.54274
9.52530
9.52502
9.49230
9.47840
9.46368
9.44591
9.43444
9.42776
9.42337
9.41255
9.38262
9.37323
9.35630
9.36573
9.34738
9.35379
9.32788
9.29265
9.27165
9.27123
9.25458
9.24076
9.20539
9.22114
9.14727
9.20221
9.40377
9.33132
9.26993
9.25683
9.25311
9.28361
9.29812
9.29805
9.28200
9.27856
9.28368
9.28013
9.26150
9.25234
9.23362
9.21654
9.19763
9.21052
9.19782
9.20019
9.20633
9.22659
9.21076
9.20933
9.17124
9.17734
9.13437
9.17161
9.09767
9.25103
9.25421
9.39902
9.93264
10.33051
10.93663
11.56625
12.02277
12.23162
12.37229
12.76086
13.16858
13.20193
13.30829
13.22958
12.93647
12.67387
12.55238
12.59462
12.59098
12.60099
12.88033
12.92238
12.98316
13.08258
13.13574
13.22391
13.59176
13.78970
13.79055
13.63121
13.82931
13.97795
14.12255
14.17775
14.16432
14.05418
13.91768
13.76175
13.63207
13.63495
13.63224
13.68190
13.73597
13.82427
13.75653
13.60522
13.50161
13.50319
13.52680
13.51126
13.53717
13.48841
13.42527
13.33624
13.27867
13.19276
13.14913
13.08922
13.04655
13.12866
13.28137
13.63848
14.21013
14.48688
14.66150
14.66850
14.60789
14.42339
14.20532
14.05687
14.00492
14.07110
13.98104
13.83709
13.62313
13.63024
13.52827
13.42802
13.39627
13.69750
14.00129
13.96109
13.88937
14.12135
14.25924
14.30675
14.41504
14.33246
14.37365
14.52212
14.53730
14.63399
14.49229
14.33732
14.22865
14.28314
14.19541
14.09247
14.02471
13.93750
13.95409
14.05794
13.92865
13.90734
13.91304
14.11010
14.36267
14.19625
14.12379
14.27684
14.15462
14.18161
13.93463
13.75771
13.85792
13.87980
13.99416
14.06102
13.94745
13.93818
13.96672
13.93053
13.95783
13.96839
13.88187
13.98333
14.14134
14.20206
14.10229
14.04716
13.97299
13.95255
13.88984
13.74339
13.68318
13.67624
13.61016
13.55018
13.50581
13.49209
13.57603
13.52829
13.40828
13.39469
13.39206
13.35313
13.28637
13.26946
13.26384
13.33572
13.42149
13.60464
13.76929
13.80482
13.77736
13.70910
13.60518
13.57364
13.42079
13.44941
13.50459
13.81173
13.95962
14.01269
14.26544
14.28971
14.05742
13.93165
13.82832
13.95632
14.13094
14.20949
14.25784
13.87625
13.66298
13.66040
13.73816
13.91332
14.15398
14.11113
14.03881
14.14392
14.70451
14.97547
15.16686
15.10016
15.24682
15.31326
15.03120
15.32841
15.51984
15.44087
15.33924
15.32865
15.03105
15.05071
14.93914
14.80779
14.75165
15.01575
14.85563
14.75798
14.82495
14.78767
14.81694
14.85309
14.97640
14.99798
14.81542
14.72165
14.74032
14.69179
14.68618
14.68043
14.65023
14.50606
14.45191
14.41846
14.38213
14.41755
14.38424
14.28339
14.25988
14.29994
14.26966
14.25231
14.21780
14.14706
14.13567
14.07285
14.03103
13.99353
13.96405
13.95021
13.95758
13.84302
14.17800
14.40910
14.48585
14.55675
14.51019
14.48609
14.27850
14.25942
14.30330
14.46808
14.69456
14.82715
14.94877
14.91183
15.01549
15.07403
15.10488
15.00676
14.97751
14.77478
14.60584
14.77940
15.03288
15.25665
15.38568
15.43731
15.01429
14.87847
14.96377
14.80286
14.74659
14.65178
14.61397
14.62262
14.68974
14.64599
14.57869
14.52283
14.60778
14.61145
14.62486
14.67273
14.68260
14.93096
15.29436
15.59639
15.70039
15.59110
15.46125
15.22342
15.17122
15.03571
15.27502
15.50738
15.53365
16.09102
16.25685
16.36537
16.39399
16.23591
16.15126
16.11853
15.74774
15.87546
16.01775
16.43906
16.54407
16.54680
16.57631
16.44586
16.48287
16.46103
16.43397
16.32279
16.23000
16.18425
16.03990
16.04733
15.98103
15.88141
15.81465
15.82908
15.81489
15.81306
15.70200
15.78851
15.70066
15.74769
15.73508
15.70865
15.65984
15.99170
16.08600
15.89684
15.89256
15.80478
15.73993
15.63580
15.60630
15.55745
15.52284
15.49848
15.45433
15.40996
15.35378
15.31166
15.32914
15.14506
14.73613
14.64147
14.72184
14.92699
14.87904
14.88121
14.68937
14.42213
14.59345
14.61046
14.65553
14.65123
14.79192
14.80957
14.79743
14.65251
14.79970
14.67236
14.80108
15.04222
15.46434
15.71154
15.98159
15.92422
15.69791
15.53718
15.75406
15.62699
15.27064
15.30054
15.35963
15.49707
15.48585
15.55902
15.34073
15.48663
15.61260
15.65357
15.67525
15.75858
15.54541
15.41097
15.42085
15.54183
15.44413
15.32998
15.29116
15.29666
15.38240
15.31496
15.32530
15.23593
15.37436
15.53132
15.50708
15.67102
15.49447
15.39191
15.41042
15.37222
15.52090
15.83579
16.03751
15.98702
15.88276
15.77128
15.68478
15.60361
15.54078
15.47875
15.41958
15.37042
15.34588
15.30397
15.26382
15.24145
15.22024
15.19859
15.15712
15.12254
15.07054
15.10972
15.31131
15.35275
15.41470
15.42890
15.40554
15.36655
15.31495
15.26787
15.23795
15.20985
15.17293
15.15471
15.11592
15.09762
15.06541
15.02298
15.00128
14.96486
14.94245
14.90951
14.88749
14.85434
14.83659
14.80654
14.77937
14.75056
14.71847
14.69146
14.66863
14.63753
14.60471
14.58820
14.54824
14.52853
14.50052
14.46688
14.44674
14.41791
14.38380
14.36804
14.33390
14.30821
14.31587
14.31649
14.27977
14.25644
14.21167
14.19393
14.17581
14.15817
14.11860
14.08272
14.05961
14.00542
13.65736
13.63518
13.75583
13.83574
13.95360
14.00694
13.99574
13.96315
13.90525
13.87363
13.84089
13.80600
13.77399
13.74436
13.70632
13.70229
13.66402
13.66747
13.53114
13.27638
13.35326
13.34631
13.27779
13.56311
14.14600
14.69239
14.93836
14.91455
15.17415
15.19943
15.21095
15.16914
15.30895
15.30385
15.22752
15.26065
15.26089
15.23165
15.17705
15.11033
15.05890
14.97084
14.92449
14.89308
15.11653
15.51776
15.71992
15.67529
15.61272
15.48123
15.43824
15.38446
15.22419
15.09752
15.19633
15.63376
15.92039
15.99106
16.31461
16.85221
17.28242
17.52122
17.33688
17.02297
17.27499
17.29496
17.30305
17.35811
17.19274
17.28117
17.43316
17.57064
17.50284
17.56044
17.68923
17.76137
18.14161
18.28423
17.99833
17.88687
17.94179
17.76629
17.54002
17.38106
17.16544
17.05524
16.75860
16.89776
17.20545
17.05049
16.91946
16.92562
16.82547
16.88354
16.98056
16.99730
16.92506
16.90230
16.85104
16.82355
16.69628
16.63487
16.77903
16.80469
16.72122
16.84003
16.77036
16.39985
16.85695
17.42968
17.32010
17.16855
17.23852
17.32558
17.08585
16.90598
16.86128
16.80806
16.34370
16.92335
17.03659
17.22788
17.08066
16.95437
17.08401
17.09430
16.98169
17.04529
17.05625
16.60047
16.93905
17.10407
17.10432
17.05190
16.99564
17.08099
17.29673
17.18378
17.17061
17.26445
17.55570
17.64551
17.62328
17.51218
17.42175
17.32503
17.25861
17.17963
17.14166
17.08506
17.03398
16.98184
16.93852
16.88766
16.84643
16.78878
16.74235
16.69484
16.65585
16.60864
16.57947
16.57017
16.54493
16.54818
16.49622
16.50903
16.46585
16.41063
16.36283
16.32002
16.27792
16.23735
16.19831
16.14815
16.10081
16.06083
16.02094
15.97021
15.95147
15.96198
15.96537
15.94798
15.88811
15.83562
15.78775
15.77485
16.02729
16.35455
16.42446
16.38910
16.30816
16.20152
16.12680
16.05214
15.98778
15.95251
15.90035
15.85363
15.81332
15.78130
15.75322
15.73034
15.69617
15.66879
15.65615
15.60102
15.56451
15.51768
15.49258
15.44808
15.42063
15.37686
15.47683
15.46288
15.49597
15.47077
15.61712
15.76728
15.80977
15.73969
15.68950
15.60760
15.57539
15.49879
15.49776
15.43331
15.48892
15.47057
15.49230
15.40644
15.49704
15.48899
15.53007
15.39734
15.43551
15.43682
15.93651
16.04917
16.16730
15.93835
15.99803
15.77283
15.90280
15.66302
15.85483
15.55040
15.76817
15.28776
15.64889
15.08052
15.74207
