10.51559
9.91174
10.34267
10.02701
10.39253
10.12215
10.33495
10.10848
10.26727
10.07661
10.21594
10.06319
10.16272
10.04881
10.21383
10.17732
10.25947
10.15948
10.20945
10.15025
10.20767
10.13728
10.16053
10.09147
10.10974
10.04828
10.05998
10.00609
10.00980
9.96342
9.96377
9.92489
9.91781
9.87634
9.86793
9.83582
9.83114
9.79893
9.78473
9.75407
9.74031
9.71311
9.69440
9.67057
9.65206
9.62404
9.60349
9.58122
9.56106
9.53688
9.51795
9.49680
9.47680
9.45858
9.43726
9.43432
9.43855
9.42533
9.39924
9.37761
9.35898
9.33679
9.31952
9.29527
9.27486
9.25220
9.23318
9.21290
9.19822
9.18008
9.16213
9.14276
9.12168
9.10397
9.08592
9.06344
9.04303
9.02251
9.00238
8.98107
8.96261
8.94403
8.92879
8.91872
8.91099
8.89339
8.89374
8.96135
9.05689
9.10388
9.09346
9.07350
9.05679
9.04257
9.03146
9.01134
9.00850
9.02815
9.02578
9.01400
8.99653
8.97991
8.96351
8.94719
8.93134
8.91520
8.89598
8.87777
8.86521
8.85100
8.83808
8.82083
8.80527
8.78731
8.76485
8.77405
8.73059
8.71171
8.69090
8.68189
8.67008
8.65117
8.60179
8.59973
8.67430
8.82892
9.08710
9.52855
10.12307
10.83681
11.83225
12.92166
13.97271
15.15962
16.16371
17.12570
17.95130
18.52618
19.29512
20.08934
20.60854
20.93205
20.92456
21.27283
22.10265
22.37194
22.76762
22.88068
23.08059
23.48602
23.90669
24.00080
23.92177
24.28546
23.93609
23.85916
23.84833
23.69434
23.41892
23.46956
23.55585
24.05376
24.78274
24.74017
24.50363
24.66551
25.02541
24.85902
24.75408
25.07534
25.09054
24.95039
24.80164
24.86046
24.97237
25.56096
25.80019
25.72292
25.73708
25.43125
25.07310
24.83041
24.67469
24.48977
24.36303
24.19742
24.09359
24.02223
23.92389
24.26030
24.84861
24.78375
24.55012
24.12909
24.35554
24.67416
24.51107
24.23854
24.20128
24.32972
24.07358
23.94379
24.12114
24.07531
23.87834
24.00948
24.16695
23.86118
23.65752
23.57862
23.59790
23.53425
23.47212
23.49491
23.43823
23.24206
23.02601
23.16159
23.20825
23.18865
23.07608
22.83306
23.17519
23.67915
23.56033
23.36140
23.21749
23.12920
23.12361
23.28785
23.25292
22.99154
22.81274
22.94096
23.44013
23.64007
23.56405
23.38178
23.28062
23.13700
23.22255
23.19771
22.89346
22.75719
22.97628
23.00523
22.86760
22.63004
22.40129
22.32927
22.13630
22.16415
22.08225
22.34501
22.77822
22.69115
22.68953
22.88147
22.74083
22.44777
22.33455
22.27973
22.21359
22.05530
21.96242
21.96864
21.96947
21.86738
21.78776
21.87922
22.53254
22.85947
22.72394
22.42309
22.46852
22.85905
22.71732
22.57265
22.37100
22.15369
22.36975
22.83139
22.88960
22.73768
22.36385
22.18140
22.22967
22.27586
22.28040
22.27060
22.07662
21.94212
21.78511
21.66705
21.62720
21.46966
21.33549
21.30953
21.22883
21.13407
21.11098
20.99635
20.94726
20.87150
20.83339
20.94789
20.90430
20.82062
20.69032
20.62397
20.65271
21.32269
21.87717
22.14149
22.64820
22.92531
23.42278
23.50374
23.21976
23.44645
23.64729
23.62995
23.51322
23.45354
23.37307
23.48902
23.74734
23.91841
24.10467
24.17224
24.25037
24.15085
24.21435
23.90331
23.66197
23.95482
24.10064
23.72502
23.41628
23.20986
23.05070
22.90534
23.23679
23.32519
23.24025
23.29379
23.38066
23.25754
23.09272
22.89055
22.78961
22.70674
22.83983
22.83266
22.68037
22.63833
22.78893
23.09699
23.19340
23.09809
22.88181
22.64573
22.71969
22.81449
22.76970
22.69442
22.68200
22.78209
22.77613
22.92755
23.07584
23.01657
23.06728
23.19263
23.18112
23.03033
22.85902
22.67518
22.65964
23.01447
23.21836
23.01552
22.97568
22.96915
22.76236
22.97247
23.36105
23.19108
22.95028
22.75049
22.74953
22.73746
22.76801
22.44660
22.45043
22.67878
22.87502
22.72709
22.40172
22.40834
22.45388
22.23918
22.05346
21.94466
22.40414
23.04230
23.39142
23.51992
23.75235
23.97194
23.72174
23.54531
23.59133
23.59239
23.41701
23.17916
23.08138
23.02108
22.81567
22.93528
23.10918
22.96219
22.76411
22.79723
22.74135
22.61573
22.47390
22.41617
22.36216
22.77612
23.33317
23.92228
24.07989
24.36714
24.64353
24.52236
24.73554
24.50705
24.62053
24.81335
24.57676
24.27107
24.44125
24.40507
24.13929
23.84782
23.80379
23.70475
23.61179
23.54481
23.78358
23.97782
23.78719
23.69711
24.05581
24.21792
24.06068
24.63928
25.33395
25.45281
25.40499
25.15055
24.93526
24.61344
24.30073
24.16838
24.00229
24.04715
24.57185
24.69489
24.47097
24.18717
24.03837
23.94795
23.84244
23.71689
23.75890
23.74220
23.64205
23.49523
23.67744
23.75256
23.66500
23.60148
23.61831
23.54254
24.03914
24.54863
24.76178
24.92516
25.06078
25.02112
24.75286
24.51328
24.33540
24.38594
24.37211
24.25033
24.13704
24.24177
24.45888
24.63635
24.52352
24.27590
24.20720
24.46742
24.53249
24.31283
24.15293
24.23050
24.37246
24.25339
24.17598
24.43213
24.56721
24.57977
24.55387
24.86165
24.75587
24.69584
24.66030
24.52877
24.43340
24.34009
24.18764
24.11019
24.01361
23.98347
23.86169
23.80182
23.91469
24.32023
24.39756
24.18738
24.07259
24.03310
24.34849
24.45402
24.33476
24.04434
23.84053
23.70593
23.57575
23.69293
23.69028
23.97275
24.22448
24.22708
24.18106
24.36466
24.75126
24.96579
24.93204
24.66200
24.40226
24.25309
24.12731
23.99506
23.91212
23.85435
23.79010
23.75203
23.78783
23.77155
23.86389
24.09125
24.07123
23.90680
23.82683
23.77258
23.85925
23.75472
23.74629
23.99673
24.17283
24.00551
23.89751
23.88293
23.99124
24.01092
23.86487
23.78850
23.70557
23.70230
23.69902
23.84867
24.34823
24.58879
24.43582
24.63338
24.99794
25.47315
26.06994
26.23117
25.89293
25.92003
26.35836
26.20441
26.38679
26.39173
26.43363
26.34786
25.94602
25.50841
25.38896
25.14072
24.97483
24.80331
24.55756
24.65886
25.06881
25.11070
24.94860
24.84142
25.05365
25.01964
24.91603
24.92135
25.11135
25.23943
25.25354
25.25117
25.21304
25.45570
25.59113
25.50150
25.27336
25.23208
25.32591
25.27675
25.25401
25.16802
25.07765
24.99386
25.27490
25.29592
25.73007
26.10951
26.08445
25.77324
25.54309
25.36685
25.28568
25.56922
25.99853
26.65366
26.69825
26.50007
26.74121
27.01673
26.81000
26.39091
26.14493
26.14346
26.24289
26.27631
26.04514
25.90575
25.90811
25.81792
25.67824
25.50974
25.64641
25.76304
25.63112
25.49398
25.33031
25.33449
25.31037
25.31194
25.23492
25.30358
26.00654
26.34731
26.20726
25.89760
25.68849
25.50451
25.41909
25.40581
25.32022
25.28872
25.22628
25.37067
25.55658
25.61210
26.24926
26.32490
26.15863
25.73640
25.81574
26.19846
25.93164
25.84614
25.78711
26.05484
26.69476
26.55917
25.99479
25.80331
25.82477
25.58518
25.45560
25.33568
25.45773
25.61906
25.52375
25.19568
25.14025
25.18146
25.26774
25.36592
25.61252
26.03781
26.20456
26.18689
25.94646
25.73173
25.59323
25.49052
25.43905
25.36631
25.49457
25.77121
25.70342
25.81211
26.24130
25.99886
26.04782
25.99927
26.07873
26.22311
26.01126
25.66888
25.71367
25.96705
25.86656
25.62873
25.57579
25.51035
25.56822
25.43837
25.47311
25.34716
25.36718
25.19292
25.25719
25.08198
25.18835
25.00218
25.13856
24.95299
25.18844
24.90471
25.09397
24.78682
25.02599
24.61846
24.96119
24.42743
25.04584
24.39196
25.12659
24.13829
25.35986
