17.19038
16.28218
16.97903
16.40486
17.08856
16.72831
17.07354
16.71157
16.95124
16.61718
16.78257
16.51945
16.65927
16.44553
16.57682
16.42864
16.67548
16.67503
16.81348
16.74679
16.85254
16.73562
16.77165
16.66231
16.68979
16.60426
16.64379
16.61465
16.70547
16.67372
16.72519
16.73127
17.04192
17.31519
17.43980
17.48359
17.55649
17.52666
17.44128
17.33489
17.21661
17.09192
17.00087
16.92836
16.87406
16.85616
16.91631
16.99844
17.02751
17.01441
16.97258
16.93991
16.91572
16.90663
16.88180
16.93645
17.11693
17.18518
17.17691
17.13498
17.08756
17.05865
17.06662
17.05519
17.02772
16.99006
16.95687
16.92072
16.88914
16.85985
16.82963
16.85631
17.07961
17.22242
17.24006
17.22484
17.17095
17.10125
17.03331
16.98084
16.94650
16.92077
16.89352
16.87468
16.86381
16.92010
16.97037
16.98779
16.98758
16.98324
16.98953
16.98803
16.97066
16.95072
16.93295
16.92155
16.91077
16.90872
16.91283
16.95874
17.00910
17.01719
17.01226
17.00451
16.99382
16.97743
16.96206
16.94966
16.94935
16.99959
17.05867
17.07334
17.07494
17.06960
17.06004
17.05062
17.03235
17.02369
17.01761
17.01015
17.00233
17.02137
17.08101
17.11176
17.11328
17.10235
17.08315
17.06866
17.05253
17.03672
17.01515
16.99685
16.98660
16.97927
16.96782
16.95590
16.94474
16.94800
16.96264
16.97875
16.98251
16.99590
17.01106
17.05490
17.07626
17.07591
17.10060
17.16851
17.19616
17.19815
17.18670
17.19429
17.18348
17.17684
17.14877
17.14375
17.12176
17.13694
17.10705
17.64312
18.38722
18.67737
18.81858
19.02641
19.38591
19.65534
19.87601
20.03241
20.03792
19.90184
19.79267
19.68048
19.59868
20.03541
20.50509
20.59165
20.65379
20.65122
20.70393
20.80366
20.81991
20.66583
20.78302
21.16190
21.15820
21.07336
20.98420
20.85233
20.74948
20.84299
21.02152
21.19612
21.17920
21.07288
20.95049
20.93141
20.87445
20.76705
20.87161
20.92479
20.79417
20.71243
20.69539
21.02157
21.10556
20.96581
20.77337
20.60902
20.49255
20.37127
20.25776
20.25037
20.31636
20.28111
20.23887
20.21943
20.24456
20.36964
20.46029
20.41414
20.34000
20.23369
20.16244
20.11652
20.07348
20.02262
19.97666
19.92474
19.87221
19.82979
19.79253
19.75342
19.80141
19.94949
20.20755
20.33925
20.31352
20.29378
20.28936
20.21726
20.14124
20.04783
19.96602
19.87828
19.89901
20.07602
20.13731
20.12185
20.07675
20.00285
19.93158
19.87589
20.03000
20.14771
20.17895
20.26344
20.35500
20.39973
20.32863
20.26489
20.18551
20.10877
19.98549
19.97361
20.17133
20.27710
20.24828
20.13698
20.05452
20.07178
20.11620
20.10870
20.15867
20.08912
20.06754
20.08043
20.03642
20.02897
19.92708
19.88357
19.90499
19.91279
19.91103
19.89836
19.89351
19.88536
19.86969
19.86383
19.86576
19.86296
19.87140
20.07881
20.34153
20.40087
20.39745
20.35777
20.34229
20.37628
20.41517
20.43597
20.40453
20.33540
20.26683
20.21578
20.16733
20.12579
20.08456
20.04444
20.04046
20.01337
20.03501
20.08671
20.13577
20.14939
20.12334
20.08610
20.05243
20.01791
19.97409
19.92468
19.93695
19.92535
19.93941
19.90441
19.92386
19.88311
19.95625
19.70971
19.44729
19.57352
19.56500
19.77385
19.95185
19.89852
19.97540
20.02622
20.02720
19.94888
19.97727
19.97054
19.94922
20.04395
20.15880
20.15956
20.14334
20.11414
20.03728
19.96857
19.94804
19.84581
19.72193
19.63017
19.55711
19.56534
19.60682
19.64979
19.66105
19.65478
19.66567
19.64655
19.62769
19.62639
19.60764
19.62770
19.61944
19.63846
19.59931
19.55112
19.51478
19.50885
19.49097
19.46590
19.43494
19.42186
19.41898
19.42754
19.40609
19.42969
19.46523
19.46364
19.44288
19.42152
19.40021
19.36826
19.33098
19.29982
19.25392
19.29038
19.28303
19.19431
19.27356
19.20835
19.22660
19.32798
19.29748
19.26514
19.23789
19.20721
19.18415
19.15811
19.21879
19.23147
19.18335
19.17942
19.18932
19.13615
19.10878
19.11898
19.14150
19.21054
19.25241
19.29340
19.30263
19.28292
19.26745
19.27506
19.33109
19.32005
19.30836
19.29817
19.27216
19.23735
19.21743
19.21396
19.25324
19.22231
19.25142
19.20482
19.28882
18.55630
17.55249
17.64806
17.34545
18.17137
18.73297
18.61291
18.67853
18.65183
18.64876
18.62309
18.63267
18.62116
18.60957
18.59413
18.58459
18.58012
18.59483
18.61730
18.59857
18.66624
18.67774
18.65080
18.58666
18.61624
18.65929
18.65287
18.66908
18.65973
18.65468
18.63671
18.62531
18.61357
18.60831
18.60982
18.65524
18.69808
18.73252
18.72473
18.71385
18.70004
18.68273
18.66422
18.63663
18.64847
18.64013
18.63661
18.63165
18.60925
18.59589
18.58469
18.55886
18.55011
18.55615
18.54849
18.52972
18.52589
18.50221
18.48522
18.47820
18.48388
18.48132
18.47698
18.46477
18.45815
18.46561
18.46555
18.46088
18.50934
18.58779
18.61463
18.60919
18.57967
18.55191
18.52480
18.50232
18.54323
18.65325
18.69009
18.70026
18.67920
18.63862
18.59946
18.57893
18.54309
18.54977
18.58108
18.59460
18.59049
18.56915
18.55723
18.55866
18.55975
18.52989
18.54220
18.58825
18.59026
18.56465
18.55185
18.53390
18.50806
18.48794
18.47184
18.45626
18.44448
18.42941
18.41634
18.39763
18.40573
18.41414
18.40661
18.40699
18.39838
18.39759
18.39174
18.38207
18.36918
18.35622
18.34737
18.33186
18.31748
18.29876
18.28324
18.26766
18.25423
18.24345
18.23163
18.21575
18.19782
18.18397
18.16811
18.15081
18.14062
18.13065
18.12221
18.11392
18.09816
18.08333
18.06617
18.08732
18.08876
18.08142
18.06868
18.06010
18.04421
18.07705
18.11093
18.13517
18.16276
18.17451
18.17672
18.14892
18.13566
18.30075
18.63650
18.87004
18.94188
18.90412
18.84133
18.75255
18.65750
18.55832
18.48690
18.43095
18.38427
18.34221
18.30817
18.28398
18.27002
18.24942
18.23482
18.27117
18.32078
18.35462
18.39937
18.40147
18.37501
18.32730
18.30022
18.28610
18.27020
18.25657
18.23594
18.24431
18.36419
18.46675
18.50032
18.52209
18.51158
18.49334
18.46861
18.42862
18.41495
18.40734
18.38780
18.35684
18.31722
18.27899
18.25744
18.23193
18.25828
18.40901
18.46951
18.57410
18.63599
18.61520
18.63503
18.64969
18.62762
18.58915
18.55321
18.54345
18.57322
18.58197
18.66408
18.68163
18.66643
18.64073
18.60276
18.59417
18.57008
18.53294
18.52287
18.47583
18.42942
18.41764
18.39887
18.38359
18.35861
18.34497
18.33093
18.32538
18.31623
18.34112
18.32511
18.30012
18.31879
18.34234
18.34659
18.34312
18.33603
18.33072
18.35716
18.35416
18.40558
18.52286
18.59111
18.59632
18.58057
18.55051
18.58234
18.81560
18.97767
19.02342
19.01174
18.97028
18.88126
18.82512
18.78014
18.72457
18.68083
18.65860
18.65093
18.62860
18.69352
18.82755
18.86094
18.85157
18.85177
18.81640
18.75716
18.71681
18.71040
18.64252
18.66091
18.64966
18.60946
18.61738
18.54100
18.52578
18.51279
18.57297
18.58253
18.53142
18.52822
18.48276
18.49940
18.52357
18.57905
18.72493
18.76912
18.85909
18.87386
18.89241
18.83584
18.81562
18.82882
18.82877
18.83321
18.84566
18.84401
18.85123
18.82797
18.83088
18.84207
18.84620
18.87154
18.86882
18.87118
18.87250
18.87133
18.85784
18.76913
18.81013
19.03569
19.18071
19.19391
19.19100
19.15907
19.11077
19.04798
19.00266
18.92233
18.89628
18.85835
18.85712
18.87161
18.84881
18.82083
18.80613
18.79247
18.77968
18.75845
18.75636
18.67201
18.64180
18.65082
18.65967
18.67486
18.67230
18.66843
18.69577
18.70376
19.11996
20.02286
20.46501
20.58574
20.56742
20.53982
20.40913
20.27241
20.12934
19.98299
20.06014
20.50070
20.76482
20.90366
20.90517
20.86873
20.77288
20.65379
20.58677
20.75722
20.87201
20.84975
20.82419
20.78043
20.81243
20.86809
20.83774
20.77675
20.70207
20.60970
20.52527
20.49600
20.70863
20.98965
21.10822
21.11263
21.10268
21.04511
20.95174
20.85613
20.75567
20.67422
20.60075
20.53822
20.48859
20.45444
20.42327
20.38995
20.37940
20.46817
20.56448
20.57612
20.55707
20.51748
20.46811
20.41604
20.41149
20.50825
20.75543
20.97513
21.03011
20.99880
20.91572
20.81345
20.71634
20.68444
20.67052
20.62984
20.57387
20.51911
20.47214
20.46862
20.45434
20.43792
20.42907
20.41752
20.38926
20.38191
20.35658
20.35527
20.32981
20.31353
20.30054
20.35721
20.53319
20.60026
20.61855
20.60948
20.57078
20.51894
20.47181
20.42882
20.39866
20.36519
20.33334
20.30566
20.28260
20.25803
20.24424
20.22715
20.21414
20.19922
20.19081
20.18837
20.25795
20.35630
20.38621
20.38314
20.36857
20.34452
20.30901
20.28104
20.26102
20.25131
20.23662
20.21732
20.20452
20.20323
20.19825
20.18888
20.17851
20.17000
20.16718
20.16489
20.15951
20.14502
20.13503
20.13540
20.13142
20.12585
20.11502
20.10231
20.10258
20.10199
20.10183
20.09354
20.08241
20.07971
20.07686
20.06669
20.06469
20.06476
20.05797
20.04888
20.04982
20.03892
20.03153
20.03023
20.02672
20.01535
20.00882
20.00849
20.00793
20.00346
19.99717
19.99397
19.98487
19.97885
19.97509
19.97066
19.96646
19.95607
19.95331
19.96062
19.96027
19.94173
19.93796
19.95971
20.01137
20.05043
20.05799
20.05536
20.04393
20.02813
20.01068
19.99531
19.98284
19.96889
19.95660
19.94628
19.93866
19.92958
19.92304
19.91009
19.89781
19.88809
19.87947
19.86980
19.85903
19.85173
19.84323
19.83269
19.82519
19.81555
19.80841
19.79841
19.79373
19.78509
19.78142
19.76684
19.76487
19.74400
19.74339
19.75826
19.84523
19.90319
19.93247
19.92481
19.91735
19.94131
19.92228
19.96245
19.98858
19.98264
19.96059
19.93871
19.91360
19.88029
19.85757
19.83672
19.81678
19.79853
19.77888
19.76651
19.75021
19.73814
19.72079
19.72241
19.75719
19.78183
19.78405
19.77672
19.76260
19.75220
19.73652
19.71329
19.69903
19.69724
19.72807
19.72393
19.76546
19.88350
20.21769
20.38251
20.44839
20.41760
20.39492
20.32940
20.30655
20.60157
21.28681
21.50525
21.71468
21.78674
21.75913
21.52673
21.41027
21.35721
21.77356
21.93512
22.07933
21.89644
21.86889
21.56679
21.55132
21.26346
21.32967
21.06877
21.30226
21.13872
21.38567
21.08003
21.33024
20.93905
21.30583
20.87681
21.35698
20.76557
21.46702
20.53816
