8.11317
7.66790
8.03620
7.87240
8.12705
7.86093
8.00779
7.83684
7.99574
7.90330
7.99003
7.85698
7.92489
7.83395
7.91448
7.83627
7.89492
7.83186
7.87001
7.80975
7.84916
7.84123
7.89569
7.84695
7.86178
7.82193
7.83362
7.79943
7.83226
7.80701
7.80763
7.78161
7.78809
7.76319
7.77442
7.79112
7.79529
7.77213
7.77407
7.75932
7.74791
7.73322
7.74216
7.73222
7.72544
7.73825
7.76575
7.74870
7.74779
7.73401
7.71975
7.71096
7.69625
7.69514
7.71414
7.69751
7.67699
7.66442
7.65409
7.65385
7.64676
7.63150
7.62259
7.61384
7.64315
7.68222
7.67040
7.64338
7.63106
7.62818
7.62096
7.61160
7.60030
7.58811
7.59166
7.60096
7.59290
7.58825
7.57530
7.57626
7.57224
7.56248
7.55158
7.56105
7.56936
7.55115
7.54214
7.53170
7.53222
7.55098
7.55809
7.54955
7.53448
7.52654
7.52422
7.51671
7.51146
7.50433
7.51594
7.51874
7.51235
7.51401
7.50595
7.50125
7.49332
7.49435
7.51474
7.51964
7.51178
7.53023
7.54099
7.54129
7.53652
7.52569
7.51401
7.50167
7.49046
7.47658
7.47458
7.47319
7.46348
7.45412
7.45086
7.43975
7.43670
7.42824
7.45124
7.47389
7.49473
7.66083
7.81553
7.88333
8.05477
8.00985
8.04493
8.06181
8.02292
8.02142
8.08262
8.08152
8.03520
8.01262
8.03430
8.02244
8.12471
8.19590
8.45414
8.62985
8.75264
8.90706
9.03139
9.07885
8.96274
8.98159
9.33591
9.44479
9.43770
9.34022
9.26528
9.23648
9.27910
9.37906
9.44077
9.48684
9.45517
9.43528
9.32670
9.26967
9.30402
9.55104
9.59520
9.49744
9.44830
9.73698
9.73547
9.78728
9.78091
9.68548
9.75010
9.69168
9.71948
9.73715
9.64819
9.59040
9.53252
9.50319
9.50311
9.50068
9.45037
9.42874
9.42411
9.37987
9.34250
9.29559
9.27921
9.25629
9.26753
9.39169
9.32726
9.22381
9.18556
9.12656
9.16040
9.13168
9.15932
9.19430
9.18596
9.28873
9.28994
9.17378
9.21363
9.19573
9.15881
9.13862
9.10163
9.06915
9.05739
9.07966
9.08041
9.06996
9.04958
9.11864
9.12068
9.11848
9.10807
9.07260
9.02710
9.02405
8.97914
9.04488
9.18111
9.30617
9.44029
9.36058
9.27210
9.22623
9.20875
9.18140
9.14695
9.10345
9.15181
9.19332
9.12858
9.10125
9.07817
9.10860
9.15279
9.18613
9.24385
9.37738
9.58280
9.68034
9.77131
9.64267
9.51878
9.45227
9.43887
9.57000
9.59183
9.49914
9.43688
9.40573
9.41246
9.36359
9.33182
9.39960
9.55078
9.56318
9.62507
9.48410
9.44872
9.62357
9.84687
9.90166
9.73303
9.63565
9.61530
9.64065
9.59946
9.55579
9.52843
9.48900
9.47334
9.51700
9.48096
9.53370
9.64459
9.59293
9.53169
9.54128
9.56183
9.72028
9.71726
9.63330
9.58762
9.53867
9.49874
9.44789
9.44146
9.39770
9.38818
9.38328
9.34993
9.33257
9.32899
9.29902
9.29070
9.26884
9.22146
9.21204
9.35457
9.46952
9.45616
9.39168
9.44058
9.56554
9.62562
9.52100
9.44452
9.38590
9.32852
9.33702
9.31192
9.33354
9.35879
9.33521
9.32860
9.30581
9.30239
9.28313
9.28446
9.26568
9.22276
9.24818
9.20454
9.16187
9.13373
9.18926
9.25243
9.24617
9.24216
9.25475
9.24352
9.25821
9.22626
9.30546
9.52832
9.61401
9.58824
9.51757
9.47042
9.46048
9.52688
9.53439
9.60767
9.55995
9.50170
9.47620
9.45692
9.45554
9.44241
9.42317
9.41392
9.39785
9.38204
9.38578
9.37039
9.34879
9.34399
9.32716
9.30956
9.43602
9.67157
9.67391
9.66651
9.73489
9.75850
9.72852
9.69091
9.70789
9.68364
9.64771
9.63648
9.62381
9.64219
9.69660
9.70680
9.66876
9.63293
9.60696
9.62029
9.78399
9.83036
9.76591
9.72490
9.68212
9.67419
9.68681
9.67375
9.65386
9.68093
9.67833
9.62431
9.60558
9.62550
9.63814
9.71693
9.76420
9.68064
9.65134
9.62976
9.68697
9.69158
9.67459
9.65037
9.60972
9.59407
9.57963
9.56141
9.56380
9.55766
9.54633
9.57457
9.58251
9.52197
9.56052
9.55484
9.53482
9.52662
9.62580
9.63974
9.66889
9.66082
9.62215
9.62047
9.78381
9.80004
9.69626
9.68013
9.67224
9.67966
9.68629
9.65138
9.61665
9.60315
9.58479
9.55591
9.66512
9.83875
9.96613
9.88949
9.80722
10.00705
10.05705
9.95590
9.90804
9.86716
9.98630
10.12544
10.16815
10.09955
10.07358
10.08199
10.35379
10.44292
10.34534
10.27979
10.24614
10.20804
10.13380
10.11156
10.09583
10.08821
10.08862
10.06533
10.04075
10.00686
10.00429
9.96596
9.94652
9.91777
9.94646
10.09816
10.03753
9.97573
9.93835
9.94629
9.90215
9.86402
9.81568
9.99810
10.15296
10.16562
10.24537
10.32688
10.27324
10.17160
10.13289
10.10206
10.08694
10.07584
10.03881
10.00564
9.99297
9.95065
9.92184
9.90018
9.86996
9.87850
9.95521
10.05999
10.10182
10.08238
10.17785
10.13686
10.05618
10.03234
10.18050
10.42782
10.42560
10.30012
10.24749
10.17260
10.15022
10.12122
10.07931
10.05032
10.04529
10.02466
9.99235
9.97790
9.97099
9.96513
9.94020
9.91083
9.86949
9.85416
9.87302
9.89613
9.86136
9.83449
9.82816
9.80189
9.78134
9.79325
9.77842
9.76995
9.75144
9.72610
9.70674
9.71770
9.73571
9.73490
9.77797
9.88953
9.83128
9.78386
9.78968
9.77608
9.75929
9.72760
9.70033
9.72822
9.74114
9.72591
9.70958
9.70201
9.80473
10.01043
10.12248
10.12672
10.15617
10.17115
10.08147
10.05199
10.12840
10.41669
10.45881
10.40511
10.34587
10.28477
10.33119
10.42127
10.59583
10.69316
10.64452
10.62255
10.49410
10.41341
10.36278
10.34183
10.28619
10.27202
10.25161
10.23139
10.19956
10.17808
10.17382
10.42883
10.51327
10.38540
10.29608
10.25272
10.22316
10.21222
10.18300
10.14992
10.11000
10.08205
10.02671
10.01866
9.97238
10.10264
10.35496
10.43053
10.41463
10.29838
10.26416
10.20203
10.18228
10.12538
10.11242
10.06600
10.03737
10.00728
9.98948
9.96241
9.94541
9.93529
9.92942
10.08546
10.17019
10.39822
10.49749
10.38992
10.33719
10.23917
10.37258
10.45381
10.34446
10.32532
10.23445
10.19895
10.15980
10.12365
10.09782
10.07568
10.02842
10.05322
10.04054
10.12320
10.11756
10.07216
10.14575
10.16533
10.08444
10.08984
10.10713
10.05645
10.08555
10.08673
10.07838
10.02250
10.05769
10.27492
10.46289
10.57214
10.48810
10.36803
10.31366
10.25685
10.26605
10.28351
10.29820
10.32329
10.46080
10.54841
10.62061
10.57808
10.44174
10.39780
10.33576
10.37740
10.68925
10.79301
10.74820
10.61306
10.55385
10.52005
10.45761
10.39875
10.38095
10.37436
10.34921
10.30129
10.30668
10.34515
10.33528
10.38440
10.36778
10.31019
10.29954
10.24398
10.24001
10.20972
10.31320
10.37534
10.53397
10.64518
10.70994
10.58480
10.53890
10.45818
10.44870
10.36477
10.38945
10.30731
10.33664
10.23016
10.29487
10.18731
10.28233
10.17419
10.29774
10.12114
10.24997
10.04483
10.27316
10.05151
10.48299
10.24001
