19.90516
18.94009
19.67388
19.37887
20.26681
19.78786
20.09335
19.54659
19.73530
19.54732
19.93482
19.50890
19.78223
19.33654
19.37300
19.34484
19.51778
19.63148
19.77476
19.60748
19.55174
19.25546
19.54295
19.25462
18.79129
18.91073
19.01845
19.11931
19.10029
19.09877
19.45893
19.58607
19.75232
19.95998
20.10550
19.79176
19.47665
19.31569
19.22639
19.16272
19.09311
19.06357
19.03794
19.02203
18.97418
18.87735
18.90207
18.32374
18.21000
18.09131
17.90827
18.05736
18.11719
17.98772
17.84938
17.78891
17.70561
17.72269
17.61318
17.81130
17.69424
17.43902
17.64505
18.59080
19.78592
19.88340
19.67419
19.91382
20.22513
20.08883
19.94049
19.84069
19.76528
19.63636
19.54944
19.47774
19.43668
19.41316
19.40762
19.45211
19.44523
19.52562
19.60124
19.49200
19.39242
19.35846
19.33517
19.29738
19.30754
19.28622
19.30158
19.27466
19.19777
19.12533
19.09397
19.05766
19.07494
19.03301
19.02830
18.75108
17.50265
18.06215
18.74485
19.34231
19.63895
19.45675
19.30512
19.20429
19.23492
19.15713
19.08509
18.99104
18.98163
19.18216
19.28255
19.15615
19.03669
18.92220
18.93653
19.35739
19.84407
19.81156
19.58115
19.38139
19.30384
19.41436
19.65909
19.54633
19.59496
19.43100
19.52163
19.33153
19.98839
19.37076
19.03130
20.53837
20.47922
20.29151
20.50025
20.30239
20.88775
21.05010
20.90636
21.20944
21.33414
20.75607
20.31744
21.18332
21.65422
21.73887
21.72390
21.63781
21.30745
20.99698
21.05563
21.05233
21.12946
21.20692
21.14224
21.16257
21.23533
21.28579
21.14581
20.95625
20.76025
20.78996
20.80701
20.88575
21.01505
21.04887
21.22762
21.46767
21.41818
21.51911
21.52389
21.47417
21.65059
22.37219
22.29701
21.58674
21.63318
21.84134
21.84147
21.70192
21.73641
21.99025
22.00800
21.77040
22.03949
22.17685
22.09084
22.16147
21.82297
21.98426
21.81551
21.77225
22.21227
22.20569
22.26888
22.48961
22.29769
22.01384
21.91095
21.93414
22.09487
21.80274
22.09633
22.38956
21.96240
22.14538
22.19103
22.24278
22.41835
22.28541
22.04922
22.20710
22.23683
22.30457
22.32810
22.50331
22.29615
22.53469
21.84493
19.85889
20.23140
20.35394
20.00949
19.79970
19.78352
19.89858
19.93447
19.86784
19.96005
19.70854
19.58437
19.61876
19.70060
19.50169
19.81469
20.11963
20.25865
20.31208
20.17677
19.96764
19.93295
20.07120
19.75502
19.82118
19.72856
19.82399
19.87851
19.88574
19.47869
20.31528
21.14946
21.30791
20.23339
20.40666
20.95773
20.48725
20.18694
20.08021
19.88649
20.12944
20.26591
20.09088
20.18714
20.18451
20.28265
20.54699
20.53847
20.53049
20.60756
20.55920
20.26924
20.48925
20.72706
20.74804
20.65161
20.42516
20.36294
20.26591
20.12323
20.33973
20.44995
20.47423
20.49282
20.58325
20.40480
20.29265
20.10021
20.07324
20.10148
19.99624
20.06244
20.29495
20.25405
20.23832
20.08191
20.28081
20.31975
20.40481
20.43567
20.47558
20.58724
20.55185
20.54558
20.66235
20.45856
20.11672
19.94754
20.19579
20.31085
20.24475
20.46291
20.37576
20.45860
20.40725
20.69402
20.64341
20.69063
20.63164
20.62662
20.50317
20.70130
21.01613
20.86924
20.66183
21.02498
21.04731
20.87506
20.74108
20.52437
20.67605
20.83508
20.50547
20.32723
20.27058
20.49032
20.59816
20.77562
20.89007
20.87294
20.96479
20.97833
21.14666
21.03830
20.89741
20.85065
20.68941
20.44421
20.55255
21.16463
21.29586
21.19847
20.97701
20.63102
20.50459
20.80219
20.77162
20.48776
20.51582
20.73133
20.78921
20.87560
20.97178
20.76273
20.86165
21.55407
21.90969
22.14108
22.27658
22.17759
21.82746
21.55625
20.73310
20.79451
20.89779
21.10243
21.01505
21.06948
20.99131
20.82062
20.73917
20.78162
20.67477
21.04360
21.05047
21.22443
21.22173
21.52452
22.19824
22.30264
22.39214
22.24075
21.91839
22.23118
22.79718
22.05875
22.35078
22.97875
22.67683
22.35697
22.35545
22.56543
22.46825
22.58984
22.58202
22.24992
22.28308
22.17152
22.34333
22.60802
22.84135
23.12203
23.50379
23.31867
23.12627
23.08863
22.90387
22.56747
22.48702
22.79556
23.27069
23.50287
23.34544
23.21422
23.25791
23.09857
22.77783
23.15416
23.49404
23.98929
24.04135
23.75680
23.13616
23.34880
23.86534
23.46241
23.54018
23.79000
24.17428
23.44780
23.70843
23.61783
24.04106
22.67732
21.70290
22.82314
22.24955
23.17648
22.49971
22.86938
23.31705
23.32093
23.32370
23.94207
23.43002
23.39680
22.65032
21.09635
21.43200
21.24723
21.38086
21.61553
21.92936
21.77473
21.71835
21.20348
21.47661
21.45656
20.82919
21.07122
21.08629
20.95034
21.23784
21.48270
21.37388
21.04394
21.06354
21.21665
21.19159
21.12907
21.11400
21.13428
21.18782
21.27886
21.59959
21.58931
21.56936
21.28795
21.03291
21.22075
21.19302
21.27748
21.37562
21.60022
21.29392
21.35179
21.46108
21.45553
21.43045
21.34147
21.29156
21.38029
21.31986
21.18941
21.37789
21.47375
21.31194
21.13704
21.10063
20.97832
21.03601
20.97068
21.23927
21.02231
20.89494
21.04038
21.62664
21.64974
21.06136
21.38376
21.44441
21.40420
21.27858
21.47787
21.29080
21.36734
21.27134
21.24730
21.29091
21.27237
21.92392
22.83785
22.11942
21.05817
21.24247
21.09452
20.94397
20.89301
20.78273
20.86639
20.86455
20.94188
21.13681
21.20478
21.19143
21.02416
20.82944
20.93214
21.00975
21.24552
21.34562
20.84159
20.58280
20.56661
20.56368
20.78816
20.90164
21.01018
20.73770
21.08715
21.25696
21.33943
21.74351
21.90484
21.70691
21.64649
21.73084
21.54195
21.27569
21.31053
21.45323
21.44298
21.41127
21.67467
21.79985
21.63396
21.45059
21.12517
21.04566
21.24947
21.28012
21.22744
21.30766
21.32008
21.19194
21.49821
21.70345
21.40517
21.12866
20.94619
20.98368
21.29131
21.27861
21.35190
21.43940
21.74992
21.50008
21.24824
21.10561
21.04303
21.06159
21.04231
20.98470
20.76043
20.54135
20.75711
21.05541
21.27466
21.69676
21.63894
21.37648
21.17882
21.54492
21.48008
21.70037
21.86233
21.60753
21.64120
21.76353
21.91481
21.88723
21.64090
21.88815
21.86612
21.96346
21.76904
21.58017
21.75620
21.95503
21.81498
21.85347
21.91698
21.94569
21.98790
22.05339
22.27728
22.42220
21.92549
21.97291
22.28529
22.49689
22.31805
22.00945
21.94240
22.23309
22.33270
22.31428
22.17434
22.00237
21.87745
21.94252
21.94126
21.98260
22.07610
22.25108
22.46300
22.46474
22.39002
22.68068
22.58639
22.75630
23.98664
24.34304
24.71516
24.87265
24.80380
24.87683
24.99923
25.18124
25.48490
25.47172
25.33140
25.32109
25.43224
25.52476
25.48363
25.56902
25.52782
25.54524
25.50025
25.14386
24.88280
24.91753
25.31004
25.38857
23.54821
23.37899
24.17883
24.95776
25.12748
25.37969
25.74366
25.52222
25.56389
23.07016
21.86165
22.39706
24.30627
24.95274
24.66163
24.70368
24.12489
24.83217
24.70665
24.58028
24.90914
25.02832
25.78082
24.50650
22.50995
22.85130
23.20360
24.26336
24.26515
24.77203
24.77845
24.48984
24.56325
24.45915
24.00837
24.16166
23.86936
24.00938
24.34632
24.49093
24.35243
25.00948
24.95065
25.19614
25.24021
25.47312
24.78847
24.87098
24.68999
24.53567
24.68812
24.92531
24.69571
24.88575
24.63553
24.51367
24.62909
24.62553
24.22343
24.30417
24.58661
24.38403
24.29215
24.69458
24.98907
24.76939
25.02055
24.69390
24.65922
24.58790
24.34245
24.35331
24.48379
24.73619
24.84725
24.54654
24.59953
25.02333
24.97679
24.62206
24.50072
24.31834
24.27228
24.42676
24.32753
24.76167
24.84467
24.84644
24.81469
24.80116
24.78896
24.99442
25.03388
24.87121
24.76968
24.71564
24.67638
24.65534
24.61368
24.62814
24.62948
24.56396
24.50377
24.46116
24.43987
24.39619
24.36541
24.33715
24.31191
24.28738
24.24319
24.51136
24.80203
24.86465
24.86527
24.93170
25.18885
25.20656
25.19812
25.10486
25.00957
24.91223
24.82464
24.88383
24.95081
25.02115
24.99682
24.93056
25.12780
25.05170
24.91066
24.96770
25.01629
24.89827
24.86885
24.79997
24.78758
24.82754
24.77279
24.71797
24.69651
24.62660
24.56879
24.51548
24.48352
24.43439
24.40359
24.35612
24.34180
24.29782
24.28766
24.35775
24.51047
24.59205
24.60983
24.61717
24.58838
24.78702
24.88067
24.95827
25.10174
25.04466
25.19348
24.87868
24.91913
24.75170
24.85458
24.65223
24.74916
24.60422
24.95835
24.66719
24.89190
24.61458
24.78871
24.44987
24.78838
24.44062
24.75760
24.40083
25.17300
24.79189
25.71410
25.11511
25.83971
24.65062
