21.81937
20.59890
23.46535
22.77889
22.43837
21.57314
21.95230
21.33134
21.51416
21.03797
21.21511
20.80904
21.10598
21.03532
21.04233
20.71211
20.74957
20.51119
20.55717
20.38104
20.45849
20.25455
20.27001
20.18179
20.24729
20.15977
20.07339
20.05127
20.31469
20.51433
20.75689
20.95177
21.23559
21.24100
22.85089
23.02848
22.86899
22.53930
22.14622
21.86702
21.68375
21.50887
21.37797
21.23618
21.12275
20.98872
20.87051
20.73251
20.68052
20.72803
20.61274
20.45531
20.40934
20.35517
20.80988
20.85349
20.53145
20.35295
20.20033
20.08567
19.95592
19.86021
19.76925
19.69431
19.64572
19.60545
19.48415
19.54905
19.67958
19.49395
19.51485
19.61963
19.46334
19.33689
19.28397
19.37748
19.31964
19.33289
19.21960
19.11763
19.06460
19.00094
18.89682
18.86553
18.80343
18.71697
18.59445
18.65396
18.67580
18.50112
18.37505
18.26660
18.32510
18.30216
18.15413
18.05863
17.95545
17.89801
17.80245
17.76422
17.68805
17.60993
17.55035
17.71266
17.78682
17.67198
17.55917
17.48143
17.41491
17.35719
17.26684
17.17440
17.08165
17.02936
16.98608
16.93052
16.85893
16.79519
16.69894
16.67738
16.68310
16.71050
16.59554
16.54744
16.41710
16.41051
16.28702
16.84812
17.02727
17.33600
17.78536
17.88176
18.59302
18.77432
18.97478
23.54697
26.95698
28.53929
29.89502
28.66090
28.37474
27.49024
27.29041
28.09355
27.11073
26.82223
27.66940
27.36812
26.43746
26.61443
27.19977
26.60272
26.86748
27.21086
26.67576
29.25744
29.07372
28.51052
28.83655
27.87898
27.23456
28.57386
30.44276
29.93356
31.76732
30.66061
29.53757
29.13581
28.81615
28.84239
28.54767
28.26850
27.97494
28.46601
28.59284
28.13448
28.08935
27.72802
27.78695
27.48963
27.16149
27.06092
26.97915
26.83050
26.70159
26.79708
26.61968
27.59521
28.26665
27.21576
26.80580
26.55877
26.69857
26.25914
27.02484
28.41899
27.56310
26.91713
26.63421
26.62519
26.68858
26.43533
26.19681
26.55479
26.68648
26.29432
26.35360
26.65654
26.46762
26.13925
26.39216
26.74493
27.20959
27.38769
26.95863
27.33836
26.91381
26.88301
27.57240
27.32654
27.23653
27.06414
26.57289
26.97548
26.85329
26.35585
26.05425
25.83465
25.63548
26.09523
26.71599
26.26126
25.88099
25.65883
25.51940
25.44386
25.64661
26.18154
26.73013
26.38497
25.77510
25.55640
25.41064
25.31850
25.28871
25.13426
25.04109
25.26203
25.13448
24.83465
24.74107
24.47519
24.28017
24.28429
25.98310
26.74291
26.02316
25.11490
26.18778
27.91550
28.83050
28.19440
26.96169
26.97705
27.34771
27.46755
26.80346
26.91697
27.23519
27.28207
26.79555
27.08077
26.94528
26.54270
26.30072
26.16156
25.70534
25.72352
25.78162
25.90895
26.51244
26.68507
26.60468
26.69155
26.24475
26.35883
27.14905
27.25677
27.90967
28.33828
27.68330
27.17309
27.12921
26.74910
26.51285
26.34477
26.57021
26.55585
26.42222
26.52774
27.14716
28.08560
27.54226
27.27253
27.22278
26.80530
26.74751
26.85496
26.35839
26.13407
25.76967
26.21213
26.63726
26.11345
25.70042
25.81090
26.82720
26.22875
26.67164
28.01320
27.56467
27.47916
27.59554
27.68644
27.45358
27.05766
26.96118
27.66168
27.34127
26.34284
26.50490
27.38360
28.28359
29.32845
28.72353
27.53227
27.12380
27.49115
28.51242
31.86078
34.47772
34.09561
32.75763
32.55870
32.28567
31.73625
31.67073
31.89930
34.51814
34.73061
34.93056
38.79398
39.30619
37.56919
35.79086
34.97817
34.54087
34.32796
33.90243
33.61522
33.25625
33.09474
32.86620
33.29395
33.02221
32.43819
32.01437
31.71023
31.62479
31.38126
31.10223
31.10287
30.80671
30.60927
30.41286
30.22950
30.02469
29.90459
29.39485
30.19173
30.54256
32.27106
32.24733
31.06092
30.60490
30.35860
30.07106
30.23573
29.85421
29.69675
29.71270
29.53557
29.69197
30.57441
32.97171
33.49747
32.14798
31.99082
32.45840
32.30667
32.48958
35.73761
37.25615
34.87065
33.75095
32.82947
32.76867
32.53697
31.94937
31.30550
31.37067
31.42263
31.67791
31.64439
31.41935
31.94536
34.24661
32.79498
32.47640
34.58577
34.14503
32.95681
31.69475
30.94188
31.03820
30.70471
32.18621
33.39857
32.42515
31.71800
31.29918
31.01166
30.97304
30.90856
30.90117
30.25417
33.15923
34.70042
32.49421
31.44760
30.93039
30.96009
31.22019
31.61797
31.87644
31.62722
31.15970
30.98830
31.04166
30.77470
30.97169
30.69366
30.53459
30.26499
32.69128
33.94657
34.32718
34.11270
33.17838
32.94419
32.27484
32.12803
32.49905
33.75886
33.01215
32.12221
33.00726
32.79615
32.23725
32.27838
32.96523
32.96187
32.15241
31.95414
31.64808
31.38640
31.15020
31.18973
31.07526
30.88293
30.66760
30.60614
30.97161
31.13719
30.54205
30.62815
30.44822
30.25734
29.85836
31.37000
33.13326
31.98758
31.39265
31.93629
31.49104
31.02988
30.81144
30.70352
30.75615
30.51356
30.41426
30.28638
30.31778
30.16076
30.17100
30.49215
30.44078
30.75895
30.90234
30.39749
30.15073
30.45882
30.62725
30.26636
31.46232
32.44664
31.82827
31.36845
32.03438
31.25799
30.77852
30.73768
30.48842
30.42448
30.18844
30.19623
30.36062
30.80953
30.50173
31.93262
34.85180
33.89027
32.66836
31.97478
31.55406
31.43259
31.48781
31.37188
31.09532
30.80785
30.59369
30.43974
30.21590
30.50002
31.04816
30.90624
30.36638
30.48542
31.11479
30.88806
30.92328
31.69873
31.52460
31.37148
31.12976
30.82028
30.40451
30.31270
30.47851
30.24227
29.87258
30.26395
30.34540
30.10111
29.91888
29.92235
30.06021
30.23378
30.37087
31.01905
31.66490
31.01493
31.78501
32.22958
32.00880
31.51469
31.22962
30.95424
30.93098
30.70695
30.49143
30.40708
30.33072
30.08149
29.54643
29.47480
29.34552
29.29281
29.13036
29.08364
29.35873
29.20489
29.47178
30.12433
29.26467
28.86752
30.12406
31.64337
37.41078
38.88220
37.03070
35.81487
36.14439
36.16495
35.12839
35.24870
35.44576
36.25518
39.10833
38.63596
36.51857
35.88281
35.57514
35.37050
35.27369
35.37716
34.83089
34.56510
34.62491
34.82317
34.10527
34.23045
33.52335
35.88225
38.36821
36.28767
35.14126
34.55535
34.59186
34.42628
36.06808
35.84507
34.83552
34.87734
36.90950
37.80353
37.66419
38.38006
38.69267
37.80722
36.55740
36.02649
36.00368
35.78523
35.64868
35.56154
35.80654
35.42507
38.77667
40.81098
39.46613
39.25238
38.27326
38.79056
38.44676
39.71449
38.58255
38.06381
38.97286
39.00012
38.04985
37.54262
37.10966
38.59067
38.88008
37.43517
36.79037
37.02859
37.36304
36.42808
36.65584
36.85580
36.43743
36.62559
39.23762
38.35962
37.58205
37.52235
38.92514
43.48561
45.27613
44.82507
45.36358
44.48456
42.79516
42.43802
41.77910
41.60391
41.07029
42.68548
42.76583
41.59870
40.81395
39.91784
39.83451
39.98311
39.57938
40.91773
41.53465
39.94022
39.27300
38.54983
39.47885
40.41553
39.04819
38.17330
37.94083
38.32448
38.24182
37.82430
37.61528
37.39688
37.19747
37.01778
36.81776
36.61795
36.42812
36.25449
35.93292
36.46622
40.88979
43.07255
45.43460
45.27721
43.47137
45.51830
44.70919
43.32199
43.28915
41.58167
43.84635
45.24683
43.54217
44.03306
43.14366
42.39605
41.45477
41.62186
42.29426
41.35249
40.82510
41.11823
42.43668
41.46379
40.36175
39.72080
39.41968
39.14118
39.00592
38.84752
38.58371
38.29653
38.11980
37.96962
37.81477
37.63643
37.66351
37.29968
37.69506
38.28584
37.46573
36.95490
36.66986
36.55990
36.48999
36.24342
36.08215
35.90230
35.92617
35.77221
35.58511
35.49171
35.35199
35.13302
35.13555
34.91982
34.80150
34.60509
34.99418
35.02183
34.97249
35.47627
35.35402
35.26396
38.77896
39.41958
39.23261
42.48267
41.94507
42.02026
42.39247
42.29857
41.43798
41.22591
40.88349
40.62821
40.64963
40.74152
40.38040
40.42039
39.74819
39.39319
38.68912
39.89790
42.11435
40.64590
39.25393
38.60858
38.23186
38.02590
37.88632
37.77251
37.70145
37.48500
37.78245
38.19529
38.13428
37.77203
38.46719
38.21724
37.65864
37.56087
38.42713
38.17830
37.80028
37.92470
37.51247
37.42145
37.21443
37.16145
36.95773
36.83333
36.61090
36.66664
36.41883
38.30243
41.00027
40.20769
38.79873
38.17669
37.81811
37.64850
37.56702
37.35863
37.53759
38.68814
38.29832
37.59962
37.44999
37.22830
37.06000
36.84936
36.71894
36.55046
36.43104
36.27966
36.28986
36.13631
35.95500
35.83272
35.75416
35.57680
35.67478
36.67175
36.83335
36.36406
36.05327
35.73368
35.73536
35.54915
35.99693
36.79356
36.64711
36.47666
36.15436
36.00501
35.87687
36.12038
36.24056
36.19178
36.66029
38.46449
41.91849
41.36242
40.44645
39.45239
38.88271
38.37405
38.24084
37.95460
37.91398
37.56644
37.56200
37.26533
37.31371
37.00956
38.28421
38.53350
37.90772
37.06672
37.10258
36.61046
36.77819
36.30937
36.63603
36.00333
36.36560
35.90560
36.48648
35.43249
36.13799
34.98376
36.22898
34.52108
36.36193
