31.89354
30.09358
31.25218
30.07897
30.92791
30.11649
30.69544
30.11088
31.07438
31.50534
31.73885
31.21100
31.55766
31.00351
31.45549
30.92386
31.00786
30.61241
30.77990
30.53104
30.71851
30.49830
30.57133
30.46202
30.79238
30.54217
30.64251
30.60955
31.64040
31.89837
31.34785
31.62834
31.43599
31.07642
30.88472
31.03997
31.32688
31.66947
32.09082
32.04495
31.61404
31.27280
31.16006
31.21706
31.62170
31.34776
31.19270
31.07326
31.01741
30.98108
31.06188
31.09944
31.11039
30.94877
31.10610
31.17901
31.00556
30.92628
30.89234
30.95963
30.92884
30.91974
30.97970
30.86244
31.03101
31.12368
31.09382
30.97959
30.88998
30.92670
31.17437
31.04061
30.85392
30.77591
30.78604
30.82058
30.70883
30.65345
30.59150
30.59817
30.70964
30.64321
30.54022
30.49840
30.45261
30.43188
30.39850
30.36168
30.32741
30.32304
30.36206
30.36331
30.27628
30.22217
30.16678
30.14866
30.09511
30.07723
30.06965
30.06908
30.00456
30.03440
30.03295
30.08348
30.13150
30.47841
30.44609
30.25565
30.07980
30.40996
31.47497
31.37530
30.97184
31.36040
31.40906
31.00017
30.82138
30.68801
30.62364
30.51781
30.64056
30.95739
30.87286
30.77240
30.87605
30.75855
30.78868
31.60391
32.26094
32.48704
32.49845
32.62731
32.81273
32.74573
32.62118
32.39483
32.06014
31.90236
32.04733
32.63451
32.49704
32.42209
32.62004
32.72788
32.47646
32.23553
32.15293
32.18122
32.13637
32.38096
32.95028
32.80822
32.47099
32.14226
32.38345
32.95672
32.54994
32.57859
32.62714
32.38649
32.35004
32.16968
32.12369
32.01905
32.02144
31.95580
32.33606
32.28189
32.21895
32.75209
32.40968
32.14122
32.00909
31.87007
31.95682
32.12455
31.98844
31.85308
31.59707
31.57630
31.75737
31.63528
31.58667
31.48661
31.69850
31.71602
31.61540
31.75820
32.39214
32.60355
32.02830
32.13911
31.87142
31.79297
31.65176
32.36354
32.22457
31.93966
31.94046
31.75875
31.66201
31.77088
31.67838
31.51864
31.43868
31.46656
31.64413
31.61886
31.46022
31.44513
31.31438
31.21880
31.20996
31.37724
31.24493
31.14641
31.10446
31.07398
31.23648
31.32792
31.19922
31.58918
31.98668
32.02116
31.88345
31.54859
31.42406
31.28331
31.24895
31.25812
32.37286
32.91496
32.30936
31.93258
31.85859
31.80151
31.62362
31.54990
31.45658
31.44271
31.42053
31.79999
32.42935
32.00573
32.66695
32.95032
32.29931
32.67267
33.91965
34.01962
33.54073
33.02139
32.94679
32.73935
33.55601
33.57997
33.06084
32.78285
33.44303
34.10191
34.31312
33.84048
33.29124
33.12489
33.01625
33.00083
32.83648
32.78586
32.74833
32.66837
32.68184
32.79865
32.77346
32.69591
32.57738
32.47828
32.62079
32.92437
32.68795
32.63357
32.59499
33.72758
34.06468
33.38564
33.47468
33.28028
32.94319
32.90083
32.65159
32.63756
32.68452
32.66626
32.45730
32.51821
32.50435
32.49910
32.48641
32.44396
32.26610
32.33857
32.18283
32.64958
32.82492
33.14672
33.69610
33.11755
32.93437
32.66754
32.67303
32.71471
32.76451
33.09656
33.08513
32.69631
32.83364
32.96328
32.72450
32.56390
32.53022
32.40355
32.35874
32.36468
32.30492
32.10961
32.38926
32.60142
32.61648
32.44360
32.51794
32.46585
32.29297
32.53080
32.98116
32.78980
32.71837
32.82864
32.59869
32.45528
32.38608
32.33738
32.37390
32.54741
32.82786
32.71523
32.75105
32.54333
33.08911
33.52202
33.21481
32.99286
32.90165
32.98632
33.19306
33.16883
33.09474
33.01452
32.91609
32.86985
33.03409
33.21844
33.60408
34.15576
33.84161
33.52288
33.35230
33.31139
33.20307
33.22493
33.50718
33.65777
33.60165
33.54114
33.62031
33.72588
33.73559
33.46613
33.47306
33.53677
33.52156
33.54941
33.58956
33.61519
33.34036
33.23418
33.20871
33.31613
33.32342
33.24800
33.33344
33.33140
33.30072
33.20028
33.21222
33.16031
33.12157
33.40386
33.86404
34.16189
34.64273
34.49233
34.08020
33.86437
33.73022
33.72339
33.71627
33.65944
33.63440
33.65205
33.78810
33.80069
33.71944
33.73372
33.86155
34.01306
34.09193
33.96867
34.19641
34.27307
34.08222
34.02727
34.03185
34.09379
34.09947
34.10352
34.13817
34.27150
34.39985
34.70480
35.62605
36.58744
37.57364
37.79588
36.74638
36.25366
35.93301
35.79073
35.59300
35.53643
35.39676
35.50809
35.52506
36.12125
36.31426
35.91744
35.73503
35.57181
35.51014
35.46144
36.36797
36.60361
36.05986
36.02933
35.84921
35.61393
35.50803
35.51580
35.51314
35.80478
35.65894
35.42866
35.31895
35.23142
35.21087
35.16880
35.43003
35.60451
35.39573
35.43946
35.37963
35.39130
35.44721
35.92149
35.68588
35.91576
36.56902
36.55330
36.88827
36.42808
37.12785
37.78326
37.77720
37.16911
36.84775
36.63676
36.49798
36.35340
36.45336
37.39854
37.21240
36.95467
37.03697
36.78955
36.69527
36.66534
36.66313
36.59153
36.54748
36.49112
36.43283
36.40498
36.53910
36.87514
36.75108
37.26671
37.68261
37.31446
37.15399
37.26008
37.29325
37.40920
37.42945
37.20176
37.12499
37.21659
37.26964
37.07173
37.39461
37.63554
37.41082
37.34090
37.30232
37.48057
37.48360
37.70324
37.65550
38.25816
38.47771
38.08818
37.96943
37.90664
38.15798
37.99241
37.75103
37.58509
37.75479
37.80744
37.64835
37.68588
37.75472
37.65887
37.75663
37.78819
37.44709
37.43469
37.62240
38.00441
38.37742
38.09678
38.04004
37.95324
37.58252
37.75022
38.03880
38.78695
39.97024
39.75040
40.06898
39.72518
39.01077
38.72084
38.57937
38.49959
38.38556
38.24905
38.28074
38.49736
38.76994
38.65410
38.44718
38.46576
38.45569
38.09963
37.99156
37.76167
37.69442
37.54275
37.57487
37.55563
37.87703
38.27734
39.23452
39.68373
38.66785
38.06219
37.73442
37.57746
37.57866
37.58301
37.76147
38.16308
37.60254
37.33297
37.15347
37.25495
37.10419
37.92303
39.09135
38.49456
38.10791
38.07390
37.88214
37.79206
37.67101
37.70629
38.02892
38.61668
38.67043
38.55611
38.42931
38.01283
38.62982
39.76493
39.22025
38.85671
38.95783
39.10969
39.06820
39.36656
39.03045
39.03397
38.71235
38.67010
38.66801
38.66886
38.50909
38.77487
39.21077
39.11963
39.59990
39.25210
39.08371
39.47500
39.45621
39.07984
39.47247
39.95919
39.62424
39.20574
39.31451
39.55351
39.79342
39.52632
40.21798
41.19385
41.06383
40.45087
40.01818
40.12611
39.67274
39.57659
39.33454
39.66734
39.85965
39.62051
39.54908
39.65670
39.55160
39.40670
39.37079
39.24403
39.17816
39.06702
38.97650
38.90273
39.08047
38.99004
38.92156
39.08838
39.07469
38.91581
38.81792
38.67717
38.60017
38.52240
38.55018
38.51051
38.44681
38.32881
38.28207
38.17067
38.46779
38.62780
38.41982
38.34158
38.30623
38.29232
38.33370
38.44670
39.10346
39.18015
39.04569
39.50522
39.08080
38.70953
38.74373
39.21561
39.95820
40.00776
40.35970
40.46105
39.63291
39.42701
40.14998
41.13157
41.78163
41.09789
40.37824
40.12514
39.82023
39.74075
39.56357
39.63941
39.76607
39.61445
39.49187
39.64819
39.48173
39.60052
39.71164
39.58750
39.37618
39.40862
39.65297
39.61836
39.39303
39.30479
39.20926
40.11057
41.60284
42.05139
42.08524
42.59256
42.56059
41.68306
41.72401
41.31188
41.34692
41.55163
41.33071
41.02525
40.80617
40.81357
41.13470
41.09657
41.10301
41.14023
40.94015
40.80639
41.00151
40.90117
41.07178
40.81229
40.49338
40.52642
40.75337
40.46061
40.34963
40.23622
40.10661
40.10624
39.95921
39.87252
39.96565
39.81836
39.63510
39.47444
39.56313
40.26431
40.05024
39.61855
39.44195
39.31553
39.21080
39.06192
38.95005
38.89037
38.82314
38.68975
38.57860
38.62499
39.17380
38.84108
39.12357
39.24400
38.80198
38.63007
38.49284
38.40428
38.28238
38.25104
38.15870
38.05958
37.97715
37.89477
37.79804
37.72476
37.64800
37.58583
37.50319
37.43447
37.36785
37.29884
37.24187
37.19885
37.12245
37.06378
37.00699
36.97259
36.91800
36.85576
36.79543
36.74427
36.67475
36.63082
36.60986
36.54839
36.47219
36.40839
36.35355
36.31517
36.25847
36.19480
36.14676
36.09529
36.03241
35.98101
35.92703
35.87173
35.82970
35.78635
35.73403
35.66761
35.62204
35.58383
35.52842
35.46444
35.40686
35.33745
35.26914
35.19913
35.19430
35.13785
35.10193
35.01430
34.98611
34.90343
34.89950
34.79613
34.92604
35.99520
37.43502
37.96409
37.38014
36.79691
36.62520
36.35481
36.31272
36.09623
36.15838
35.92568
35.98996
35.73860
35.83821
35.62490
36.04670
35.74626
35.92452
36.13335
37.06321
36.39929
36.85282
36.79917
37.18292
36.79396
37.46799
36.64414
37.24690
37.37515
38.80659
37.75237
38.35631
36.69703
