9.50831
8.97885
9.39160
9.04979
9.30133
9.04241
9.26030
9.10620
9.31056
9.21062
9.37142
9.25635
9.35863
9.26979
9.33561
9.22973
9.28748
9.20824
9.26070
9.19469
9.23779
9.18198
9.20566
9.15549
9.17509
9.14965
9.16162
9.11366
9.16433
9.12485
9.13572
9.10589
9.12500
9.09783
9.09294
9.07537
9.07074
9.05664
9.05246
9.03879
9.03467
9.01964
9.01152
8.99832
9.00327
8.99573
8.98923
8.98503
8.98092
8.97764
8.97751
8.97179
8.96596
8.95539
8.94404
8.93691
8.92898
8.92125
8.91256
8.90354
8.89517
8.88886
8.88050
8.87620
8.87362
8.86346
8.85611
8.84796
8.84091
8.83530
8.82744
8.82224
8.81434
8.80361
8.79793
8.78957
8.78288
8.77799
8.76827
8.76366
8.75631
8.75044
8.74357
8.74061
8.73591
8.72835
8.73454
8.74659
8.74171
8.73460
8.72708
8.72284
8.71646
8.68664
8.66905
8.67773
8.69416
8.69139
8.70218
8.70033
8.69784
8.68873
8.68644
8.68244
8.67392
8.66740
8.66206
8.65592
8.65629
8.65047
8.64473
8.63714
8.63137
8.62654
8.61861
8.61251
8.60518
8.59977
8.59311
8.58604
8.57932
8.57446
8.56606
8.55875
8.53873
8.53519
8.52950
8.52540
8.52164
8.51906
8.51301
8.51075
8.50310
8.50773
8.53276
8.53268
8.58192
8.64665
8.72167
8.74761
8.77199
8.78801
8.77638
8.76424
8.78507
8.83671
8.85392
8.86028
8.85350
8.84059
8.82175
8.81059
8.80303
8.79709
8.78750
8.77816
8.77554
8.76185
8.75060
8.75245
8.75326
8.73888
8.73344
8.73271
8.72997
8.72178
8.71600
8.70895
8.71146
8.70042
8.69596
8.68597
8.67464
8.66846
8.66192
8.65361
8.64698
8.63640
8.62813
8.63735
8.62458
8.61275
8.60558
8.60245
8.59663
8.59132
8.58695
8.58628
8.57573
8.58399
8.58162
8.56359
8.54520
8.53736
8.52676
8.51651
8.52124
8.57462
8.65377
8.72503
8.77510
8.80327
8.82045
8.81708
8.81306
8.78542
8.77892
8.79022
8.75206
8.76865
8.73023
8.70637
8.70736
8.70912
8.71462
8.70642
8.70459
8.69662
8.68825
8.66002
8.66955
8.66304
8.66932
8.65449
8.64440
8.63576
8.64484
8.64669
8.61844
8.62489
8.62093
8.61118
8.60261
8.59472
8.60307
8.58025
8.57732
8.58742
8.55595
8.54076
8.54266
8.53317
8.54118
8.50596
8.51722
8.52407
8.50262
8.49270
8.48341
8.48141
8.47100
8.47661
8.46458
8.46982
8.47417
8.47406
8.47067
8.45090
8.43953
8.42812
8.40816
8.40993
8.40610
8.31040
8.27596
8.27236
8.26645
8.26946
8.25366
8.24695
8.23877
8.23572
8.22696
8.22334
8.19548
8.17480
8.17572
8.17692
8.17496
8.15594
8.15273
8.14383
8.14452
8.14485
8.14187
8.14011
8.13309
8.12943
8.13083
8.12963
8.12135
8.11714
8.11773
8.11889
8.11697
8.11147
8.10527
8.10700
8.11514
8.11234
8.10769
8.09357
8.08298
8.08181
8.07427
8.06918
8.07018
8.06232
8.05710
8.04840
8.04367
8.04007
8.03187
8.02152
8.02123
8.01687
8.01949
8.00884
8.00537
8.00949
8.00934
7.99695
8.00502
7.99424
7.99234
7.98468
8.00024
7.96562
7.97011
7.96252
7.95592
7.97003
7.97447
7.93420
7.96702
7.95358
7.93142
7.93927
7.95017
7.92213
7.95485
7.91383
8.06429
8.17077
8.09480
8.14428
8.14420
8.18077
8.18477
8.20641
8.19981
8.19611
8.18206
8.18466
8.16544
8.17529
8.16129
8.15723
8.15598
8.15102
8.14756
8.13919
8.12222
8.12911
8.11173
8.10897
8.10776
8.09196
8.08433
8.07569
8.07204
8.07159
8.07370
8.08209
8.07240
8.07535
8.06609
8.06030
8.05234
8.04915
8.03892
8.03023
8.02173
8.02953
8.04471
8.03599
8.02160
8.02083
8.01990
8.02093
8.00962
8.00042
7.99444
7.98710
7.98865
7.97922
7.96880
7.96499
7.96702
7.97642
7.98020
7.97423
7.97068
7.97801
7.96733
7.98833
7.99347
7.98769
7.97693
7.96862
7.96435
7.96002
7.95428
7.95215
7.94173
7.93803
7.95453
7.97869
8.00022
8.00623
8.01188
8.00293
7.99461
7.97777
7.96581
7.95243
7.94779
7.93647
7.94139
7.94222
7.93809
7.94061
7.92255
7.94512
7.95202
7.94632
7.93541
7.91803
7.96571
8.04415
8.05790
8.04929
8.05003
8.04563
8.04563
8.06869
8.06341
8.05798
8.05899
8.05744
8.05451
8.06548
8.07596
8.08052
8.12184
8.13837
8.13450
8.14462
8.12811
8.12395
8.14832
8.14929
8.15318
8.16056
8.16277
8.13059
8.13578
8.14590
8.18306
8.21974
8.24269
8.22924
8.25609
8.25478
8.26091
8.26880
8.28822
8.30876
8.32950
8.31554
8.33732
8.32921
8.30413
8.29490
8.27212
8.26887
8.26398
8.27725
8.27769
8.29978
8.33410
8.35293
8.34913
8.37559
8.35975
8.34042
8.32971
8.31820
8.30719
8.29754
8.29269
8.28949
8.28052
8.27956
8.28232
8.26165
8.27494
8.29115
8.28825
8.28401
8.27099
8.27737
8.27198
8.26552
8.24786
8.25096
8.23802
8.24513
8.23253
8.21890
8.21758
8.20900
8.20837
8.20025
8.19260
8.18828
8.18163
8.17597
8.16687
8.16010
8.15172
8.15008
8.14987
8.17217
8.19022
8.19976
8.18734
8.17466
8.15705
8.15228
8.15711
8.14696
8.14066
8.14400
8.12320
8.11130
8.11337
8.12948
8.13231
8.14314
8.14998
8.13924
8.14163
8.14354
8.14643
8.14453
8.14795
8.14303
8.14368
8.14039
8.13043
8.14047
8.12132
8.09986
8.09628
8.09335
8.08833
8.06217
8.05998
8.06618
8.07993
8.06989
8.07578
8.07162
8.05941
8.04700
8.01974
8.00795
8.02038
8.02529
8.00780
8.02377
8.06477
8.03504
8.03890
8.02870
8.01849
8.02783
8.01077
7.99184
8.04031
8.04721
8.06227
8.08522
8.06973
8.04665
8.02319
8.01728
8.00143
7.97236
7.95332
7.99689
8.00779
7.99252
8.01340
8.02977
8.02388
8.04474
8.05364
8.06691
8.05855
8.04216
8.01571
8.02385
8.02120
8.04896
8.05378
8.04812
8.03095
8.00214
7.99812
7.99275
7.97904
8.00688
7.96702
7.96895
7.97730
7.97916
7.98209
7.98903
7.97290
7.95937
7.94334
7.94119
7.89390
7.86875
7.88704
7.90988
7.91026
7.91420
7.93003
7.96127
7.96514
7.90669
7.95513
7.92172
7.86914
7.90905
7.92373
7.86515
7.86722
7.86754
7.83299
7.82233
7.82004
7.80963
7.82359
7.84895
7.80976
7.84188
7.84372
7.83789
7.88196
7.88439
7.87349
7.85976
7.88347
7.89650
7.92604
7.91793
8.00054
8.05139
8.05654
8.06558
8.03630
8.03774
8.01587
8.02018
8.03838
8.06475
8.07123
8.05987
8.05332
8.04862
8.03907
8.06475
8.07340
8.05746
8.05562
8.04348
8.04051
8.05289
8.08064
8.05137
8.05990
8.06197
8.04382
8.07583
8.08260
8.08240
8.08987
8.11036
8.05570
8.03510
8.04436
8.05970
8.06698
8.07505
8.06131
8.04141
8.03825
8.03483
8.02334
8.01389
8.00327
7.99749
7.98470
7.98414
7.95848
7.93767
7.93239
7.92164
7.92266
7.91623
7.91565
7.90828
7.89667
7.89976
7.90472
7.93344
7.96018
7.99942
8.02584
8.04087
8.04597
8.03400
8.01617
8.00398
7.99390
7.98819
7.97681
7.97454
7.97437
7.97145
7.95980
7.94551
7.93275
7.93134
7.94272
7.92758
7.92318
7.92408
7.92798
7.92307
7.91793
7.90990
7.90253
7.89634
7.89359
7.88482
7.87751
7.87287
7.86784
7.86345
7.86325
7.86169
7.85533
7.85120
7.84642
7.83994
7.84012
7.83230
7.82794
7.82643
7.82187
7.81618
7.80942
7.80490
7.79841
7.79250
7.78702
7.78153
7.77664
7.77185
7.76652
7.75979
7.75762
7.75456
7.74092
7.72888
7.73068
7.73633
7.72489
7.70618
7.70100
7.69564
7.69603
7.69869
7.69941
7.69723
7.69351
7.69028
7.68594
7.68529
7.68469
7.68326
7.67660
7.67300
7.67027
7.66733
7.66430
7.66025
7.65871
7.65550
7.65253
7.64987
7.64855
7.64972
7.65233
7.64760
7.64738
7.64406
7.63986
7.63676
7.63807
7.63606
7.63295
7.63260
7.63257
7.62996
7.63025
7.62874
7.62708
7.62415
7.62172
7.61981
7.61625
7.61452
7.61239
7.61206
7.61252
7.60784
7.60801
7.60572
7.61508
7.60772
7.60386
7.60812
7.60116
7.59931
7.59873
7.59775
7.59963
7.59950
7.59836
7.59467
7.58992
7.58518
7.58759
7.58654
7.58630
7.58030
7.58678
7.58210
7.58703
7.57425
7.58226
7.56937
7.58043
7.56928
7.58174
7.56466
7.57976
7.55582
7.56286
7.53434
7.56006
7.52982
7.55992
7.52094
7.55380
7.51164
7.55335
7.50192
7.55378
7.49326
7.55471
7.48302
7.55989
7.46925
7.56322
7.45689
7.57450
7.43866
7.59474
7.40017
7.62368
7.35850
7.72548
