18.68286
17.73798
18.45352
17.72871
18.11248
17.59453
17.92177
17.69828
18.07345
17.73467
17.88636
17.75613
18.00537
17.73275
17.86572
17.87489
18.06057
17.86439
17.94223
17.76422
17.78405
17.63183
17.66723
17.54522
17.56958
17.46456
17.50042
17.46100
17.50309
17.42321
17.42289
17.34727
17.34278
17.28208
17.28742
17.31154
17.39316
17.33406
17.48352
17.64160
17.61042
17.52142
17.45153
17.41900
17.41348
17.36584
17.31431
17.26455
17.24023
17.23554
17.19886
17.18116
17.16418
17.12986
17.08895
17.05413
17.02263
16.99851
16.97410
16.94637
16.92049
16.89352
16.87338
16.85924
16.83932
16.82432
16.80407
16.78369
16.75925
16.73479
16.70882
16.71014
16.69588
16.68969
16.67817
16.65045
16.63429
16.61423
16.58244
16.56393
16.53607
16.51300
16.48147
16.45103
16.41608
16.40424
16.39932
16.41571
16.42333
16.54475
16.67758
16.63737
16.60290
16.54944
16.50006
16.47663
16.56655
16.62148
16.58708
16.54524
16.49306
16.46133
16.44858
16.41914
16.39635
16.39023
16.35929
16.32717
16.31351
16.29553
16.28512
16.25558
16.22644
16.20548
16.17522
16.14722
16.12485
16.10388
16.07708
16.05016
16.02913
16.00353
15.98308
15.97313
15.95599
15.92542
15.89631
15.86625
15.84826
15.83685
15.81306
15.78444
15.76031
15.74551
15.72782
15.70472
15.69266
15.67473
15.64657
15.62178
15.60107
15.58080
15.55829
15.54125
15.52638
15.50566
15.48321
15.46326
15.44022
15.41436
15.39843
15.39388
15.37478
15.35050
15.33064
15.30601
15.28447
15.26026
15.24543
15.23627
15.21637
15.19798
15.28852
15.53082
15.92595
16.28049
16.82010
17.49213
18.06826
18.43530
18.55180
18.68309
18.94490
19.16346
19.55934
19.67044
19.73814
19.85065
20.01452
20.14086
20.17308
20.10815
20.09116
20.35718
20.64529
20.85653
21.22010
21.29510
21.16153
21.19837
21.15992
21.17463
21.42109
21.37383
21.52212
21.81091
22.00143
21.99811
22.13396
22.34301
22.27475
22.27587
22.30663
22.27813
22.23615
22.19531
22.45096
22.55086
22.51144
23.23380
23.93877
24.17080
24.86676
24.91833
24.69316
24.90095
25.06921
25.08206
25.04239
24.97241
24.97586
25.23079
25.34165
25.31780
25.48258
25.98526
25.94613
26.32413
26.41813
26.28328
26.36028
26.47301
26.48393
26.51230
26.75890
27.03677
27.17567
27.10975
27.05934
26.93887
27.31896
27.28936
27.13763
27.09444
26.89844
26.90088
26.89332
26.72149
26.62621
26.42360
27.16002
27.63402
28.16907
28.24306
28.52005
29.04529
29.08923
29.18642
29.16405
29.50038
29.58726
29.30071
29.17495
29.18375
29.35222
29.43312
29.42103
29.67205
29.61982
29.96560
30.28606
30.41592
30.24468
30.08229
30.16464
30.64736
30.89155
30.85847
30.64850
30.28955
30.14220
29.92674
30.30304
30.15377
30.43484
30.06553
29.89310
30.00587
29.86482
29.71515
29.73035
29.75569
29.27715
29.06931
29.62752
29.91161
29.77991
29.74177
29.79087
29.84812
29.63966
30.10516
30.59684
30.58121
30.68895
30.88216
30.68572
30.62266
30.47885
30.46570
30.57181
30.73589
30.84667
30.66937
30.83990
30.91159
30.77425
30.75299
30.91684
30.68535
30.70559
31.02937
31.19908
31.07233
30.97061
31.14949
30.93639
31.23303
31.42424
31.05060
31.24346
31.41059
31.27416
31.38592
31.26909
31.45889
31.58203
31.67731
31.41818
31.43418
31.40418
31.25048
31.00092
31.26970
31.90602
31.90905
32.00120
31.71504
31.25336
31.13749
31.20685
31.26154
31.31718
31.22387
31.17250
31.14399
31.00796
31.09215
31.17765
31.01236
30.94853
30.90135
30.87242
31.02325
31.19598
31.09901
30.89516
30.94732
30.95224
31.13203
31.09336
30.91298
31.06532
31.11917
31.12474
31.40500
31.10998
30.81873
30.99963
30.97974
31.27151
31.31881
31.53127
31.56012
31.30153
31.21848
31.05795
30.90845
30.90930
30.83110
30.90994
30.87803
30.71691
30.90749
30.96351
30.93063
30.80262
30.69159
30.81238
30.84752
30.83675
30.84803
30.96122
30.84400
30.68598
30.73788
31.07246
31.19470
30.95266
30.87259
31.02294
30.95693
30.99039
31.12697
30.89030
30.87720
30.84808
30.94311
30.73826
30.71428
30.65198
30.70483
30.60627
30.57617
30.51744
30.61200
31.24943
31.67800
31.58538
31.63897
31.92051
31.90496
31.91228
31.67637
31.46637
31.35477
31.25508
31.17933
31.53393
31.56688
31.40653
31.38175
30.92950
30.80667
30.59522
30.49359
30.40939
30.36889
30.26398
30.15323
30.04931
30.00774
29.93549
29.91156
30.01220
30.13875
30.12500
29.94374
29.93045
30.22009
30.36693
30.17472
30.06491
29.92805
29.83716
29.77014
30.00845
30.28964
30.54149
30.69593
30.85095
30.85380
30.66029
30.76424
30.80610
30.74691
30.63359
30.56667
30.51822
30.49966
30.56227
30.42216
30.41256
30.47710
30.50377
30.57311
30.55172
30.54898
30.47708
30.35580
30.26483
30.46953
30.52825
30.38071
30.31604
30.32105
30.42630
30.44388
30.33177
30.42818
30.37094
30.35863
30.59130
30.58591
30.56445
30.50353
30.43177
30.74697
31.30280
31.29812
31.30431
31.41623
31.17976
31.10179
31.00702
30.82828
30.71372
30.56026
30.43584
30.35070
30.48743
30.49436
30.39806
30.42625
30.50584
30.58950
30.53401
30.43554
30.35404
30.26831
30.18836
30.23617
30.22528
30.22275
30.07347
30.06379
30.21292
30.22477
30.23326
30.31817
30.50744
30.77933
30.67201
30.76304
31.15011
31.33870
31.40856
31.36610
31.32488
31.28862
31.44441
31.51450
31.38968
31.37220
31.58565
31.57622
31.60635
31.94120
31.76974
31.78345
31.41907
31.52707
31.40262
31.29034
31.43851
31.71293
31.63042
31.45103
31.27638
31.24914
31.36126
31.32589
31.33002
31.40039
31.47437
31.24168
31.34694
31.36784
31.16124
30.98340
30.85935
30.76581
30.76483
30.85735
31.23961
31.25169
31.03059
30.99001
30.92872
30.85548
31.05984
31.14102
31.35902
31.31217
31.37184
31.50460
31.51145
31.65749
31.76796
31.93681
32.03574
31.97131
31.66722
31.81088
31.76982
32.00287
32.12645
32.07404
32.34767
32.92196
33.16063
33.18733
32.86565
32.46744
32.45626
32.29156
32.19537
32.05970
31.90541
31.72772
31.84843
31.96222
31.79815
31.58374
31.60534
31.52574
31.27085
31.18599
31.12005
31.14041
31.01993
30.95828
31.05382
31.16127
31.05234
30.91612
30.89636
30.90291
30.85561
30.96977
30.99062
31.00965
30.94360
31.78159
32.83386
32.75166
32.72625
32.34094
32.07907
32.05713
31.99205
31.84954
31.75005
31.81272
31.77706
31.62004
31.52413
31.52011
31.52945
31.37992
31.75345
32.16757
32.52913
32.69604
32.31368
32.45163
32.53572
32.26923
32.11746
32.02192
31.99869
31.88287
31.85688
32.04203
31.72569
31.46723
31.55936
31.51734
31.30661
31.33731
31.65383
31.73999
31.90787
31.88039
31.96925
31.87782
31.94181
32.24024
32.05351
31.93998
31.99510
31.97074
31.78212
31.63216
31.57535
31.56435
31.49537
31.45320
31.60175
31.55484
31.42584
31.32544
31.27617
31.23594
31.13488
31.06790
31.03118
30.96031
30.99183
31.25433
31.25132
31.33061
31.23640
31.12346
31.15276
31.05952
31.24640
31.42567
31.30705
31.17069
31.33192
31.55912
31.51736
31.51165
31.75943
32.27538
32.49722
32.45547
32.40001
32.37412
32.30613
32.25031
32.28129
32.22137
32.10824
32.15851
32.04773
32.01615
32.26099
32.40958
32.30305
32.14909
32.02302
32.02309
32.10947
32.01113
32.00915
31.93701
31.74293
31.71136
31.73168
31.53650
31.44035
31.52626
31.82905
31.87757
31.75399
31.66232
31.72662
31.74746
31.69661
31.59958
31.59877
31.66407
31.57474
31.45047
31.31603
31.25596
31.15336
31.20418
31.37115
31.57767
31.54444
31.40620
31.33700
31.44982
31.74778
31.63744
31.55277
31.44467
31.31921
31.24252
31.16286
31.23362
31.31895
31.23077
31.18443
31.39329
31.37676
31.23409
31.09883
31.03073
31.21220
31.28488
31.34096
31.68181
32.21572
34.12725
35.65790
35.74973
35.57016
35.25717
34.94643
34.64346
34.40826
34.20577
34.03038
33.86528
33.67487
33.47804
33.29236
33.11297
32.95915
32.81241
32.65795
32.49201
32.32987
32.16993
32.06300
31.94166
31.79312
31.65975
31.54333
31.42111
31.31059
31.23632
31.19817
31.14472
31.06784
30.95502
30.85394
30.77468
30.67366
30.58018
30.52468
30.67437
30.79929
30.66894
30.57183
30.62571
30.71199
30.66935
30.65207
30.84221
31.35775
31.62281
31.35200
31.64184
31.99433
31.76537
31.57043
31.41268
31.29668
31.18114
31.07498
30.98724
30.90540
30.82617
30.74284
30.64234
30.54655
30.45754
30.36668
30.26640
30.18919
30.11462
30.02450
29.95060
29.87432
29.79737
29.72463
29.64128
29.55832
29.48808
29.42522
29.35203
29.29876
29.22392
29.14533
29.07182
29.00422
28.94803
28.87926
28.81036
28.74589
28.69055
28.65401
28.59539
28.53821
28.50516
28.49377
28.45681
28.38436
28.32425
28.27665
28.21076
28.14548
28.08313
28.02544
27.96656
27.91190
27.85886
27.80780
27.74965
27.69533
27.64033
27.59301
27.55934
27.51560
27.45975
27.40525
27.35238
27.30391
27.26042
27.21130
27.16860
27.12103
27.07000
27.01757
26.97197
26.92294
26.87043
26.82069
26.77646
26.72249
26.66824
26.61669
26.57844
26.54723
26.50365
26.44765
26.39219
26.34672
26.30521
26.25809
26.20425
26.15064
26.10035
26.04888
26.00097
25.95339
25.90498
25.85877
25.81140
25.76259
25.71299
25.66337
25.62147
25.57935
25.53183
25.48988
25.44550
25.39701
25.35053
25.30102
25.26789
25.23907
25.19559
25.15462
25.11864
25.08803
25.04011
24.98932
24.94669
24.91753
24.88276
24.84769
24.81128
24.76367
24.71631
24.66922
24.62204
24.57476
24.52464
24.48257
24.44388
24.40110
24.36585
24.32593
24.28435
24.24680
24.19835
24.15534
24.11340
24.07349
24.04550
24.08327
24.10191
24.06378
24.02084
23.99624
23.96206
23.95934
23.98269
23.96832
23.94254
23.91337
23.88445
23.84203
23.79727
23.75902
23.73432
23.79751
23.88990
23.86583
23.84414
23.85681
23.84753
23.81487
23.77299
23.73651
23.70615
23.75602
23.80328
23.75057
23.72221
23.73782
23.74463
23.73486
23.70847
23.66219
23.72106
23.80709
23.76644
23.69323
23.66793
23.66438
23.67122
23.65994
23.73815
23.92056
23.97842
23.93065
23.83486
23.85548
23.95007
24.45330
25.15353
25.80311
26.69978
27.58924
27.79880
27.86449
28.01299
28.38558
28.41498
28.32605
28.45010
29.00930
29.48270
30.25015
30.63738
30.69997
30.35270
30.21205
29.94131
29.90853
29.68617
29.88648
29.72274
29.83039
29.50438
29.63901
29.31317
29.62836
29.27498
29.46726
28.94538
29.24442
28.71931
29.27886
28.57982
29.17570
28.24226
29.16909
27.94063
29.71174
