22.07125
20.99566
22.32607
21.70136
22.18425
21.49363
21.82021
21.23905
21.44679
21.07810
21.54853
21.73948
22.24637
21.87767
21.80569
21.47641
21.67752
21.40121
21.42827
21.15904
21.17551
20.95150
20.96739
20.77492
20.80440
20.63352
20.76842
20.86117
20.92608
20.91527
21.37024
21.71027
21.61409
21.36403
21.21323
21.06147
21.01387
20.94213
20.87110
20.77232
20.70151
20.65759
20.60531
20.52947
20.47644
20.40849
20.38616
20.31449
20.28568
20.24072
20.42712
20.61433
20.61302
20.47358
20.94899
21.52219
21.51532
21.33745
21.03900
20.87888
20.67536
20.57436
20.45807
20.44766
20.56360
20.64322
20.50603
20.43955
20.27144
20.96192
22.23623
22.27900
21.84999
21.39136
21.06990
20.85134
20.69354
20.57563
20.47553
20.37813
20.30757
20.23636
20.18486
20.12265
20.12114
20.12349
20.15323
20.09478
20.01895
19.96234
19.90173
19.84710
19.79519
19.77412
19.73019
19.65171
19.60483
19.56291
19.52417
19.48593
19.47911
19.59654
19.67019
19.64528
19.63410
19.56699
19.52357
19.46660
19.41476
19.39725
19.40127
19.39933
19.36848
19.32509
19.29259
19.35222
19.56120
19.53989
19.48627
19.42652
20.18791
20.84257
20.76209
20.46580
20.23758
20.10910
20.01261
19.89753
19.82919
19.78406
20.82193
21.70363
21.51594
21.13466
20.75340
20.51855
20.32181
20.19708
20.10117
20.09374
20.14527
20.19566
20.11322
20.06426
19.93531
19.78817
19.62848
20.11019
21.16533
21.69877
22.44060
23.21957
23.91379
24.33459
24.85083
25.46234
25.29409
24.53229
23.79135
23.66935
23.41207
23.70320
24.22700
25.12026
25.62481
25.14687
24.84019
25.27913
25.21640
25.77200
26.13941
25.60347
25.38138
25.20704
25.03629
24.97142
25.54780
25.51151
25.94952
26.21305
25.79261
25.45270
24.96019
24.93917
24.84907
24.83633
25.54956
26.44574
27.02939
26.69528
26.18506
25.57800
25.26899
24.86575
25.67384
26.79672
26.42224
25.88224
25.43659
25.25376
25.35070
25.50362
25.49224
25.29371
25.08790
25.10931
25.08395
25.03302
25.20333
25.11574
24.96258
24.81834
25.55341
26.16314
25.98505
25.74984
25.88255
25.69523
25.40646
25.20707
25.60801
25.82839
26.14541
26.97864
26.82019
26.21870
25.99285
26.14789
25.86225
25.66275
25.87678
25.85652
25.88897
26.03112
26.20946
26.89168
26.94000
26.44192
25.98841
25.67418
25.44298
25.27837
25.10638
25.07869
25.00787
24.81945
25.37593
26.62487
27.38308
26.98503
26.65662
26.54866
26.17333
25.84293
25.02170
25.00853
25.44978
25.30086
25.12893
25.22818
25.06520
24.84812
25.10182
25.90148
26.11764
26.08807
25.69335
25.57950
25.95177
25.80414
26.52504
26.72886
26.33546
26.32919
25.95306
25.78576
25.66159
26.34069
26.51437
27.31909
27.52133
27.55666
28.21635
27.80970
27.45274
27.05795
26.97084
27.29388
27.34692
28.04635
27.68855
27.74231
27.95633
29.31241
30.59555
30.22946
30.15404
29.59184
29.21558
28.36496
28.32163
28.34190
28.31590
28.00300
27.88888
27.90111
28.09179
27.87190
27.68312
27.54924
27.39524
27.27548
27.32009
27.20717
27.29608
27.52454
27.66464
27.31749
27.33774
27.83980
29.50262
30.31460
29.86812
30.28260
30.84021
31.68570
32.25201
32.34811
33.12369
32.90626
31.34308
30.69577
31.50874
32.40543
33.57685
33.53630
32.99549
32.33609
32.53797
32.11454
31.25840
31.67630
31.43384
31.50007
31.91485
33.08735
32.87266
31.97784
32.16965
31.88975
31.87017
32.36386
32.12684
32.26330
31.86516
31.41794
31.23584
31.49613
31.24770
31.07471
30.35275
30.47536
30.58528
30.81150
31.03070
30.80355
31.50846
32.47853
32.44378
32.52141
32.00401
31.14766
30.66261
30.26490
30.49483
30.65672
30.94137
30.86471
30.61024
30.24781
31.46085
32.67282
32.30695
32.00901
31.35389
31.20171
30.90876
30.67268
30.66439
30.84729
30.37856
30.05997
29.66265
31.28981
31.63834
30.82706
30.55892
30.58439
30.02191
29.86869
29.94503
30.54801
31.24875
31.63721
31.72617
32.36949
32.02944
31.21870
30.79831
30.51564
31.27662
31.99865
32.21501
31.90222
31.56172
30.98423
30.68116
30.75156
30.58646
30.20654
30.26287
30.07187
30.32983
30.12937
30.06722
30.32106
30.28687
30.97746
31.46813
31.17206
31.75610
32.69478
32.30437
31.78671
31.84855
32.19588
32.33145
31.83151
31.41377
31.18961
31.94022
31.90310
31.86090
32.05944
32.07985
32.40899
32.17940
31.95461
31.55901
31.25860
31.24801
31.48636
31.47734
31.10288
30.99312
31.02217
31.24743
31.60071
31.57626
31.46495
31.40269
31.67190
31.28916
31.11579
30.94911
30.65775
30.84000
30.80642
30.78726
31.33088
30.98678
31.15150
31.38184
31.67450
31.51896
31.80331
32.52191
32.07286
31.77867
32.80381
33.18639
33.38179
33.97499
33.49072
34.62493
35.44447
35.28541
34.78526
35.19784
35.18589
34.25843
33.89334
33.84338
33.38524
33.54859
33.29390
32.69327
33.35991
33.99498
33.56589
32.70199
32.93409
33.48600
33.22401
32.82716
32.42474
32.21332
31.91576
32.97285
34.49806
35.08564
34.59663
34.35535
33.97063
33.39301
32.89168
33.27615
34.49424
33.57298
32.92183
32.48748
32.74899
33.39652
33.59980
33.82271
34.12462
33.75243
33.47124
33.25940
33.02330
32.69275
32.31944
32.60192
33.64610
33.67052
33.79205
33.46319
33.20814
32.74984
33.00435
33.08440
32.87525
32.75261
33.11057
33.52633
33.66739
33.47788
33.77070
33.81313
33.62547
33.82689
34.03220
34.19732
34.01100
33.59883
33.45425
33.19680
34.11912
34.09942
33.69384
33.32607
33.33325
33.37378
33.14497
33.10891
32.39609
32.04706
32.31535
32.90143
32.83741
33.04954
33.86784
33.53523
33.15465
33.24561
34.11333
33.96659
33.84022
34.45638
34.48088
34.44102
34.14423
34.69697
34.92819
34.42901
34.15290
34.04225
34.33351
34.37380
34.73756
34.86493
34.26062
34.04601
33.91689
33.74426
34.09842
33.70438
33.01590
33.29808
33.63339
33.82840
33.74056
34.34429
33.41197
33.25700
34.42169
34.32331
34.68171
36.06759
36.88240
36.32626
37.12129
37.60289
36.46298
36.73933
37.46021
36.67465
35.78628
35.36646
35.15403
35.10593
34.91041
34.83226
34.60411
34.38281
34.43827
34.83648
34.82616
34.73889
34.56928
33.95633
33.09677
33.52598
34.53140
34.69868
34.57828
33.37650
33.39402
34.33163
33.88228
34.06888
35.00332
34.80517
34.38576
33.68311
33.28256
33.54942
33.78804
33.27009
33.31570
32.46724
33.28745
34.64506
34.62706
34.21589
34.44219
34.32114
34.81126
34.53465
34.97386
34.24109
34.69723
34.98982
35.28520
34.50944
34.87880
33.78980
34.90722
34.11104
35.07507
33.59297
34.69451
33.13965
36.33041
