27.99191
26.27604
27.03498
25.94471
26.49585
25.70572
26.15168
25.57570
25.87773
25.36355
25.55374
25.13457
25.45572
25.13008
25.29043
24.97166
25.01623
24.86830
24.96454
25.14767
25.38445
25.09163
25.15447
24.92331
24.96764
24.76602
24.80873
24.68443
24.69316
24.57134
24.55614
24.43229
24.40816
24.30485
24.27233
24.16247
24.12271
24.50855
24.56372
24.40609
24.38905
24.30725
24.26402
24.17781
24.14047
24.06743
24.02341
23.96590
23.89318
23.82445
23.84745
23.83625
23.81190
23.74770
23.70222
23.63807
23.60428
23.56075
23.55045
23.48616
23.44383
23.38391
23.35207
23.28869
23.26378
23.18997
23.18218
23.04824
23.32667
23.48482
23.41592
23.33697
23.90382
24.28191
24.06073
24.02465
23.94250
23.89532
23.80060
23.78425
23.73323
23.69810
23.62725
23.58121
23.51432
23.46782
23.40608
23.35631
23.29250
23.24768
23.18955
23.14198
23.07905
23.03627
23.01034
22.90237
22.87371
22.86940
22.84349
22.80268
22.74868
22.74595
22.73575
22.72630
22.67348
22.63009
22.77348
22.79683
22.73018
22.75958
22.78729
22.79376
22.76908
22.73667
22.67355
22.63381
22.59720
22.59007
22.56023
22.54340
22.48365
22.47751
22.36269
22.54226
23.18260
23.18316
23.05273
23.00555
22.99405
22.93504
22.97484
22.95435
22.93807
22.90986
22.82895
22.84039
22.84462
22.82877
22.79660
22.72350
22.76038
22.76464
22.73515
22.71047
22.67691
22.77409
23.57437
24.26745
24.97776
25.96773
26.67431
26.93821
27.17225
27.30840
27.19364
27.05618
27.57644
27.56291
27.23853
27.15298
27.10672
26.93390
26.85458
26.74019
26.60913
26.60089
26.44552
26.32667
26.22224
26.11247
25.96710
25.80903
25.69458
25.61228
25.50409
25.75626
26.16724
26.03687
25.85654
25.71286
25.58630
25.44562
25.36945
25.17096
25.49090
25.70679
25.53426
25.48165
25.43554
25.33469
25.29694
25.43017
25.30982
25.34205
25.30087
25.28471
25.17712
25.11886
25.14668
25.14117
25.19679
25.19419
25.14210
25.81263
25.79393
25.50739
25.52048
25.77318
25.65572
25.54188
25.49276
25.48909
25.51163
25.34622
25.48218
25.63809
25.55565
25.65991
25.45863
25.49491
25.53592
25.54870
25.50350
25.43215
25.33831
25.23455
25.09775
24.98854
24.94667
25.17337
25.65436
25.71997
25.71761
25.51440
25.47027
25.43328
25.37851
25.34086
25.26264
25.24060
25.23570
25.24708
25.21272
25.14452
25.04249
24.98666
24.97383
24.95929
24.90997
24.94580
24.92617
24.90617
24.84280
24.75575
24.63831
24.62404
24.64667
24.56472
24.50294
24.43495
24.34987
24.26025
24.58609
24.75903
24.72070
24.61946
24.58688
24.55557
24.49379
24.42678
24.35575
24.28262
24.18028
24.08079
23.97360
23.90011
23.93944
24.37017
24.48479
24.57897
24.70549
24.61113
24.54176
24.48233
24.40860
24.84682
24.92132
24.77493
24.78492
24.72646
24.61103
24.56891
24.54220
24.51980
24.42237
24.26110
24.32366
25.03751
25.39471
25.25367
25.52208
25.98111
25.90003
25.93751
25.97742
25.81615
25.86117
25.96984
26.18176
26.36643
26.25819
26.20671
26.14794
26.01756
25.88000
26.03830
26.04132
26.03636
25.86600
25.78913
25.74528
25.70569
25.57476
25.31831
25.37429
25.46670
25.42434
25.41837
25.77284
25.71714
25.70638
25.68400
25.62705
25.54114
25.46604
25.45505
25.39299
25.40827
25.44612
25.45231
25.42321
25.34176
25.24306
25.25938
25.31872
25.25204
25.38231
25.39242
25.37478
25.38229
25.26465
24.93241
25.48930
25.70921
25.64754
26.09838
26.46810
26.89442
26.89035
26.68785
26.53959
26.41777
26.27234
26.12759
25.99566
25.89740
25.71574
25.75968
25.77546
25.72119
25.66011
25.74269
26.09249
26.23451
26.26847
26.41587
26.25615
25.95793
26.15605
26.10081
26.02493
26.02477
25.79352
25.60901
25.72072
25.56435
25.69129
25.63712
25.69840
25.75869
25.66804
25.78252
25.68982
25.70263
25.59835
25.61783
25.61167
25.50187
25.40395
25.29841
25.35992
25.29091
25.22221
25.11999
24.99664
25.04866
25.01283
25.13024
25.15583
25.15292
25.13350
25.13905
25.09056
25.00842
25.00208
24.98072
25.10008
25.26718
25.33880
25.42230
25.32152
25.77118
25.90214
26.03264
26.07341
25.95460
26.13650
26.14299
26.08209
26.12840
26.35271
26.26537
26.31020
26.17907
26.07758
26.01660
25.97707
25.87754
25.80673
25.71727
25.59976
25.52026
25.48616
25.28697
25.49147
25.55392
25.50042
25.58032
25.57782
25.54539
25.43149
25.46348
25.42294
25.46711
25.36034
25.96290
26.58873
26.22503
26.13087
26.03824
26.02090
25.89907
25.83071
26.14547
26.15073
26.11017
26.14334
26.05687
25.92491
25.87975
25.83952
25.79838
25.63848
25.57066
25.61425
25.65623
25.61356
25.51717
25.46785
25.55639
25.63193
25.60571
25.54769
25.76086
25.73493
25.77152
26.16528
26.25250
26.53516
27.18201
26.97943
26.91917
26.71653
26.49714
26.30197
26.75033
26.79235
26.73725
26.61319
26.68023
26.92996
26.89042
26.80598
26.92850
27.19781
27.09322
27.14682
27.06914
27.06846
26.93578
26.69559
26.79943
26.77989
26.74364
27.03243
27.03887
26.94850
27.02367
27.52376
27.53382
27.60526
27.34895
27.65003
27.64144
27.62967
27.44764
27.49897
27.49560
27.40822
27.20100
27.08081
27.08760
27.00173
27.08689
26.97165
26.97976
26.98524
26.90786
26.66792
26.62656
26.42831
26.48611
26.71625
26.58059
26.71123
26.64202
26.57837
26.57927
26.45728
26.41720
26.30141
26.26320
26.27828
26.17578
26.15726
26.07929
26.01912
25.83481
25.88010
26.38009
26.49050
26.51610
26.30539
26.26283
26.26085
26.20289
26.25115
26.18980
26.19015
26.29331
26.40284
26.66196
26.63331
27.07247
26.95112
26.53283
26.77660
26.71852
26.73415
26.73673
26.78221
26.73421
26.69159
26.62508
26.54319
26.46640
26.44138
26.25428
26.18641
26.16623
26.08157
25.96033
25.89622
25.75166
25.74043
25.67105
25.74231
25.66578
25.77411
26.33823
26.85715
26.93998
26.83093
26.82096
26.67269
26.64021
26.60695
26.58592
26.51980
26.32339
26.54811
26.91202
26.66397
26.77233
26.71776
26.72090
26.60508
26.50403
26.85293
26.84334
26.86490
26.80388
26.73640
26.61325
26.50738
26.63743
26.68070
27.10509
27.11094
26.92710
26.82492
26.77774
26.77155
26.69578
26.53555
26.45355
26.55011
26.41388
26.33362
26.57911
26.48546
26.47325
26.49261
26.31470
26.47369
26.67835
26.58158
26.60157
26.43896
26.55421
26.55684
26.52512
26.52490
26.53984
26.43982
26.36637
26.42631
26.45130
26.41887
26.37440
26.34950
26.24113
26.15340
26.09552
26.36185
26.37224
26.30310
26.24515
26.31129
26.30711
26.39975
27.02751
27.29276
27.40189
27.45695
27.31600
27.41107
27.77313
27.59913
27.57912
27.52256
27.53152
27.26742
27.32122
27.56541
27.43711
27.47961
27.38478
27.37050
27.11607
27.17888
27.22823
27.24216
27.24407
27.15735
27.06795
26.97483
26.84625
26.75864
26.66692
26.53726
26.84958
26.76923
26.80412
26.76019
26.74335
26.53456
26.53827
26.61863
26.63184
26.62524
26.59823
26.44699
26.40508
26.53085
26.43709
26.73170
26.96727
26.72694
27.33348
28.00257
27.88231
27.66641
27.53973
27.50142
27.52016
27.85535
27.83262
27.90259
28.39223
28.28874
28.46809
28.53151
28.25689
28.35638
28.45011
28.34241
28.06904
28.10596
28.05714
28.13087
27.76733
28.08227
28.28651
28.35236
28.31538
28.76094
28.97206
28.85655
28.67718
28.56732
28.62838
28.30999
28.75778
28.76599
28.86006
28.83659
28.82893
28.75668
28.49098
28.57206
28.62391
28.65533
28.56220
28.46687
28.30477
28.22907
28.13438
28.02314
27.87892
27.81679
27.65832
27.50001
27.48367
27.52008
27.49940
27.52548
27.63686
27.66349
27.64820
27.57033
27.48823
27.38817
27.30701
27.21663
27.12509
27.05621
26.96686
26.91527
26.82829
26.76995
26.65414
26.60541
26.62093
26.67819
26.62537
26.58481
26.45186
26.41197
26.66196
26.78523
26.85298
26.81496
26.80309
26.75319
26.72184
26.65885
26.61654
26.56181
26.49148
26.40705
26.34729
26.30284
26.24284
26.22263
26.20640
26.10227
26.37142
26.44012
26.46890
26.49339
26.44478
26.35133
26.84380
27.34810
27.66031
27.53776
27.41991
27.43048
27.37210
27.30309
27.21844
27.14502
26.96761
27.02565
27.00806
27.09619
26.99181
26.99566
27.34677
27.23029
27.28939
27.26168
27.19187
27.06900
26.93457
26.90389
26.93977
26.88381
26.89545
26.84434
26.79982
26.71336
26.70037
26.61748
26.60578
26.40482
26.44321
26.50419
26.41029
26.35882
26.28197
26.25218
26.20082
26.15619
26.09476
26.02144
25.94475
25.92016
25.90424
25.87180
25.83225
25.74561
25.82527
26.22513
26.25177
26.20808
26.20414
26.14184
26.28502
26.23635
26.49329
26.41551
26.39973
26.26087
26.49543
27.21946
27.75316
28.40045
28.45433
28.23693
28.09823
28.00056
27.93088
28.00600
27.92275
27.90065
27.82944
27.79802
27.62698
28.11240
27.95959
27.93467
27.83259
28.09181
27.93662
28.03904
27.90670
27.93662
27.79197
27.88164
27.57067
27.73129
27.61339
27.74931
27.44506
27.59379
27.24301
27.43674
27.01034
27.26637
26.74891
27.19179
26.96729
27.52768
26.78399
27.72254
