36.59198
33.91346
35.06597
33.70944
34.37208
33.37715
33.93647
33.81673
34.65403
33.92936
34.55371
34.02605
34.14091
34.18012
34.49745
33.83051
33.85298
33.48088
33.91213
33.99677
33.93305
33.53887
33.54523
33.69090
33.93946
33.64776
33.66921
33.54164
33.52493
33.32642
33.44964
33.45038
33.63939
33.55307
33.50480
33.38094
33.33101
33.18572
33.49464
33.90676
33.99781
33.82927
33.65390
33.71888
33.59221
33.43368
33.33475
33.38490
33.39533
33.28817
33.16708
33.16005
33.09127
33.03929
33.00989
33.30204
33.33952
33.16749
33.01771
32.94844
32.85585
33.04172
33.28214
33.64369
34.14144
33.91113
33.84568
33.81984
33.61075
33.52537
33.29476
33.75582
34.24079
33.96117
33.68950
33.57201
33.72296
33.56358
33.39200
33.25495
33.18000
33.09172
33.09207
33.04102
32.95513
32.86391
32.80240
32.85985
32.87883
32.82446
32.88623
33.16071
33.20674
33.02593
32.87818
32.96255
32.90162
33.16345
33.40184
33.32602
33.78056
33.66404
33.29216
33.08579
32.97986
32.89608
32.86353
33.09374
33.14606
33.00192
32.82512
32.73821
32.62983
32.63446
32.56745
33.68497
34.38818
33.95419
33.51811
33.22784
33.08143
33.45772
33.53384
33.37126
33.56078
33.65560
33.35326
33.67566
34.53031
36.13274
37.18922
37.04933
36.53402
36.46210
37.53212
37.41850
36.62762
36.71130
38.46846
38.65516
38.16173
37.48429
37.01229
36.67406
36.95529
37.03900
36.73567
36.89177
38.00074
37.76110
37.25648
36.78858
36.82595
37.12284
37.29786
37.16510
37.22301
37.04474
37.72465
38.63959
39.06108
40.12320
40.16472
39.94889
39.27327
38.61627
38.08020
38.18551
39.34355
39.79330
38.91709
39.71268
39.70266
39.06571
38.52961
39.00735
39.02116
39.61242
40.58510
40.42887
39.64060
39.23482
39.19648
40.44837
41.57909
41.61171
41.93991
41.73255
40.88600
40.32505
40.08957
39.84387
39.83867
39.55143
39.37371
39.33116
39.63191
39.59843
39.97099
39.94360
39.48475
39.24733
39.11395
39.56243
39.98663
39.37699
39.81369
41.28292
41.17910
40.30313
40.13061
40.04146
40.04889
40.34179
40.07959
39.71602
39.38374
39.58532
39.52493
39.37368
39.12709
40.10044
41.23945
40.75235
39.88371
39.80657
40.39432
39.96404
40.15518
40.58997
40.18882
39.80081
39.60998
40.41651
40.44543
39.68194
40.58484
41.42931
41.93256
41.69849
40.63674
40.24131
39.83347
39.96449
40.45380
40.37765
40.16491
40.06182
40.63282
40.33173
39.84335
40.20204
41.27889
42.54378
43.15289
43.34614
42.45240
41.95167
41.94810
41.56958
41.20795
40.78267
40.50880
40.41248
40.42725
40.87031
40.71165
40.26378
40.01582
39.86550
40.25338
40.30081
39.90353
39.66527
39.51223
39.48630
39.53120
39.40231
39.19352
39.42464
39.39761
39.46669
39.31713
39.22343
39.01990
38.83848
38.70662
38.70636
38.71286
38.66342
38.58255
38.46862
38.47480
38.42179
38.31901
38.22251
38.20051
38.16647
38.26114
38.23534
38.16471
38.14555
38.14905
38.01325
38.38046
38.82472
38.48782
38.23893
38.15945
38.15534
37.96015
37.84498
37.82845
37.71636
37.75313
37.97988
38.01047
37.77194
37.61352
37.54712
37.54746
37.45507
38.02263
38.24650
37.89569
37.63687
37.44941
37.47746
37.39066
37.31640
37.20951
37.14989
37.06830
36.96708
36.90841
37.07773
37.00395
37.96612
38.64186
38.36726
38.21092
37.81398
37.47065
37.71497
38.52874
38.32978
37.89667
37.52117
37.26257
37.07592
36.96407
36.81943
36.75188
36.66834
36.60650
36.59514
36.54272
36.45518
36.48813
36.61465
36.74063
36.69474
36.64956
37.02858
37.37338
37.14473
36.76640
36.66483
36.63759
36.48260
36.37727
36.35085
36.30143
36.32964
36.20878
36.35824
36.54943
36.49117
36.75239
36.70697
36.61984
36.50289
36.43225
36.40292
36.20868
35.99521
35.98348
35.99050
36.05726
36.12176
36.06077
36.07581
35.92905
35.86992
36.05177
35.94804
36.23144
36.19364
36.17300
36.07150
36.34237
37.00615
37.00511
36.63119
36.35777
36.28825
36.24888
36.14112
36.05660
35.95826
35.90064
35.84572
35.83716
35.68415
35.74721
35.62578
35.73264
35.95938
36.04299
35.82863
35.77607
35.73796
35.81498
36.14857
39.89878
42.50309
45.52122
48.00400
49.11208
50.16040
49.67575
49.04676
48.30243
47.04555
48.15205
50.22059
49.84981
50.13145
49.72704
48.32034
46.99259
47.34210
47.32606
46.37783
45.77184
45.42819
45.09984
44.79490
44.48621
44.21061
43.94455
43.88964
43.76314
43.69844
43.43040
43.28441
43.27690
43.01019
42.91140
42.89801
42.81008
42.96791
42.87840
42.76319
42.42006
42.26492
42.12944
42.78208
43.21225
43.04884
42.64053
42.17815
41.87211
41.67018
41.59462
41.64179
41.36587
41.22264
40.99579
41.61436
42.50164
42.06613
41.55886
41.22453
40.99761
40.86005
40.77025
40.86330
40.69427
40.58825
40.42442
41.41758
42.48966
41.99356
41.62572
43.02149
43.58463
42.47157
41.70802
41.08794
40.97450
40.77326
40.60737
40.80984
41.00270
40.40251
41.40230
42.71886
43.54393
45.11901
44.14821
42.90262
42.50900
43.27219
43.30389
43.46383
44.04995
43.78658
42.99726
42.39729
42.09133
41.76916
41.31228
41.13839
40.77232
40.90396
40.86886
41.43004
43.04872
42.53334
41.91146
41.90403
41.85573
41.55022
41.46084
41.41401
41.38886
41.12613
42.22860
42.95618
42.59645
42.68475
44.61275
45.39339
44.57554
44.90870
44.76115
44.59093
45.42971
45.48232
45.05737
48.00932
48.66229
47.18156
46.88101
45.86687
48.01331
49.99164
48.16200
47.43641
48.13380
47.19722
47.39735
48.39265
47.24753
46.85227
46.80462
46.32780
46.14518
45.81418
46.96473
48.35893
48.13641
48.42259
48.69553
49.89211
49.82689
50.02393
49.97457
50.01921
49.97800
50.01682
49.97979
50.01573
49.98023
50.01633
49.97835
50.01455
49.69039
49.52941
49.20848
48.54147
49.14417
49.57041
48.91630
49.80137
49.55731
48.73271
48.12067
47.73923
47.33752
47.32689
47.26823
46.99012
46.74769
46.95804
46.99447
47.76755
47.45616
48.64900
49.86218
48.63822
47.57000
46.83552
46.56404
46.42922
46.52270
46.38544
46.36113
46.14447
45.91351
45.94551
46.82450
46.67930
46.11859
45.64975
45.39573
45.27934
45.10992
44.95485
44.84256
44.77260
44.63203
44.52062
44.50804
44.33334
44.78448
45.21870
44.86732
44.52603
44.38571
44.27876
44.52590
44.49258
44.06155
43.92447
43.70541
43.75882
43.97313
44.10126
43.94425
43.61042
43.48023
43.60393
43.49723
43.41551
43.17845
43.21056
43.28849
44.71152
45.60004
44.79180
44.13220
43.76483
43.49376
43.09782
43.35151
43.99861
44.51711
44.24079
43.58328
43.22042
44.17733
44.29504
43.82279
43.89567
44.48925
45.11739
45.01431
47.07522
47.06311
46.20372
45.26159
45.09445
44.62429
44.63763
44.31231
45.72835
46.88722
47.21330
48.52715
47.67085
46.71350
45.93380
45.60076
45.27706
45.28950
45.02219
44.86764
44.64294
44.57797
44.32336
44.88279
45.25711
44.96295
44.53806
44.34666
44.21456
44.01661
44.12707
44.15804
44.00490
43.95822
43.91467
43.77198
43.71403
43.67195
43.79300
43.65087
43.81559
43.92804
44.29170
44.27814
45.32341
45.96241
45.34284
44.86323
45.57329
46.92453
46.13308
46.23309
45.96992
45.48680
45.33624
45.60740
45.09775
45.16583
45.10518
45.46875
47.17388
47.54193
46.79405
46.52769
46.13313
45.76007
45.57067
45.64171
45.51444
45.31031
45.11662
44.97264
44.85163
44.74706
44.61813
44.53292
44.44211
44.34970
44.26195
44.17389
44.09225
44.02060
43.93960
43.87812
43.86622
43.79547
43.70191
43.60601
43.53200
43.46887
43.42065
43.36013
43.26777
43.19768
43.14672
43.09500
43.02988
42.98289
42.91631
42.85204
42.79937
42.69535
42.62700
42.56116
42.49156
42.44665
42.37637
42.29483
42.21850
42.19135
42.15216
42.07067
42.00567
41.93648
41.85946
41.78307
41.72044
41.65341
41.58279
41.52623
41.46141
41.38672
41.37517
41.37865
41.29189
41.20070
41.12857
41.05920
41.01918
41.00247
40.91533
40.83706
40.76860
40.86973
40.93849
40.80098
40.67569
40.57337
40.49437
40.42123
40.34993
40.28206
40.20716
40.17193
40.16710
40.08508
39.97941
39.90444
39.81755
39.76134
39.72525
39.68059
39.61521
39.53891
39.45627
39.37746
39.32613
39.25548
39.17876
39.11967
39.04108
39.00209
38.91952
38.85789
38.78593
38.73938
38.70092
38.69395
38.59042
38.58430
38.49787
38.46241
38.34027
38.33124
38.20636
38.20916
38.08929
38.11603
37.94984
37.98875
37.81889
37.87323
37.68331
37.77843
37.58922
37.69152
37.45216
37.66500
37.41980
37.59716
37.26643
37.55098
37.15761
37.45244
36.99103
37.35424
36.82688
37.36880
37.02529
37.93694
37.04121
37.81224
36.64386
37.87259
36.56995
