9.32218
9.63583
10.56193
10.40090
10.71630
10.44682
10.54462
10.28770
10.31099
10.06327
10.09065
9.92549
9.95394
9.80123
9.83002
9.70297
9.73322
9.61186
9.63359
9.53983
9.55436
9.53304
9.66470
9.68771
9.72539
9.66380
9.67938
9.62061
9.58438
9.54172
9.56654
9.52447
9.50262
9.45485
9.44364
9.46973
9.57649
9.63162
9.65081
9.63533
9.60720
9.57472
9.59715
9.59815
9.58317
9.56853
9.55858
9.52926
9.48951
9.44567
9.40615
9.37567
9.34156
9.33531
9.32833
9.31781
9.30811
9.27296
9.25413
9.24002
9.22571
9.20931
9.19109
9.16012
9.13179
9.10319
9.07064
9.04958
9.02802
8.97306
8.97263
8.95397
8.92991
8.92257
8.87624
8.85586
8.82622
8.79679
8.76764
8.74314
8.71140
8.68337
8.66167
8.63899
8.61093
8.58231
8.55184
8.52290
8.49387
8.46329
8.43774
8.40770
8.38774
8.35480
8.34806
8.32860
8.32295
8.35716
8.39327
8.45721
8.51504
8.52011
8.49848
8.48487
8.46130
8.42233
8.37592
8.35255
8.31645
8.28836
8.25727
8.22721
8.20119
8.17298
8.14380
8.11209
8.10790
8.10511
8.08857
8.12254
8.16384
8.18016
8.17714
8.15589
8.15788
8.21813
8.25094
8.25725
8.24715
8.22026
8.18181
8.13929
8.09760
8.06694
8.03570
8.00445
7.99505
7.96828
7.96208
7.93699
7.89827
7.86682
7.84562
7.82017
7.80711
7.87042
7.93607
7.96813
7.98418
7.97525
7.93609
7.90866
7.86575
7.84535
7.82213
7.77354
7.73997
7.69955
7.70827
7.81126
8.16330
8.55108
8.81922
8.92474
9.00920
9.10523
9.24549
9.63759
10.06099
10.32067
10.51682
10.68726
10.96178
11.35648
11.64952
11.64782
11.75928
11.84287
11.87541
11.87851
11.70657
11.67335
11.68842
11.72643
11.66240
11.64992
11.75743
11.92744
12.00433
11.97255
11.89875
11.83580
11.80353
11.80569
11.78379
11.73152
11.71892
11.68345
11.61407
11.61705
11.62033
11.77035
11.90218
11.93928
11.93248
11.88756
11.80731
11.78842
11.76091
11.73237
11.74346
11.74244
11.77535
11.87010
11.95521
12.03886
12.06789
12.06494
11.94315
11.71962
11.86435
12.05651
12.27983
12.54678
12.70521
12.89952
13.09391
13.13576
13.08716
13.00724
12.86382
12.92457
13.29724
13.49820
13.51421
13.46121
13.33880
13.18603
13.07531
12.99736
12.89266
12.86139
12.86765
12.87525
12.92852
13.10763
13.22711
13.31282
13.28873
13.24229
13.11325
13.40185
14.17244
14.46935
14.44350
14.32003
14.18433
13.98311
13.94643
14.12159
14.12846
14.07249
13.92063
13.78256
13.74386
14.10502
14.63153
14.73930
14.72467
14.58616
14.45801
14.04952
14.27935
14.77247
14.75578
14.66329
14.62372
14.59712
14.55863
14.44780
14.39376
14.52047
14.50642
14.38449
14.31692
14.37620
14.30659
14.19586
14.05655
13.96103
13.89023
13.81532
13.78385
13.74825
13.71498
13.67338
13.33214
13.18911
13.82106
15.28038
15.94994
16.02266
16.05163
16.04025
15.34403
15.39661
15.39420
15.26042
15.11148
14.94263
14.76354
14.60064
14.44069
14.31650
14.30034
14.60496
14.88348
15.03062
15.28376
15.29602
15.27224
15.21585
15.05534
15.24243
15.64166
15.62075
15.67123
15.72977
15.63251
15.48297
15.38315
15.32144
15.16072
15.05993
14.99282
15.03240
14.95309
14.90971
14.86468
14.84748
14.73233
14.69447
14.78640
14.95010
14.94628
14.99312
14.97695
15.02442
15.07201
15.28607
15.43488
15.50130
15.49832
15.73725
16.03769
16.01054
15.89502
15.81201
15.69463
15.55394
15.96345
16.33319
16.32787
16.26868
16.13324
15.95864
15.75355
15.81270
16.11997
16.59319
16.84650
16.58413
16.56435
16.64284
16.57581
16.39159
16.25323
16.00227
15.74326
15.48493
15.28202
15.14872
14.71099
14.54573
14.73499
14.73197
14.74940
14.70563
14.66271
14.58308
15.03335
15.50431
15.61105
15.57022
15.46135
15.28184
15.59890
15.85900
15.82812
15.45083
15.36944
15.33897
15.22197
15.19581
15.27899
15.24126
14.98114
14.98224
15.07207
15.07889
15.15477
15.17615
15.12550
15.07522
15.08371
15.11031
15.03671
15.09820
15.04548
14.97910
14.90792
14.72450
14.65639
14.67072
14.66406
14.61729
14.63938
14.85286
15.30205
15.38948
15.40919
15.34704
15.67278
16.42109
16.63634
16.65150
16.51882
16.29607
16.16350
16.09610
15.90023
15.72264
15.51888
15.28870
15.45740
15.95872
15.99569
15.90462
16.02172
16.14219
16.01899
15.90374
15.94274
15.85710
15.94105
16.20535
16.19071
16.18809
16.51372
16.58864
16.56742
16.47564
16.31840
16.10870
15.90951
15.79827
15.63364
15.88793
16.05302
16.24393
16.28702
16.25147
16.32509
16.50841
16.47749
16.46758
16.61738
16.74758
16.76798
16.54294
16.62869
16.74583
16.70467
16.57471
16.37327
16.52759
16.82785
16.92134
16.84230
16.67146
16.48105
16.30643
16.13742
15.97981
15.92654
15.80303
15.70029
15.67739
15.65137
15.61768
15.54764
15.59499
15.72509
15.79350
15.75053
15.82174
16.07924
16.24197
16.26998
16.12325
16.06321
15.89428
15.75355
16.07185
16.08920
16.00475
15.94740
15.83066
15.78874
15.99976
16.45001
16.60838
16.59027
16.51483
16.43295
16.27367
16.18069
16.16973
16.33379
16.51433
16.55727
16.52557
16.45670
16.38509
16.33550
16.27489
16.16601
16.25437
16.30511
16.26651
16.13349
16.08573
16.03158
16.08253
16.10473
16.14225
16.16603
16.19065
16.11545
16.36916
17.20835
17.54735
17.50098
17.35141
17.09182
16.86269
16.67190
16.52197
16.37432
16.20222
16.15347
16.21930
16.20305
16.13561
16.05523
16.00301
15.96404
15.90072
15.88237
15.82987
15.82516
15.74612
15.60412
15.54475
15.51837
15.50446
15.47670
15.47732
15.48924
15.50768
15.49271
15.50846
15.39775
15.36831
15.41371
15.41195
15.38964
15.64905
16.43794
16.85519
16.96658
16.93518
16.79524
16.61439
16.44658
16.23877
16.09396
15.92731
16.00218
16.40921
16.58486
16.53185
16.42849
16.28803
16.19626
15.83660
15.69758
15.64890
15.55347
15.49945
15.55955
15.58848
15.63297
15.74044
15.97246
16.08743
15.71294
15.65016
15.83030
16.05598
16.13872
16.11156
16.11792
16.17077
16.15868
16.29525
16.21831
16.32195
16.36458
16.32659
16.23974
16.17024
15.85222
15.66750
15.69933
15.63875
15.56835
15.61102
15.65878
15.60613
15.59677
15.46959
15.54685
15.78201
15.88456
15.78637
15.74399
15.71678
15.74875
15.81236
16.54485
16.35238
16.64681
16.86931
16.99134
17.35043
17.31387
16.88915
16.76001
16.47366
16.67907
16.18715
16.10757
16.06645
15.55371
16.23579
16.24352
16.33157
16.40965
16.84648
17.05979
16.99461
16.53325
16.61386
16.44659
16.04250
16.14706
16.93532
17.08493
17.02892
16.89526
16.99290
17.08344
17.00714
16.99010
16.96131
16.88133
16.54222
16.74056
16.98419
16.95261
17.06780
17.08116
17.03456
17.02669
17.05294
17.27828
17.48983
17.35184
17.69537
18.16506
18.36821
18.33618
18.18670
18.04839
17.84583
17.76126
17.69064
17.59892
17.44812
17.48227
17.62465
17.63902
17.67361
17.61632
17.58190
17.50001
17.61003
17.76633
18.07012
18.92855
19.23433
19.12894
18.93882
18.67794
18.49337
18.07750
17.76947
18.09374
18.67235
18.76941
18.57918
18.56548
18.51588
18.33193
18.16272
17.96204
17.74600
17.56326
17.65198
17.68547
17.64334
17.54701
17.42957
17.47303
17.56741
17.58021
17.46332
17.38118
17.34388
17.25516
17.24796
17.22098
17.24897
17.23466
17.44472
17.40278
17.56371
18.24231
18.32692
19.00465
19.23267
18.76878
18.77133
18.83769
18.85236
18.75394
18.62998
18.51998
18.60005
18.58115
18.55845
18.41904
18.39827
18.39541
18.32137
18.04692
17.74539
17.85529
17.62272
17.51429
17.38465
17.30835
17.22653
17.51461
17.32152
16.92291
17.78794
18.40062
18.31320
18.17335
18.00888
17.84872
17.68923
17.61548
17.55476
17.48744
17.45695
17.67447
17.78136
17.71519
17.66536
17.57188
17.47318
17.49183
17.52599
17.56448
17.50619
17.34666
17.46781
17.99219
18.16057
18.20807
18.13033
17.99968
17.84892
17.77453
17.71855
17.76559
17.97078
18.31491
18.52867
18.47974
18.35604
18.36641
18.15326
18.26990
18.37383
18.26747
18.27623
18.24726
18.18237
18.10002
18.01880
17.92862
17.83903
17.74449
17.69380
17.70268
17.71122
17.68206
17.66804
17.60498
17.57185
17.52181
17.47730
17.43690
17.40746
17.38466
17.34983
17.31911
17.28879
17.26624
17.22811
17.21537
17.18918
17.16295
17.13844
17.11675
17.11116
17.07834
17.06349
17.04296
17.01464
16.99298
16.96899
16.95323
16.92666
16.89882
16.87344
16.84448
16.82258
16.81102
16.78791
16.76789
16.75024
16.69882
16.68657
16.66517
16.63181
16.60934
16.59039
16.57059
16.55065
16.53786
16.49459
16.45606
16.44770
16.41723
16.38119
16.34226
16.31712
16.28698
16.26371
16.22994
16.19913
16.17638
16.13993
16.11075
16.08037
16.04654
16.01101
15.98244
15.95588
15.92753
15.89051
15.86359
15.82930
15.79840
15.76350
15.73049
15.70069
15.67016
15.64894
15.61157
15.57246
15.54341
15.49875
15.47265
15.44835
15.40428
15.36979
15.33614
15.29906
15.26570
15.23466
15.21526
15.17502
15.12721
15.11014
15.08978
15.06858
15.03272
15.00059
14.96267
14.92962
14.89302
14.87114
14.81874
14.78964
14.75382
14.70991
14.67418
14.63320
14.59995
14.55361
14.52439
14.48535
14.47390
14.42051
14.36885
14.32531
14.28680
14.25298
14.20113
14.16622
14.13201
14.09184
14.06001
14.01590
13.75333
13.80615
14.02187
14.19705
14.37386
14.49752
14.56552
14.60096
14.58755
14.62027
14.81897
15.24489
15.59669
15.86054
15.98700
16.05376
16.21318
16.42577
16.47585
16.47089
16.41213
16.38255
16.36912
16.32781
16.28005
16.30149
16.20712
16.14148
16.02716
15.97132
15.83400
15.80896
15.68077
15.68442
15.58259
15.63650
15.50089
15.51977
15.36278
15.38613
15.23808
15.28723
15.13985
15.10108
14.72080
15.17437
14.83540
15.09144
14.72241
15.02233
14.56126
14.99874
14.36907
