12.62629
12.18760
12.64062
12.56284
12.41436
13.77011
18.88349
17.93173
18.19667
17.76639
18.08883
17.73379
17.72284
17.50735
17.96049
17.54893
17.64962
17.43687
17.57302
17.40660
17.48252
17.28733
17.34094
17.16665
17.24250
17.33523
17.64491
17.47344
17.52295
17.50710
17.53312
17.92384
18.11455
18.12387
17.59736
17.67786
17.59885
17.44833
17.29809
17.44865
18.09886
18.19447
18.17004
18.30252
18.27951
18.19599
18.02783
18.03058
18.18094
18.08868
17.93998
17.80173
17.70253
17.61743
17.57421
17.52464
17.57312
17.67284
17.63898
17.54283
17.43744
17.35636
17.29494
17.24765
17.20181
17.16531
17.15079
17.22201
17.34208
17.43957
17.37961
17.27825
17.13978
17.09571
17.15839
17.19200
17.22397
17.48793
18.17017
18.64808
18.62782
18.89369
19.46225
19.70187
19.55297
19.80163
20.10464
20.57013
21.02463
21.18553
20.80985
20.31196
20.07428
20.52938
20.87242
20.65283
20.35783
19.93931
19.59151
19.46002
19.39773
20.03261
20.33712
20.09676
19.89667
19.75635
19.70274
19.56067
19.58279
19.38261
19.43224
19.36724
19.38365
19.29925
19.35093
19.41373
19.14067
19.04806
19.02084
18.97582
18.95405
19.09714
19.26934
19.12982
19.02805
19.09796
19.16924
19.12741
18.98198
18.82812
18.57688
18.70789
18.95721
19.16836
19.05088
19.05720
19.54884
19.84543
19.89240
20.39414
20.64680
20.48910
20.58307
20.40495
20.40899
21.29918
22.35241
22.33375
21.99621
21.93618
21.45237
21.28930
20.94927
20.63636
20.60395
20.68440
20.54079
20.29322
20.14271
20.10601
20.04158
20.08402
20.08635
20.15617
19.77088
19.54566
19.87631
20.02703
19.25343
19.59999
19.81932
19.72685
19.71048
19.58970
19.43329
19.30455
19.35545
19.32408
19.30338
19.59036
20.25132
20.15363
19.94137
20.04083
20.20592
19.96482
19.65536
19.94646
20.83815
21.29090
20.93412
20.51485
20.34431
20.30482
20.20247
20.07717
20.01070
20.43139
20.55754
20.31699
20.06642
19.90194
19.72925
19.74200
19.62007
19.27695
19.51895
19.60289
19.58937
19.44992
19.48792
19.48108
19.35483
19.28666
19.16461
19.07210
19.20983
19.23529
19.41163
19.39472
19.60453
19.55744
19.24078
19.35558
20.04472
20.34021
20.07322
19.58146
19.96505
20.12970
20.10188
19.83170
19.92091
19.74915
19.71962
19.49377
19.28446
19.56532
19.97202
19.75251
20.10705
20.13192
19.60792
19.45817
19.67470
19.39301
19.48480
19.13032
19.12286
19.25567
19.26167
19.31522
19.16583
19.38766
19.38936
19.36345
19.59298
19.32381
19.25575
19.24156
19.23031
18.94204
19.04252
19.07865
18.90564
19.01190
18.87157
18.95176
19.34161
19.47619
19.63736
19.67100
19.53298
19.41166
19.31684
19.24057
19.17599
19.02918
18.92065
18.94369
18.91933
18.98431
18.96780
18.80482
18.76935
18.69907
18.80349
18.77072
18.70190
18.94132
18.74783
18.69395
18.87943
18.85071
19.27357
19.72041
20.17617
19.97547
19.72683
19.76010
19.59739
19.50500
19.26760
19.32583
19.48224
19.67200
19.62754
19.39879
19.47846
19.40351
19.20542
19.15600
19.05319
19.02031
18.89266
18.87508
18.73839
18.82138
18.88086
18.90101
18.82960
18.66264
18.63518
18.53268
18.56789
18.42267
18.26866
18.61443
19.33880
19.33552
19.25818
18.98084
18.82918
18.80991
18.72260
18.75713
19.00937
18.79736
19.14859
19.48344
19.75290
20.10749
20.04424
19.96979
19.79136
19.51327
19.45935
19.38458
19.26440
19.17423
19.14501
19.00074
18.93283
18.82016
18.97495
18.90928
18.83869
18.74884
18.71612
18.73957
18.72329
18.63671
18.53018
18.48472
18.33813
18.25171
18.17649
18.18503
18.12179
18.14205
18.27364
18.18547
18.14557
18.10554
17.97100
17.88874
17.87307
17.94573
17.98702
17.88833
18.10163
18.11370
17.92810
17.82993
18.09066
18.17153
18.17734
18.05395
18.16672
18.04383
17.79215
17.82443
17.72640
17.69083
17.62128
17.46445
17.34779
17.31037
17.31252
17.36332
17.31934
17.20854
17.47917
17.75942
18.13421
18.39115
18.27087
18.34449
18.52950
18.42303
18.58730
18.67135
18.46756
18.40072
18.27059
18.19905
18.09246
18.09069
18.13341
18.33159
18.42096
18.75193
18.49795
18.50266
18.71542
18.76663
18.80923
18.61838
18.67946
18.62823
18.49045
18.48081
18.29453
18.13280
18.16065
18.04228
18.02052
17.98726
17.76145
17.48665
17.35968
17.51467
17.68027
17.71826
17.92133
17.60469
17.51552
17.40777
17.28721
17.37130
17.28751
17.08076
17.35285
17.49628
17.58565
17.62459
17.48056
17.40352
17.53725
18.13623
18.23806
18.10860
18.01013
18.08119
18.20593
18.35522
18.72665
18.86651
18.90877
18.84880
18.68279
18.53654
18.34656
18.32251
18.27126
18.28672
18.09447
17.86449
17.79032
18.27514
18.74222
18.74557
18.64162
18.50224
18.36033
18.32027
18.44329
18.23233
18.04924
18.37092
18.80232
18.83083
18.74973
18.69007
18.44064
18.43719
18.07243
18.26640
18.66963
18.57297
18.63606
18.54972
18.70241
18.47087
18.33334
18.28517
18.17031
17.89584
17.70231
17.84879
18.19190
18.18420
18.11812
18.30732
18.52740
18.46070
18.31838
18.14969
18.08246
17.85472
17.69005
17.58115
17.49733
17.41973
17.29564
17.21567
17.28504
17.30416
17.29162
17.15904
17.08282
17.04411
17.07813
17.19681
17.16212
17.09765
17.37748
17.45812
18.12643
18.56600
18.35995
18.16834
17.97174
18.07069
18.25246
18.17438
18.05314
17.82135
17.68132
17.65105
17.67765
17.52633
17.65032
18.37505
19.16911
19.66749
18.85283
18.48573
18.77935
19.12910
19.62829
20.04852
20.19411
20.48884
20.46943
20.31872
20.16189
20.07808
20.08243
20.06593
21.24836
21.76041
21.55079
21.34177
20.98904
20.61335
20.48197
20.35185
20.41670
20.25790
20.23906
20.28893
20.09300
20.08965
20.28878
20.37641
20.10098
20.01745
19.91551
19.96684
19.77791
19.63066
19.60253
19.57009
19.53177
19.72630
19.83021
20.36023
20.86246
20.89849
20.44898
20.07013
19.94393
20.43873
21.52955
21.52284
21.31419
20.89578
20.66027
20.63306
20.61069
20.64819
20.78627
21.03370
20.81035
20.98586
21.51621
21.78627
22.02237
21.69184
21.31281
21.11667
20.88839
20.49469
20.55202
20.38074
20.17654
20.05989
20.22588
20.25613
20.12190
20.11008
20.02730
19.89005
20.04626
20.08910
19.60983
19.71482
19.88420
19.81807
19.64246
19.58701
19.85413
20.00555
19.71973
19.58804
19.61161
19.84678
19.92793
19.84148
19.86063
19.85111
20.23621
20.47404
20.25649
20.82677
21.34617
21.56450
21.33387
21.46787
22.06838
22.24928
22.48215
21.84273
21.70211
22.01951
21.79950
21.50582
22.19834
22.89609
22.61052
22.15713
21.46635
20.79127
20.87539
21.64696
21.54331
21.30859
20.95920
20.73810
20.57125
20.75327
21.56509
21.33175
21.14518
20.96951
20.81441
20.69633
20.61503
20.66099
20.65325
20.76331
20.92582
20.70338
20.42136
20.33363
20.36726
20.42901
20.29125
20.19517
20.12431
20.09273
20.01748
19.94724
19.88407
19.82327
19.75161
19.67518
19.60898
19.55408
19.47851
19.44565
19.39208
19.30839
19.24239
19.21565
19.14246
19.07160
19.00553
18.95002
18.86455
18.81157
18.75096
18.69678
18.60606
18.63622
18.81153
18.82641
18.73783
18.63469
18.49748
18.59365
18.67289
18.58896
18.50904
18.44834
18.49715
18.42029
18.33710
18.27847
18.20896
18.15804
18.09089
18.09281
18.04069
17.93063
17.90476
17.91073
17.92202
17.73828
17.64947
17.60007
17.60910
17.61195
17.56487
17.56306
17.55666
17.65780
17.64677
17.61993
17.63643
17.54148
17.47110
17.41211
17.34969
17.29241
17.25215
17.20213
17.17465
17.13261
17.07999
17.02193
16.98021
17.00390
16.99071
16.92505
16.86149
16.80455
16.75851
16.70530
16.66092
16.62855
16.59404
16.53167
16.49437
16.46859
16.43125
16.39682
16.39095
16.35901
16.31820
16.27077
16.22193
16.17016
16.13961
16.08780
16.24706
16.43330
16.37538
16.31261
16.25943
16.22041
16.17949
16.14196
16.11664
16.05725
16.05023
15.98664
15.96351
15.89274
16.20018
16.56885
16.15916
16.51180
17.21774
17.30453
17.13445
17.00571
16.95147
16.90037
16.82653
16.76096
16.70732
16.64724
16.60628
16.55459
16.49544
16.45975
16.40066
16.33838
16.24385
16.18391
16.12517
16.10154
16.07748
16.08565
16.00889
15.99658
15.91397
16.09635
16.16895
16.15599
16.06060
16.05397
15.96140
15.97009
15.85400
15.91784
15.80139
15.78141
15.68735
15.75540
15.63146
15.65939
15.50630
15.57036
15.43484
15.54833
15.49390
15.63125
15.41825
16.14306
15.74791
16.18288
15.82925
16.32321
15.64014
