6.86880
6.51093
6.80554
6.53937
6.71208
6.52088
6.64956
6.51732
6.62462
6.50555
6.57877
6.48018
6.54129
6.45659
6.50214
6.44852
6.51513
6.45647
6.48395
6.42504
6.44956
6.40885
6.43221
6.39047
6.40514
6.36890
6.37859
6.34587
6.35320
6.32545
6.32920
6.30565
6.30699
6.28313
6.28038
6.26041
6.25812
6.23799
6.23309
6.21525
6.20951
6.19432
6.18758
6.17061
6.16554
6.14484
6.19651
6.31290
6.33425
6.31038
6.28286
6.25184
6.24223
6.24987
6.25646
6.24560
6.22390
6.20182
6.18103
6.16626
6.18935
6.21439
6.20441
6.18487
6.16037
6.14761
6.14605
6.18907
6.21129
6.20061
6.19134
6.17082
6.14619
6.12420
6.10661
6.08995
6.07562
6.06102
6.04863
6.03320
6.02115
6.01175
6.00182
5.99015
5.97759
5.96610
5.95377
5.94046
5.92911
5.91817
5.90724
5.89546
5.88557
5.87180
5.86198
5.85082
5.84131
5.82460
5.81647
5.81681
5.92979
6.05053
6.06989
6.03641
5.99478
5.96553
5.94025
5.92198
5.90662
5.89189
5.89890
5.90969
5.89550
5.88020
5.86057
5.84225
5.82687
5.84995
6.01478
6.20263
6.27461
6.26016
6.22649
6.18880
6.14876
6.12018
6.18613
6.30164
6.28007
6.26923
6.30741
6.42546
6.56303
6.75769
7.26664
7.57440
7.82170
8.12638
8.21152
8.42329
8.42831
8.16474
8.06588
7.97486
7.88299
7.93417
7.88253
7.76385
7.81500
7.76924
7.76693
7.80229
7.76371
7.68643
7.63894
7.59296
7.57224
7.55751
7.43394
7.36073
7.36347
7.34159
7.39390
7.43541
7.42279
7.55837
7.59563
7.53291
7.42281
7.49790
7.52720
7.43723
7.38423
7.38182
7.39377
7.31290
7.32810
7.18427
7.28556
7.42686
7.48481
7.45440
7.38752
7.43611
7.46716
7.42023
7.47201
7.49359
7.60606
7.72471
7.81569
7.82024
7.75261
7.69220
7.60693
7.58186
7.58716
7.53627
7.46840
7.48603
7.49823
7.48666
7.43918
7.40389
7.35181
7.32409
7.36982
7.32390
7.31482
7.18515
7.20698
7.28038
7.30601
7.17939
7.13385
7.16859
7.14731
7.12693
7.10943
7.14298
7.21052
7.30390
7.31969
7.34831
7.42371
7.46513
7.93540
8.22115
8.22507
8.08757
7.83069
7.84207
7.95765
7.96417
7.89362
7.82337
7.75321
7.69728
7.65288
7.59816
7.55935
7.53584
7.51223
7.47993
7.45452
7.43728
7.45810
7.51121
7.54219
7.61241
7.66724
7.78382
7.86918
8.06261
7.96944
7.92765
7.90599
7.98109
7.94067
7.83475
7.74222
7.67236
7.61697
7.57972
7.54936
7.58284
7.58833
7.53648
7.51538
7.47432
7.51467
7.50075
7.58470
7.56933
7.55701
7.47626
7.47032
7.43586
7.40153
7.54746
7.58457
7.58596
7.58384
7.59883
7.75412
7.88379
7.86223
7.92461
7.88344
7.77898
7.73626
7.80112
7.55288
7.52950
7.49458
7.48646
7.41923
7.41667
7.39758
7.45937
7.52224
7.50402
7.51776
7.61862
7.60060
7.80054
8.15330
8.20808
8.09746
7.99611
8.04648
8.00444
7.95237
7.90899
7.87411
7.82370
7.78340
7.75558
7.75303
7.87162
7.79845
7.68994
7.66274
7.67834
7.68677
7.70571
7.81278
7.87638
7.77295
7.74026
7.67435
7.64803
7.72005
7.69208
7.71312
7.66822
7.74913
7.62484
7.67711
7.58315
7.54382
7.54320
7.49274
7.63060
7.87488
8.03429
8.07899
7.94972
7.94464
7.81793
7.70469
7.73235
7.61508
7.63255
7.61263
7.56650
7.70879
7.74635
7.69962
7.64265
7.70915
7.81870
7.77049
7.84587
7.85589
8.02916
7.99800
7.73356
7.69278
7.64948
7.69480
7.82632
7.79442
7.83126
7.82123
7.81037
7.77178
7.74437
7.71410
7.67493
7.63599
7.65875
7.72083
7.70166
7.63708
7.68127
7.75735
7.80173
7.85789
7.84429
7.80202
7.96034
8.09462
8.04926
7.96182
7.89797
7.83695
7.79139
7.75222
7.72637
7.67888
7.64992
7.60999
7.68529
7.84518
7.85793
7.90411
8.23422
8.33260
8.19563
8.27246
8.33860
8.38676
8.29834
8.20003
8.23268
8.37305
8.45473
8.42930
8.32867
8.25702
8.17828
8.11552
8.06437
8.00746
7.96052
8.16921
7.95863
8.18332
8.35730
8.46305
8.48336
8.52693
8.65103
8.72675
8.79971
8.92934
8.94454
8.77011
8.64271
8.55932
8.67812
8.70698
8.59966
8.49997
8.43484
8.37316
8.33338
8.28258
8.32725
8.49239
8.54807
8.56959
8.56764
8.48312
8.38198
8.30308
8.28100
8.24366
8.19483
8.19588
8.25498
8.21851
8.16491
8.11512
8.06457
8.00994
8.04063
8.18928
8.23687
8.33940
8.40936
8.32457
8.21699
8.13329
8.11905
8.16082
8.20715
8.18430
8.13084
8.11232
8.14394
8.11882
8.16293
8.17697
8.12250
8.09926
8.08996
8.08077
8.05274
8.12497
8.13531
8.07707
8.09007
8.09114
8.04761
8.01090
7.97856
7.95105
7.92285
7.88747
7.85955
7.89584
8.02295
8.02692
7.89819
7.89128
7.88536
7.90876
7.86423
7.88390
7.89241
7.82888
7.79361
7.78858
7.76334
7.73004
7.70157
7.72839
7.73222
7.75749
7.79517
7.81980
8.00299
8.08929
8.24239
8.33772
8.22223
8.11431
8.05659
7.88584
7.82131
7.77614
7.84144
7.80609
7.70014
7.64734
7.70748
7.67704
7.54927
7.52108
7.61792
7.57295
7.49034
7.53255
7.50103
7.52426
7.57218
7.54725
7.55745
7.49215
7.43217
7.35410
7.32671
7.27284
7.32262
7.35153
7.34199
7.26451
7.32306
7.42900
7.18343
7.20998
7.30470
7.28400
7.33779
7.49180
7.34763
7.20131
7.33313
7.44200
7.38157
7.37976
7.27157
7.14602
7.12837
7.07317
7.25136
7.28600
7.24930
7.23809
7.18897
7.07129
7.18295
7.21130
7.17913
7.21040
7.19169
7.20902
7.18433
7.16561
7.16173
7.08539
6.99146
7.06087
7.03557
6.87804
6.94820
7.04633
7.06525
7.01876
7.00281
7.12960
7.37571
7.53906
7.55666
7.50639
7.43463
7.38270
7.33336
7.30157
7.27554
7.30008
7.26367
7.26077
7.11030
7.11629
7.14291
7.16603
7.22063
7.19930
7.21179
7.18315
7.13143
6.93840
6.89626
6.93012
6.99647
6.92239
6.88236
6.82877
6.82250
6.80247
6.78142
6.74580
6.73500
6.70670
6.69458
6.65939
6.68235
6.68072
6.65083
6.63292
6.64881
6.76690
6.98795
7.09015
7.29735
7.46943
7.36619
7.26651
7.22019
7.19107
7.11480
7.12146
7.15245
7.07941
7.05983
7.04578
7.05547
7.09084
7.06074
7.02293
7.00362
6.97616
7.04016
7.18418
7.18404
7.12163
7.09477
7.07630
7.02616
7.01490
7.02595
7.00862
6.97786
7.01613
7.08902
7.07186
7.05771
7.02666
7.01734
6.99565
6.97007
6.95127
6.94595
6.92890
6.94958
6.96930
6.99191
7.01607
6.99373
6.96603
6.98377
7.05531
7.04922
7.01399
6.99511
7.00229
7.00168
6.99282
6.98258
6.97437
6.96347
7.10350
7.13737
7.09640
7.07770
7.14684
7.24831
7.20839
7.16044
7.12640
7.19983
7.22448
7.16236
7.15377
7.08481
7.15476
7.21042
7.27283
7.17336
7.08571
7.18160
7.17390
7.17725
7.21670
7.20811
7.18432
7.22011
7.28727
7.26675
7.25782
7.19908
7.15741
7.15865
7.22521
7.28403
7.34953
7.38890
7.36119
7.32289
7.29320
7.27199
7.24756
7.23503
7.21867
7.24196
7.31522
7.36575
7.34403
7.30607
7.27322
7.24926
7.22690
7.22713
7.29133
7.29646
7.25899
7.23191
7.25724
7.26714
7.23785
7.21303
7.18669
7.18553
7.19916
7.18485
7.16229
7.14255
7.12392
7.10845
7.09594
7.08564
7.06915
7.05379
7.03675
7.02305
7.00759
6.99699
6.97981
7.03268
7.10734
7.08921
7.05487
7.03398
7.02619
7.02478
7.02939
7.04838
7.03182
7.00868
6.99403
6.97847
6.96323
6.94476
6.92838
6.91755
6.90306
6.88705
6.88672
6.88294
6.87027
6.85417
6.84633
6.83952
6.82340
6.81112
6.79731
6.78563
6.76738
6.77594
6.87298
6.92753
6.98420
7.16348
7.27661
7.23781
7.16969
7.12128
7.09739
7.16595
7.19479
7.18565
7.18418
7.15673
7.11907
7.08424
7.05969
7.03180
7.01421
6.99194
6.97641
6.95834
6.94988
6.92376
6.91350
6.89385
6.90567
6.91526
6.93603
6.90128
6.93390
7.00156
7.03363
6.97769
6.96873
6.92209
6.92686
6.87758
6.89211
6.85216
6.89923
6.86922
6.90126
6.83739
6.87293
6.80251
6.86021
6.77881
6.84341
6.74545
6.82677
6.71134
6.85219
6.75827
6.90228
6.70833
6.90586
6.63409
6.97241
