2.77057
2.63369
2.73411
2.62529
2.70768
2.80221
2.97561
2.93671
2.99126
2.92061
2.97449
2.96175
3.01628
2.96781
2.94976
2.96310
2.98810
3.07521
3.09681
3.06626
3.14140
3.23669
3.33011
3.46667
3.49991
3.53057
3.69416
3.81195
3.84696
3.89154
3.87242
3.81427
3.81565
3.80103
3.82024
3.82305
3.83181
3.83727
3.84971
3.83653
3.87766
3.94055
3.93782
3.92080
3.90975
3.90330
3.88925
3.87891
3.87494
3.86625
3.86857
3.86335
3.84934
3.83459
3.82864
3.81108
3.79299
3.78010
3.75926
3.74282
3.73124
3.71522
3.70599
3.69525
3.67812
3.65891
3.63852
3.62739
3.61924
3.60449
3.60897
3.60742
3.58808
3.57479
3.56114
3.55951
3.54790
3.55244
3.56652
3.55893
3.54366
3.53406
3.53592
3.53257
3.52136
3.54164
3.56278
3.56633
3.54227
3.56204
3.58487
3.58708
3.59102
3.57022
3.55858
3.56766
3.56471
3.54858
3.53071
3.51343
3.50092
3.49096
3.47691
3.46276
3.46567
3.47719
3.47705
3.46626
3.44663
3.43423
3.41430
3.39943
3.38423
3.40105
3.42542
3.43242
3.45170
3.46444
3.55023
3.57982
3.55228
3.51464
3.48561
3.47851
3.49354
3.49302
3.48527
3.47360
3.45812
3.46280
3.45793
3.43967
3.41795
3.40674
3.39914
3.43718
3.50045
3.76302
3.96275
4.07267
4.14653
4.35774
4.56938
4.82051
5.04770
5.06915
4.99075
4.91395
4.94324
4.98127
4.98148
5.00823
5.03852
4.97317
4.91371
4.93901
5.11949
5.44907
5.53529
5.47602
5.27499
5.20449
5.17890
5.20867
5.18849
5.20459
5.51609
5.72424
5.67992
5.49783
5.34245
5.18109
5.20250
5.32616
5.39445
5.37305
5.29608
5.28918
5.22129
5.23300
5.22406
5.20050
5.12393
5.17182
5.27323
5.24264
5.21613
5.23908
5.18919
5.20618
5.34441
5.44160
5.36768
5.35454
5.50055
5.47232
5.33232
5.47714
5.53567
5.48471
5.36716
5.30697
5.25562
5.27670
5.53902
5.74413
5.78847
5.76622
5.81386
5.86322
5.97051
6.01977
5.96547
5.73916
5.67447
5.79076
5.76549
5.79793
5.86187
5.88662
5.85689
5.79765
5.76790
5.76892
5.81537
5.86158
5.94583
5.93632
5.90899
5.89720
5.83390
5.71339
5.70827
5.76927
5.73871
5.72571
5.78782
5.74836
5.67966
5.60608
5.53213
5.51624
5.51114
5.49352
5.49408
5.46995
5.48034
5.44593
5.39219
5.34905
5.34211
5.27519
5.20484
5.10888
5.20389
5.34381
5.49769
5.51974
5.74776
5.76994
5.72376
5.75604
5.68682
5.92910
6.11397
6.07703
6.09409
6.22975
6.29541
6.20826
6.18003
6.22402
6.21335
6.22296
6.45631
6.57976
6.49320
6.39613
6.29960
6.22115
6.13659
6.12098
6.09163
6.03718
5.95587
5.93032
5.88718
5.85147
5.85734
5.83398
5.78071
5.76210
5.76837
5.74616
5.71520
5.67537
5.60349
5.56239
5.55011
5.43040
5.34840
5.45427
5.69666
5.85491
5.76281
5.73818
5.74165
5.65159
5.57970
5.57506
5.62176
5.62481
5.65266
5.80703
5.90858
5.89350
5.84295
5.86119
5.81183
5.80545
5.76807
5.71779
5.59908
5.58852
5.51770
5.48827
5.59032
5.55171
5.56535
5.60669
5.60270
5.67355
5.75512
5.80834
5.95778
6.13109
6.11049
5.95780
5.88648
5.89594
6.21033
6.28175
6.34034
6.24969
6.29007
6.54197
6.53974
6.41832
6.43618
6.40413
6.35506
6.34944
6.24468
6.26482
6.34266
6.52496
6.72596
6.70323
6.57067
6.58109
6.60039
6.59985
6.45187
6.38522
6.58501
6.57045
6.53255
6.50004
6.36278
6.15589
6.35264
6.65206
6.73671
6.57533
6.33066
6.39630
6.57385
6.51881
6.56289
6.48869
6.42199
6.36952
6.38410
6.32599
6.28525
6.31315
6.62413
6.82716
6.80610
6.69208
6.58158
6.61096
6.43372
6.60992
6.62693
6.50635
6.56632
6.56479
6.49683
6.48209
6.52128
6.51403
6.41051
6.44452
6.40336
6.30329
6.24007
6.29102
6.33452
6.32987
6.32096
6.33632
6.38229
6.35872
6.31385
6.33952
6.32473
6.28820
6.29405
6.29594
6.25226
6.28499
6.12500
6.05044
6.09392
6.11390
6.15997
6.18063
6.21515
6.26065
6.61517
6.71100
6.71135
6.66788
6.60510
6.49591
6.51076
6.45514
6.47660
6.45268
6.43198
6.36955
6.34983
6.32584
6.43460
6.39971
6.51250
6.52725
6.64372
6.83548
6.71971
6.57152
6.47115
6.38251
6.39965
6.24198
6.13449
6.09014
5.95695
5.98598
5.82774
5.85053
5.99467
6.05142
6.06778
6.08473
6.16123
6.14427
6.05437
6.02158
5.96819
5.87372
5.78185
5.73862
5.74006
5.85854
5.86744
5.93019
5.90561
5.86477
5.91423
6.05785
5.87027
5.84059
5.96969
5.95211
5.92765
5.90041
5.85333
5.89870
5.91804
5.86828
5.81545
5.83949
5.82184
5.78580
5.72295
5.71180
5.69747
5.71086
5.70183
5.64070
5.61417
5.89270
6.12679
6.37400
6.49835
6.38931
6.31435
6.27431
6.22241
6.18619
6.08487
6.04467
6.27755
6.66203
6.66094
6.51513
6.40421
6.34860
6.33881
6.30343
6.22460
6.13912
6.17306
6.27127
6.34291
6.41409
6.37738
6.39847
6.49621
6.54703
6.56897
6.93763
7.40090
7.58216
8.01646
8.25835
8.47325
8.78526
8.77474
8.41801
8.33724
8.19568
7.99753
7.97356
8.10252
8.21646
8.10910
8.14086
8.17789
8.64228
8.63839
8.21076
8.15060
8.08968
8.07751
8.00539
7.94320
8.04352
8.17721
7.90077
7.91762
7.89879
8.02480
8.08126
7.75102
7.78342
7.92599
7.87455
7.81366
7.75593
7.71749
7.68013
7.62700
7.45554
7.42073
7.38584
7.38496
7.35443
7.25867
7.25179
7.18800
7.15841
7.08765
7.05308
6.95893
6.97045
6.88400
6.76176
6.83269
6.83565
6.77636
6.94831
7.16999
7.23594
7.36160
7.82480
8.22855
8.23520
8.19372
7.66044
7.68405
7.80277
7.73030
7.66299
7.65234
7.63453
7.54260
7.49734
7.52942
7.48907
7.52705
7.70115
7.66495
7.56148
7.61672
7.77631
7.78269
7.58064
7.34843
7.38804
7.47641
7.53148
7.60871
7.54902
7.40081
7.30111
7.08358
7.05453
7.09164
7.32243
7.10553
7.06562
7.06799
7.09043
7.57242
7.58099
7.62789
7.98486
8.54427
8.67379
8.59436
8.43418
8.23717
7.81491
7.98600
8.37595
8.32200
8.29262
8.18950
8.18629
8.11096
8.03922
7.95908
7.92367
7.83948
7.71014
7.73467
8.01706
8.03190
7.89274
7.76069
7.65139
7.63980
7.62838
7.57537
7.61410
7.57311
7.38706
7.81791
8.08588
8.62622
8.80174
8.78201
9.05402
9.32183
9.39269
9.95786
10.02111
9.58781
9.56145
9.98116
9.83061
9.74354
9.45707
9.27132
9.19693
9.07223
9.01167
8.94989
8.84448
9.09192
9.49022
9.38587
9.28503
8.38084
8.39846
8.95129
9.47281
9.27738
9.13869
9.03604
9.09045
9.25791
9.29648
9.57541
9.54362
9.33940
9.12833
9.00889
9.05303
9.39432
9.33304
9.11312
8.89302
8.95432
9.01861
9.00531
8.76303
8.45232
8.52435
8.88045
9.24035
9.14466
9.18429
8.98921
9.24956
9.23089
9.14447
9.06266
9.27197
9.72501
9.78883
9.78110
9.89427
9.64715
9.51370
9.27289
9.61029
9.89953
9.81602
9.79573
10.06079
10.15018
9.85721
9.76352
9.68046
9.63135
9.56491
9.52822
9.46368
9.42413
9.34777
9.33623
9.31160
9.25737
9.17137
9.11623
9.04850
9.00575
8.87399
8.81378
8.71778
9.09157
8.93480
8.84635
9.22756
9.05847
8.75867
8.71615
8.56313
8.38599
8.38850
8.38836
8.28403
8.35325
8.49663
8.39022
8.26518
8.14272
8.07510
8.04462
8.00340
7.93608
7.89721
7.90854
7.89317
7.88996
7.82242
7.73169
7.65170
7.62790
7.56230
7.50440
7.45589
7.40393
7.35640
7.30579
7.25538
7.20699
7.14555
7.11178
7.10889
7.04737
7.00846
6.95728
6.95165
7.01481
7.16163
7.15781
7.03016
6.93178
6.88392
6.77012
6.73058
6.74656
6.71676
6.68579
6.64796
6.61259
6.58631
6.54979
6.50981
6.46547
6.47655
6.57240
6.58356
6.58136
6.47473
6.59302
6.94274
6.95595
6.84556
6.73103
6.63140
6.57986
6.53703
6.51037
6.46389
6.43932
6.40446
6.40065
6.47529
6.65134
6.70665
6.72701
6.84168
6.75852
6.64831
6.60532
6.58700
6.52136
6.48305
6.43588
6.41305
6.43870
6.47191
6.38678
6.35580
6.28123
6.27285
6.21414
6.21251
6.14418
6.15415
6.08191
6.10640
6.04833
6.09272
6.05912
6.09990
6.03196
6.08392
5.97928
6.02141
5.89902
5.97297
5.83481
5.93535
5.76836
5.90436
5.70325
5.96039
5.67187
