12.51830
11.77852
12.29463
11.81087
12.13526
11.77379
12.01123
11.74729
12.01607
11.88328
12.06438
11.88899
12.00802
11.85923
11.95162
11.82201
11.89342
11.79267
11.86465
11.77223
11.82922
11.76088
11.82174
11.75889
11.79380
11.73436
11.76772
11.74971
11.84883
11.87669
12.29942
12.94155
13.24777
13.23848
13.15130
12.99574
12.84950
12.73632
12.72923
12.68416
12.62843
12.55344
12.48738
12.50068
12.62030
12.68624
12.67682
12.61577
12.56000
12.51681
12.46823
12.42181
12.37846
12.34157
12.30749
12.27762
12.24998
12.22534
12.20077
12.17991
12.16427
12.15063
12.13646
12.12711
12.11494
12.10087
12.08055
12.06221
12.04603
12.03253
12.02042
12.00637
11.98936
11.99641
12.05812
12.11685
12.14014
12.14134
12.12215
12.09491
12.06787
12.03969
12.01128
11.98478
11.96137
11.94488
11.92504
11.92580
11.94519
11.95528
12.00955
12.07891
12.11423
12.12146
12.10237
12.07453
12.04996
12.02911
12.01725
11.99964
11.98922
11.98800
11.97200
11.96914
11.97530
11.97517
11.95913
11.93823
11.91204
11.88737
11.85618
11.83401
11.81954
12.02314
12.32371
12.43452
12.43134
12.37547
12.29708
12.20964
12.13634
12.07453
12.02385
11.97347
11.93123
11.89352
11.85887
11.82721
11.79613
11.77068
11.74172
11.71414
11.68495
11.65769
11.63368
11.60703
11.57950
11.55613
11.53440
11.51262
11.49284
11.47053
11.45322
11.46059
11.48420
11.49307
11.48672
11.47449
11.45241
11.42131
11.40684
11.41497
11.41973
11.42551
11.43212
11.45423
11.45655
11.45844
11.43975
11.43477
11.43959
11.63810
11.97768
12.14245
12.18553
12.15573
12.08340
12.03527
11.95845
11.92489
11.94271
11.94690
11.93162
11.93495
11.90806
11.87813
11.88071
11.96448
12.00851
12.02087
12.02770
11.99496
11.95425
11.95378
12.03587
12.08938
12.06926
12.08920
12.10309
12.10599
12.11931
12.09099
12.04583
11.99721
11.93647
11.89587
11.86337
11.90705
12.08056
12.17863
12.23178
12.52557
12.79451
12.82859
12.77397
12.70352
12.79233
12.91066
12.93024
12.92235
12.89610
12.82146
12.83576
12.95788
13.00550
12.98200
12.90534
12.80134
12.72244
12.69488
12.78794
12.88346
12.94963
12.96371
12.94206
12.90401
13.09460
13.31487
13.34796
13.29341
13.18335
13.17884
13.61461
13.91688
13.95321
13.89599
13.75930
13.59543
13.51836
13.50028
13.44822
13.39589
13.33843
13.28000
13.24256
13.20699
13.19704
13.23022
13.25368
13.26212
13.25732
13.24583
13.20930
13.19395
13.19921
13.21472
13.25004
13.26087
13.25227
13.26534
13.30102
13.34783
13.35905
13.37460
13.31109
13.40357
13.66126
13.85488
14.00259
13.93502
13.94420
14.05071
14.19359
14.22582
14.39802
14.43996
14.39091
14.28418
14.25117
14.32380
14.30856
14.27175
14.20202
14.07596
13.98378
13.99369
13.93285
13.87403
13.83081
13.77780
13.71013
13.67723
13.65443
13.62440
13.59170
13.56982
13.54041
13.50589
13.47522
13.45641
13.44174
13.43412
13.42562
13.42602
13.40787
13.39288
13.37878
13.37142
13.35400
13.35357
13.34805
13.36682
13.42433
13.45606
13.48756
13.56114
13.61417
13.66595
13.78170
13.85182
13.87667
13.88596
13.86990
13.97908
14.08033
14.04534
13.96522
13.87364
13.78976
13.80270
14.09272
14.33757
14.39495
14.33344
14.19643
14.04484
13.89328
13.77656
13.66168
13.62479
13.62022
13.68179
13.68414
13.62938
13.55845
13.53143
13.47627
13.45989
13.42550
13.37801
13.59739
13.80056
13.82466
13.82530
13.82343
13.83227
13.86465
13.81493
13.86211
13.91798
13.86294
13.88048
13.94598
13.92151
13.85839
13.80037
13.75478
13.71381
13.68146
13.79554
13.98116
14.04957
14.04071
14.01216
14.01735
14.10443
14.14160
14.25123
14.29778
14.25454
14.21301
14.18243
14.10588
14.02438
13.97044
14.42724
14.91835
14.96462
14.86399
14.71652
14.52945
14.36977
14.23995
14.13832
14.04844
14.14636
14.34755
14.48848
14.51746
14.57541
14.75043
14.75182
14.68193
14.55847
14.42994
14.31683
14.24511
14.21584
14.21209
14.24240
14.41775
14.51708
14.76063
14.93696
14.88870
14.78852
14.70189
14.80777
14.87902
14.83944
14.78817
14.69600
14.59472
14.52487
14.47267
14.42508
14.38385
14.35777
14.32144
14.37783
14.58963
14.68344
14.67368
14.63615
14.56179
14.48422
14.41623
14.39570
14.39090
14.38657
14.37957
14.37837
14.37395
14.37370
14.36591
14.37904
14.35304
14.28930
14.31469
14.55673
15.18896
15.39738
15.34264
15.27047
15.16664
15.14102
15.02617
14.91323
14.82452
14.69313
14.60184
14.54102
14.58017
14.65907
14.67894
14.77998
14.79836
14.76905
14.81376
14.86886
14.81326
14.85484
15.07509
15.10881
15.06014
15.00823
14.92452
15.06601
15.29342
15.29812
15.22287
15.18004
15.29859
15.29544
15.21965
15.09256
14.96388
14.85294
14.77582
14.71520
14.67957
14.71921
14.83571
14.87988
15.16823
15.62459
15.79170
15.73774
15.59067
15.42164
15.24833
15.09992
14.98403
14.89494
14.83410
14.81819
14.82682
14.80940
14.73941
14.69004
14.67218
14.64670
14.63362
14.61685
14.59704
14.61971
14.66546
14.68662
14.90097
15.12768
15.17214
15.10838
15.06826
14.99933
14.93002
14.90173
14.87001
14.82751
14.80746
14.82832
14.86634
14.92497
14.88931
14.81744
14.79735
14.74984
14.70312
14.72156
14.77446
14.85698
14.86295
14.83158
14.78699
14.72970
14.69077
14.64972
14.71177
14.76044
14.80658
14.94674
15.01444
15.02096
14.98640
14.96918
15.03427
15.13949
15.21908
15.24711
15.19996
15.16511
15.06215
14.98127
14.94746
14.95069
15.01065
15.00586
14.95900
15.00959
14.95392
14.96829
15.01354
15.09610
15.17545
15.21148
15.15518
15.28391
15.61259
15.72427
15.66208
15.37904
15.23010
15.07496
14.96519
14.86283
14.90543
14.89353
14.85812
14.80149
14.76888
14.72998
14.71016
14.72833
14.70894
14.71250
14.70947
14.73264
14.80961
14.85007
14.81417
14.77340
14.82825
14.86942
14.86591
14.85284
14.83051
14.80552
14.79078
14.82924
14.66818
14.63059
14.67269
14.67659
14.69307
14.72263
14.75823
14.82888
14.98472
15.11015
15.07922
15.17368
15.52430
15.73468
15.76307
15.65932
15.51158
15.33984
15.20900
15.09702
15.01015
14.93032
14.87596
14.83131
14.96081
15.16467
15.20042
15.17546
15.08192
14.99402
14.91604
14.87931
14.83775
14.81137
14.77579
14.81382
14.85336
14.88288
14.88789
15.08172
15.33751
15.39521
15.41727
15.61144
15.73861
15.73346
15.58984
15.56482
15.67114
15.82190
15.87429
15.75339
15.65924
15.53659
15.48246
15.68467
15.83255
15.88948
15.72369
15.50816
15.40076
15.32147
15.23410
15.17139
15.12862
15.08855
15.04202
15.00796
14.97515
14.93236
14.93568
14.91665
14.99001
15.16166
15.21006
15.23922
15.32751
15.45181
15.44740
15.52171
15.66555
15.70828
15.67605
15.62381
15.60895
15.57664
15.53040
15.50044
15.46700
15.42214
15.38420
15.34686
15.32615
15.31264
15.29607
15.28887
15.31070
15.31677
15.31638
15.32521
15.38177
15.44367
15.47841
15.49757
15.48951
15.47362
15.44784
15.42591
15.39028
15.35437
15.36151
15.41600
15.45148
15.45438
15.43558
15.41245
15.41295
15.41967
15.44121
15.49308
15.50406
15.48491
15.45107
15.41209
15.37287
15.34147
15.32189
15.31037
15.30506
15.36837
15.47550
15.51090
15.50580
15.46454
15.41995
15.39366
15.37945
15.34978
15.32851
15.29185
15.23068
15.23099
15.28584
15.31036
15.30991
15.29572
15.26732
15.25715
15.36190
15.45793
15.50057
15.51159
15.55148
15.56513
15.54518
15.53786
15.54666
15.56074
15.59025
15.62067
15.65603
15.65047
15.74316
15.80675
15.81570
15.87397
15.88334
15.82648
15.79513
15.74300
15.68265
15.58200
15.54580
15.52578
15.46235
15.44626
15.44104
15.43840
15.41340
15.39784
15.37112
15.36779
15.36882
15.37061
15.42788
15.48047
15.48478
15.47351
15.44453
15.46383
15.50425
15.51313
15.48816
15.49700
15.61487
15.69153
15.70461
15.68227
15.64867
15.60077
15.55051
15.51071
15.47539
15.46608
15.44182
15.45431
15.44172
15.42646
15.45922
15.46188
15.47104
15.44970
15.44984
15.43591
15.40258
15.37476
15.36056
15.34612
15.34524
15.37557
15.38856
15.39485
15.37933
15.36484
15.33681
15.30642
15.27770
15.26057
15.23167
15.20691
15.19204
15.18618
15.18084
15.18005
15.17463
15.16955
15.18484
15.19108
15.18901
15.18307
15.16460
15.16638
15.18841
15.19950
15.19077
15.18396
15.17168
15.16413
15.12500
15.10897
15.09271
15.11249
15.13897
15.13432
15.12751
15.11431
15.09935
15.08302
15.06419
15.05023
15.03649
15.02226
15.00753
14.99467
14.99406
14.98021
14.97197
14.96090
14.94372
14.92589
14.91345
14.90174
14.89246
14.88935
14.88203
14.87732
14.87071
14.86400
14.85315
14.84752
14.83332
14.81799
14.81019
14.79616
14.78761
14.78742
14.79813
14.79622
14.79370
14.78287
14.77224
14.75713
14.74255
14.73124
14.72376
14.71088
14.69410
14.68376
14.67558
14.65837
14.64566
14.62948
14.61827
14.60430
14.59545
14.57639
14.58148
14.57992
14.54961
14.51650
14.51530
14.51233
14.50178
14.49352
14.57604
14.69060
14.75545
14.78259
14.78372
14.74505
14.74698
14.71482
14.66624
14.65239
14.62900
14.59405
14.57019
14.55494
14.53184
14.51007
14.50097
14.48233
14.45924
14.43998
14.41579
14.39764
14.37839
14.36536
14.35643
14.34055
14.32222
14.30262
14.28547
14.26890
14.25464
14.24051
14.22819
14.20940
14.18534
14.16123
14.13479
14.10487
14.09910
14.09794
14.11779
14.26096
14.51302
14.82235
14.98436
15.03557
15.01881
14.97261
14.92189
15.18520
15.50979
15.66569
15.72722
15.69263
15.66329
15.99990
16.47721
16.68018
16.85682
17.02253
17.21117
17.28065
17.26029
17.15097
17.10486
17.03950
17.27638
17.60537
17.75203
17.90261
17.93515
17.83696
17.67444
17.49784
17.37126
17.35433
17.36443
17.35472
17.34677
17.31588
17.24161
17.17189
17.12813
17.04623
17.10121
17.37471
17.51002
17.48266
17.40063
17.34818
17.31056
17.23097
17.15446
17.08040
17.02306
16.97306
16.93507
16.89808
16.86183
16.83073
16.80107
16.76021
16.73485
16.71107
16.68349
16.66530
16.64649
16.63578
16.62493
16.64294
16.66584
16.66757
16.65800
16.62757
16.60257
16.57060
16.56028
16.59828
17.09279
17.64703
17.81750
17.81695
17.69935
17.53743
17.38569
17.31468
17.42746
17.54740
17.53231
17.46948
17.36725
17.27028
17.19188
17.19374
17.21273
17.18129
17.10743
17.06425
17.04045
17.03054
16.99160
16.99000
17.01624
17.05090
17.03308
17.03026
16.99874
17.01162
16.96505
16.95840
16.89747
16.90154
16.83954
16.85401
16.79434
16.90057
16.91656
16.97996
16.90985
16.94786
16.85646
16.89848
16.79668
16.90977
16.81322
16.92758
16.81589
17.02864
16.86509
17.11999
16.90879
17.30250
