34.10323
32.06606
33.76995
31.88411
32.60585
33.42374
34.73217
32.81695
32.64890
31.64196
32.03206
31.44181
32.12425
31.71033
32.29609
33.04068
32.69573
31.84268
31.72739
31.32385
31.40961
31.11513
31.20470
30.92636
31.10734
30.91955
31.03871
30.96253
31.19681
31.17159
32.16492
31.91654
31.72257
31.33500
33.19683
33.98079
33.61376
35.31282
34.68196
33.50464
32.91185
32.60460
32.42821
32.28652
32.19034
31.87488
32.71903
33.70626
32.59201
32.49835
32.73893
32.37410
31.95079
31.80288
31.66299
31.60632
31.45667
31.54105
31.44017
31.29836
31.15297
31.10265
30.98897
30.95129
30.79313
30.97274
31.68974
32.87640
32.64734
31.82580
31.49200
31.35442
31.16919
31.47399
31.92398
31.78620
31.41546
31.13185
30.95185
31.04893
31.18962
31.04058
31.65142
31.57271
31.08854
31.39567
31.58052
31.38984
33.11382
32.89360
31.94171
31.39086
31.39090
31.67803
31.42732
31.47563
31.77469
31.31311
31.18007
30.91306
31.17199
31.60396
32.28585
33.97390
33.17723
32.51425
32.38254
31.89951
31.93252
32.71624
32.42069
31.80690
31.62861
31.34414
32.58960
33.25389
32.31284
31.85237
31.57774
31.45839
31.38200
31.24192
32.12414
34.08280
33.71369
34.19236
35.21902
34.22542
33.08335
33.39844
33.60723
32.97590
33.57679
33.87195
32.89814
33.62768
35.53016
34.58467
33.74242
33.61537
33.92910
33.28632
33.05369
32.76219
32.92492
33.09275
34.53811
35.03316
35.73951
39.19173
40.21725
41.08758
41.93305
41.34938
39.26446
38.48611
37.73641
39.02650
39.38241
37.85819
37.33461
36.73043
36.44475
36.49107
38.01278
38.00150
37.91121
39.00859
37.91899
36.86331
37.02387
37.10222
38.26336
37.55151
36.73069
36.14504
37.33755
37.36576
35.85193
36.04114
37.75929
38.33944
37.55481
37.88755
36.72400
35.70467
35.66186
34.82598
34.92379
35.67220
35.86331
35.91308
35.87142
35.12476
34.90787
35.49485
35.58934
35.32327
36.37462
37.02248
35.98147
36.04889
36.32289
36.31638
35.65173
35.65264
37.43264
37.15551
35.83175
35.53097
35.21073
35.01185
34.97330
35.28685
36.56834
37.32718
36.73991
36.76661
36.68849
36.01567
35.55827
35.52652
35.77998
35.68698
35.85982
37.71041
37.19294
36.57109
36.15906
35.99424
35.29426
35.82287
35.16181
36.47935
36.62920
36.85638
37.44834
37.57537
37.27729
38.69940
38.26523
37.24951
36.68696
36.62750
36.97547
36.73627
36.14261
35.94156
36.63755
36.43481
35.93661
35.63305
37.12031
38.78188
38.78872
37.89122
36.48089
36.50703
35.77197
36.95530
35.92563
36.59805
38.52214
37.67818
37.20640
36.51671
37.35180
37.41780
36.95945
36.64404
36.42904
36.18659
37.66618
39.11854
38.25508
40.23516
40.95700
40.61497
39.64570
38.95047
38.53113
37.96769
37.84151
37.85422
37.58878
37.33968
36.81243
36.93917
36.62729
37.09946
37.46559
38.87806
39.33853
37.97925
38.29104
39.13069
38.52561
38.90901
40.85673
39.86231
40.39214
41.34176
41.64031
41.60082
41.63023
40.97641
42.17018
40.94805
40.52865
40.71150
40.80487
40.01402
39.77059
39.00720
38.08100
38.43245
38.06322
39.12941
39.22311
38.79873
39.05539
38.38215
37.69041
39.63948
39.61095
39.25711
38.15379
37.19553
37.73845
38.03717
39.29008
41.57724
41.70603
42.83458
43.63521
41.40545
41.24731
41.57125
41.08672
39.66807
39.58400
41.24027
41.14165
40.58959
39.95281
40.07958
40.25987
40.64412
40.29383
40.32372
39.72729
39.54150
39.29594
39.58251
41.29729
41.27826
39.71188
39.36884
39.16328
38.03546
38.70748
38.91290
39.23914
40.09505
40.09979
38.44150
38.86509
38.29936
39.66645
39.29792
40.52574
40.86977
40.00775
39.46528
40.05811
39.83966
40.23782
39.71905
39.41543
39.70756
40.77694
43.37813
43.40324
41.53326
41.54170
41.43770
43.47198
43.75552
40.86485
42.30722
42.02867
41.49549
40.46796
40.83609
41.47156
41.53566
41.51195
41.38071
40.88670
40.66525
40.54199
41.30094
40.90784
40.94396
40.46370
41.78991
41.58113
40.20184
40.82362
39.61232
40.46227
39.75874
39.50615
39.43905
39.39538
40.03970
40.78066
40.11150
39.74339
39.26221
39.38699
40.31814
39.37428
39.44206
41.85258
41.04881
39.96701
39.24033
39.13111
39.01408
39.26081
39.06455
39.39127
41.62571
42.29941
40.03945
40.11579
40.32137
40.64523
40.50110
41.34995
40.92193
40.87562
40.57356
42.40612
43.55982
42.71179
42.69758
41.93238
41.72391
40.30556
40.24709
41.44754
42.11520
40.98856
42.01175
42.27106
41.65767
40.92078
40.59602
40.37935
41.25730
41.43043
41.09618
41.61597
42.73606
42.43139
42.34185
42.99300
43.23504
41.97749
41.19197
40.43666
40.37598
40.49465
40.85053
40.52323
40.11084
41.11181
40.99142
40.34102
39.98338
40.27119
39.87230
40.18718
40.49544
40.64015
40.50343
39.54898
40.27475
41.15859
41.30248
42.05483
40.77983
40.50973
40.23147
41.61181
41.70374
40.86453
40.80798
40.38487
40.29487
39.91368
39.82771
39.96821
39.70841
39.54417
39.79433
39.96155
40.35696
40.47462
40.56266
41.76108
41.69255
40.94760
40.58502
41.16485
41.21073
41.50112
43.03591
42.15766
41.56734
40.71966
41.76662
42.77610
42.39175
41.84192
41.60296
41.93660
42.10444
42.08443
42.97484
42.73189
42.60270
42.51626
42.65067
42.69882
42.43506
42.26040
42.38572
44.06620
44.82863
44.36360
43.62192
42.55414
41.85290
41.77705
44.12100
44.98306
43.78831
44.60147
43.60470
42.47394
41.17467
41.22453
42.52514
42.05136
42.49149
42.64092
41.60253
41.10460
40.90660
41.13278
40.21310
41.09012
42.41609
43.20034
42.12156
40.46662
39.13253
38.72656
38.59605
38.55843
39.48856
40.97009
40.97574
41.66013
42.44143
42.68388
42.13297
41.76954
42.02116
41.74033
41.74737
41.73523
41.59612
41.46491
41.14000
41.10754
40.94167
40.85120
40.63050
41.44346
41.64848
41.40118
41.22612
41.59359
41.51291
41.48781
40.95891
42.14038
45.05242
46.00147
45.31832
45.24253
44.29028
44.65630
44.94537
43.83721
43.75224
43.48996
43.50508
44.35300
43.85685
43.56333
43.86313
43.60151
43.53189
43.06629
42.63411
42.51301
42.37282
42.42830
43.11683
43.19534
43.80544
44.55990
45.13768
46.03156
46.74175
45.38680
44.86942
44.99064
45.17948
45.12925
45.05720
45.74407
46.30456
45.79319
45.25020
45.36560
45.66327
45.12037
45.06544
43.99116
42.76380
43.52332
43.57807
43.71985
43.55567
44.63874
44.85062
44.50471
43.79186
44.22876
44.86321
43.93349
45.65928
47.30610
47.07406
48.38894
50.15855
49.84051
49.98585
49.95991
50.03554
49.96258
50.03008
49.96784
50.02566
49.97136
50.02284
49.97340
50.02143
49.97390
50.02194
49.97189
50.02548
49.96455
50.04321
49.84381
49.38389
48.89446
49.16311
49.49819
49.20345
48.79889
48.43258
48.20936
47.91002
48.15426
47.93557
47.99782
47.82226
47.42691
47.88178
47.70140
47.92426
47.97839
47.13375
46.53387
46.09223
45.87779
45.63735
45.45762
45.50300
46.16370
45.91269
45.91396
45.73410
45.46243
45.18539
45.49042
45.18042
45.40359
46.15476
45.48078
45.11183
45.16373
46.26053
46.47745
46.90561
46.98824
47.21092
46.35332
46.55105
47.69647
47.14111
45.95117
45.28130
44.84992
45.76064
45.86723
45.47713
45.46424
44.72255
44.36798
44.01420
44.29223
44.59888
44.86974
45.34868
45.51573
46.09012
45.53529
44.72086
43.99239
45.20969
46.28739
46.42838
45.53964
46.06177
46.59078
45.37905
45.22215
45.88597
45.33363
44.73546
44.37102
44.60756
45.30731
44.76114
44.91964
45.37457
44.73066
44.44738
44.42598
44.27019
44.11474
43.93096
43.85963
43.89958
44.11581
43.93860
43.85591
43.93549
43.88383
43.70767
43.64485
43.54411
43.56832
43.43830
43.45415
43.25864
43.85369
44.58655
44.30089
44.08564
44.15856
43.85748
43.99918
43.86242
44.02478
44.17546
44.85661
45.89545
45.39454
44.82269
44.51118
44.39892
44.34294
44.28214
44.26290
44.08733
44.49779
45.71136
45.66040
45.75356
45.16607
44.73114
44.39111
44.25633
44.10659
44.05910
43.95077
43.87981
43.81023
43.95528
43.86531
43.75106
43.65599
43.59520
43.52361
43.46111
43.41994
43.40237
43.32209
43.25110
43.17872
43.12127
43.06172
42.99991
43.00884
43.22301
43.23522
44.04886
44.33441
43.89333
43.68631
43.35844
43.38507
43.17923
44.10943
45.07539
44.59809
44.11972
43.62736
43.39035
43.19697
43.10877
43.00288
43.00798
42.90821
43.00065
43.10723
42.96614
42.79752
42.67228
42.59191
42.48424
42.39430
42.28996
42.22878
42.12190
42.06227
41.93986
42.19253
42.65777
42.89220
42.69236
42.43873
42.25229
42.15371
42.01596
41.94414
41.79029
42.40057
42.60010
44.12302
45.30240
44.73836
44.99152
46.29669
46.86408
46.55186
46.35604
45.46686
44.69479
44.18983
43.89313
43.60321
43.45018
43.21549
43.10700
42.88020
42.85274
42.54677
43.45625
45.49111
44.94332
45.32122
46.10085
45.17039
44.84082
46.11521
46.20499
45.23675
44.36552
44.13299
44.11674
43.95077
43.90048
43.87130
43.73764
43.59792
43.56590
43.39251
43.48521
44.69623
44.60993
45.22655
46.18686
45.08581
45.34662
46.01631
46.76090
48.58833
48.50282
46.97647
46.30081
45.54814
45.87229
45.87554
46.94956
47.29636
46.55324
45.58036
45.50963
45.01651
45.56066
45.81697
45.87749
45.96866
46.88061
45.57138
45.78384
44.83447
45.77279
45.44435
46.30111
44.72193
47.11139
48.07750
50.74171
48.82566
