31.99686
30.31004
31.67873
30.68990
31.68558
30.95713
31.51431
30.98127
32.10465
31.94804
32.43567
31.86980
32.08632
31.70463
31.99678
31.72517
31.92830
31.66070
31.83391
31.61957
31.74193
31.50279
31.58543
31.39539
31.50115
31.37133
31.39204
31.24227
31.29155
31.18558
31.17327
31.04511
31.16828
31.11905
31.14912
31.12185
31.12173
31.06506
31.07017
31.01642
31.01950
30.95726
30.93932
30.90070
30.91121
30.83724
30.92671
30.91160
30.86850
30.88628
30.95216
30.98963
30.88900
30.99222
30.95008
30.67649
30.51786
30.62042
30.63015
30.81350
30.69283
30.60447
30.78466
30.83064
30.87626
30.86519
30.83272
30.81209
30.75073
30.76647
30.78974
30.82331
30.96675
31.07306
31.17563
31.35637
31.39882
31.34501
31.26340
31.23966
31.10921
31.01321
31.01540
31.03997
31.08850
31.06013
31.06850
30.94185
30.90122
30.95864
30.91194
30.88588
30.87913
30.86139
30.84320
30.81257
30.69777
30.65675
30.73119
30.70663
30.69461
30.73376
30.79999
30.72406
30.75160
30.87230
31.08578
31.23415
31.36543
31.27866
31.26186
31.16231
31.14962
31.19317
31.14348
31.16103
31.25244
31.26282
31.28463
31.28400
31.30087
31.34173
31.43086
31.44775
31.55212
31.66405
31.63744
31.27426
31.31464
31.80238
32.43157
32.84336
32.64913
32.70917
32.89378
32.81487
32.59962
32.17563
31.80593
31.76407
31.73399
31.84424
32.05301
32.01278
31.90547
31.94841
31.85773
31.79519
31.63221
31.76265
31.85945
31.96664
32.05818
32.08197
32.41009
33.15619
33.85051
34.46083
34.82530
34.78596
34.45072
34.08880
33.62703
33.28956
33.25478
33.29199
33.40200
33.63041
33.71077
33.69110
33.47164
33.34479
33.38805
33.35065
33.58832
33.43513
33.48250
33.02362
32.92155
33.01984
33.13956
33.25662
33.30632
33.35023
33.33902
33.35276
33.48588
33.65063
33.72164
33.72404
33.70805
33.69068
33.89154
33.89124
33.92236
33.98998
34.08707
33.92116
33.88758
33.94759
34.02181
34.15084
34.32379
34.60447
34.69738
34.74777
34.73017
34.67189
34.43453
34.25387
34.37860
34.57485
34.53621
34.76426
34.69708
34.84615
35.16450
35.13958
35.01035
34.97417
35.00294
34.83543
34.79426
34.65097
34.78416
34.93765
35.65330
36.59129
37.04621
36.83691
36.68257
36.29041
35.61427
35.22868
35.30937
35.37756
35.38642
35.45270
35.22906
35.68798
36.37275
36.72733
36.81448
36.23242
36.98834
38.50298
38.67277
38.39740
38.00924
37.92505
37.55682
37.30958
37.02018
36.87004
36.74696
36.56771
36.32670
36.12143
36.37799
36.71503
36.76360
36.90860
36.80360
36.69580
36.62490
36.61851
36.37873
36.25175
36.27484
36.31093
36.53688
36.69735
36.65322
36.62125
36.55769
36.55124
36.56013
36.48327
36.51418
36.39155
36.58736
37.13984
37.26292
37.34784
38.03965
38.83992
38.60226
37.99481
38.20976
38.39085
38.55211
38.30264
37.97726
38.05060
38.41436
38.58647
38.36219
38.34807
38.29980
38.52514
38.47112
38.40665
38.04051
38.41092
39.19540
39.66878
39.84503
39.54277
39.33465
39.38146
39.11913
38.72614
38.22689
37.94359
37.71873
38.46954
38.28739
39.55667
42.66852
43.68396
43.86182
43.24622
42.36428
41.62270
40.99362
40.50916
40.14605
39.83056
39.65260
40.44829
40.86631
40.71032
41.11489
41.52887
41.57406
41.44260
41.23754
41.04620
40.94637
40.80699
40.73597
40.60423
40.63412
40.38077
40.24846
40.05683
40.17901
40.47282
40.51834
40.26969
40.17938
39.96455
39.92564
39.79603
39.82546
39.72886
39.75487
39.79422
39.77860
39.64193
39.66786
39.63687
39.62789
39.61287
39.71809
39.51733
39.71446
39.84450
39.65914
39.57203
39.94879
39.95269
39.63467
39.74190
39.75266
39.75554
39.67936
39.90045
39.96604
39.81851
39.53962
39.40796
39.41914
39.43658
39.37433
39.24119
39.17115
39.10385
39.06371
39.10589
39.09075
39.03264
38.99731
38.97751
38.95914
38.99462
39.04412
38.95807
38.80933
38.68916
38.50651
38.49890
38.44255
38.69473
38.77418
38.72416
38.71528
38.66805
38.62858
38.59208
38.55542
38.52021
38.48919
38.45840
38.43721
38.38207
38.32463
38.30185
38.21900
38.15895
38.12641
38.17961
38.19616
38.24942
38.28274
38.21734
38.25994
38.30527
38.28515
38.35638
38.58423
38.72119
38.63392
38.57635
38.62681
38.66304
38.75152
38.59058
38.49279
38.43992
38.42503
38.38564
38.41479
38.40553
38.35483
38.25249
38.22591
38.18319
38.03385
38.15525
38.22266
38.07321
37.89753
37.75393
38.12805
38.36942
38.28093
38.15343
38.05531
37.93546
37.84298
37.74126
37.68917
37.60945
37.55713
37.46983
37.46027
37.34546
37.76320
38.25982
38.16378
38.06411
38.00962
38.09469
38.14612
38.13714
37.98474
37.81248
37.74479
37.72149
37.69705
37.62081
37.58478
37.66467
37.99340
38.98302
39.46133
39.38791
39.12357
38.80391
38.50819
38.29038
38.09261
38.15100
38.40672
38.44534
38.35414
38.18108
38.00749
37.92563
38.07137
38.17982
38.22184
38.20473
38.09241
38.05324
38.04954
38.08588
38.06992
37.88320
37.80279
37.89079
38.02222
37.94955
37.72825
37.60476
37.66611
37.60730
37.61201
37.67192
37.81953
37.80126
37.80371
37.80099
37.77523
37.75592
37.72574
37.70600
37.64481
37.65541
37.61554
37.67743
37.77282
37.73248
37.72517
37.80970
37.73498
37.70693
37.67152
37.65765
37.62342
37.61574
37.60023
37.59881
37.58158
37.56502
37.53693
37.51685
37.48559
37.46437
37.45061
37.43840
37.42022
37.40324
37.38169
37.36208
37.34443
37.32688
37.31304
37.29589
37.27655
37.26143
37.24390
37.23654
37.24701
37.29688
37.32156
37.32094
37.30413
37.28911
37.26413
37.24632
37.22451
37.21350
37.18983
37.17796
37.15541
37.14240
37.11282
37.11549
37.11407
37.14722
37.07375
37.04553
37.12116
37.09144
37.09105
37.07353
37.06663
37.04623
37.03384
37.01655
36.93448
36.97029
37.04718
37.03579
37.04031
37.01084
37.01819
36.95486
36.92948
36.98398
37.05048
37.44547
37.83425
38.36633
38.86537
39.30788
39.52753
39.62352
39.66115
39.50428
39.25862
39.05063
38.82674
39.19077
39.58763
39.85318
39.91778
39.69822
39.31509
38.93919
38.70942
38.58551
38.65529
38.65934
38.78586
39.20038
39.39906
39.30148
39.12404
38.90746
38.79088
38.82425
38.89458
38.91181
38.77515
38.64570
38.70131
40.16012
42.20438
42.33442
42.16979
41.85372
41.34032
40.94761
40.34381
39.85141
39.63510
39.49862
39.42246
39.37059
39.30742
39.17655
39.07439
39.15534
39.55553
39.59111
39.55283
40.24106
40.44714
40.60888
40.40428
40.01226
39.87056
39.86212
39.54739
39.49737
39.39948
39.64429
40.02274
42.02386
44.03840
44.32447
44.09838
43.38084
42.80178
42.02980
41.46200
41.15877
40.74700
40.90947
41.02973
40.94517
40.94523
41.25863
42.20058
43.32043
43.64659
43.35254
42.90297
42.47627
42.07992
41.70980
41.46755
41.27026
41.12697
41.00215
40.91603
40.81738
40.78655
40.92065
41.04109
41.04894
41.00766
40.91375
40.83019
40.68090
40.59785
40.52796
40.35644
40.30780
40.30694
40.26182
40.13109
40.22750
40.22190
40.54228
40.60444
40.76391
41.26813
41.64298
41.92083
42.16984
42.40914
42.18530
42.19039
42.60108
43.04953
43.39082
43.37606
43.85183
44.86756
44.81561
44.95251
44.68993
43.69586
43.32144
43.03872
43.00139
42.81466
42.66746
42.51046
42.44288
42.51558
42.55919
42.35938
42.17396
41.95667
42.70449
45.02028
45.61784
45.35978
45.17016
44.44772
44.04660
43.80352
43.78275
43.87819
43.54030
43.28153
43.45757
43.47891
43.29533
43.30492
43.27581
43.26982
43.31616
43.23024
43.14866
43.09297
43.12652
43.18015
43.25033
43.25850
43.24697
43.21523
43.15281
42.91491
42.88196
42.96404
43.23017
43.42748
43.23004
43.24139
43.10618
43.22485
43.51697
43.56645
43.29827
42.93582
43.02087
43.37964
43.65541
43.62681
43.49071
43.38292
43.21588
43.18377
42.97333
42.67219
42.54276
42.39737
42.29521
42.18759
42.13682
42.08812
41.90601
41.83843
41.77033
41.72924
41.68950
41.79481
41.87150
41.89206
41.77825
41.64191
41.53465
41.46868
41.41839
41.38133
41.33264
41.28582
41.28026
41.32641
41.32666
41.29832
41.25668
41.24802
41.77773
42.03521
41.98857
42.16674
42.38865
42.41435
42.39411
42.25879
42.20707
42.17402
42.13990
42.08496
42.03020
41.98190
41.94851
41.89324
41.85126
41.84814
41.86847
41.81303
41.77363
41.74230
41.69183
41.66290
41.67374
41.72191
41.69275
41.68234
41.66084
41.65189
41.60926
41.57924
41.54307
41.51061
41.47567
41.54776
41.42229
41.18102
41.20895
41.66886
41.70480
41.82604
41.79054
41.65668
41.58768
41.78625
42.27585
42.63778
42.78155
42.83680
42.50932
42.37643
42.64734
42.65176
42.54851
42.39033
42.18784
42.24180
42.72426
42.77635
42.80029
42.86748
42.57863
42.26843
42.26291
42.27289
42.50137
42.23550
42.19639
42.21409
42.51541
42.41551
42.57699
42.54487
42.57932
42.45587
42.53195
42.35237
42.42215
42.19721
42.39530
42.17902
42.29818
42.07141
42.40253
41.98838
42.35785
41.67986
42.44728
