4.62808
4.37136
4.56946
4.39878
4.52202
4.39633
4.49439
4.40092
4.47318
4.39684
4.45085
4.38117
4.42170
4.36823
4.40706
4.36405
4.39768
4.35588
4.37948
4.35100
4.37764
4.35014
4.37575
4.35439
4.36265
4.33444
4.33596
4.31695
4.32825
4.31596
4.32245
4.30510
4.30357
4.28374
4.27834
4.26235
4.25597
4.23990
4.23120
4.21602
4.20933
4.19444
4.18297
4.16927
4.15783
4.14499
4.13637
4.12656
4.11420
4.10140
4.08838
4.07545
4.06221
4.04952
4.03703
4.02365
4.01105
3.99933
3.98809
3.97681
3.96657
3.95495
3.94124
3.92763
3.91535
3.90332
3.88975
3.87786
3.86495
3.85185
3.84035
3.82658
3.81272
3.79893
3.78788
3.77587
3.76096
3.74739
3.73441
3.72067
3.70940
3.69572
3.68587
3.67478
3.66211
3.65138
3.63947
3.62698
3.61335
3.60157
3.58709
3.57379
3.56327
3.55020
3.53807
3.52425
3.51401
3.50222
3.48942
3.47716
3.46418
3.45207
3.44172
3.43097
3.42130
3.40857
3.39872
3.38468
3.37722
3.37907
3.37888
3.38044
3.37134
3.36193
3.35137
3.34095
3.33165
3.32315
3.31083
3.29908
3.29000
3.28006
3.27054
3.25864
3.24784
3.23787
3.22674
3.21799
3.20740
3.19838
3.19141
3.18580
3.17712
3.16677
3.15567
3.14619
3.13598
3.12752
3.11771
3.10912
3.10134
3.09268
3.08400
3.07700
3.06754
3.05714
3.04702
3.03731
3.02837
3.01954
3.00914
2.99930
2.98837
2.98001
2.96969
2.96110
2.95193
2.94468
2.94139
2.94902
2.95294
2.97378
2.98123
2.98505
2.97943
2.97989
2.97781
3.00653
3.04535
3.08635
3.10460
3.14011
3.15772
3.18323
3.20693
3.21230
3.18626
3.25914
3.28309
3.39157
3.45749
3.55854
3.45268
3.52990
3.68046
3.71852
3.76049
3.83560
3.86829
3.93166
3.78591
3.87685
3.97593
3.96328
4.13249
4.21885
4.25562
4.28078
4.31817
4.36730
4.41477
4.46300
4.46478
4.46688
4.46796
4.50971
4.57106
4.56874
4.57537
4.60886
4.65552
4.68080
4.73610
4.77378
4.88271
4.92259
4.94978
4.98503
5.01144
5.07120
5.13636
5.16663
5.19169
5.18581
5.21230
5.23396
5.26935
5.29793
5.34191
5.34715
5.37074
5.36971
5.40216
5.41279
5.43820
5.42926
5.47299
5.01034
5.50307
5.76291
5.76515
5.90123
5.97252
6.00611
6.01372
6.02061
5.99758
6.01160
6.04289
6.04753
5.97461
6.01976
6.14012
6.20150
6.23126
6.27577
6.30778
6.37911
6.56779
6.69412
6.75058
6.92601
6.80971
6.67178
6.68572
6.68838
6.74760
6.72668
6.76917
6.88819
6.97143
6.91670
6.89033
6.89745
6.94255
6.95557
7.04637
7.08232
7.06167
7.10724
7.08081
6.99628
7.03640
7.16810
7.34309
7.45740
7.49013
7.53814
7.43971
7.22542
7.18253
7.16377
7.21849
7.25102
7.29502
7.39318
7.39520
7.52239
7.98726
8.10943
8.20173
8.07558
8.13763
7.61481
7.24117
7.69974
7.87616
7.96240
7.94113
7.93317
7.97481
8.00541
8.03385
7.81724
7.22405
7.62750
8.10546
8.07134
8.06628
8.09319
7.98099
7.47480
7.37055
7.50111
7.41206
7.41696
7.29097
7.53385
7.91003
8.15702
8.05535
7.51874
7.68027
7.80893
8.07800
7.86538
7.93619
8.19989
8.38416
8.27620
8.41881
8.39439
8.35420
8.52676
8.62287
8.57987
8.49766
8.45581
8.41245
8.35277
8.34614
8.19245
8.02412
8.12443
7.94808
7.69115
7.92189
7.96480
8.05437
8.00605
8.19840
8.30988
8.37957
8.39149
8.51504
8.14873
8.27785
8.40274
8.44439
8.48486
8.38605
8.36732
8.39000
8.58142
8.54409
8.64573
8.78246
8.91492
9.00331
9.00790
9.13339
8.96613
8.92043
8.76949
8.87734
8.92576
8.92344
8.79155
8.87317
8.75411
8.77848
8.73225
8.73127
8.52524
8.82253
9.23020
9.21877
9.19177
9.15355
8.95234
8.70918
9.02212
8.22201
8.74819
9.02170
9.12615
8.99503
9.00862
8.93351
9.03674
9.05551
9.09070
9.09492
9.23559
9.36944
9.41141
9.34976
9.34508
9.13025
9.19697
9.24823
9.22253
9.39452
9.31740
9.28131
9.21658
9.21059
9.16150
9.10653
9.08508
9.09409
9.24944
9.44665
9.43635
9.39769
9.30461
9.25359
9.19237
9.16949
9.16332
9.13923
9.10158
9.08248
9.04243
9.01337
8.98432
8.97911
8.92933
8.94550
8.96678
8.97231
8.86617
8.79069
8.81558
8.90514
8.87188
9.02707
9.14999
9.21325
9.26759
9.42055
9.46508
9.48299
9.52067
9.46796
9.32167
9.32186
9.50859
9.60965
9.83958
10.00001
9.97766
9.90185
9.79105
9.56742
9.56551
9.51095
9.50670
9.49067
9.46482
9.47656
9.71842
9.93957
9.97898
9.92130
9.81559
9.72399
9.66220
9.32772
8.89637
9.03132
9.25285
9.21657
9.22298
9.20232
9.18463
9.15659
9.15740
9.14751
9.17981
9.19800
9.19938
9.16853
9.12868
9.13786
9.31278
9.23930
9.33518
9.49830
9.58605
9.58631
9.56412
9.51490
9.41878
9.47655
9.50589
9.57221
9.69942
9.70166
9.67138
9.59941
9.51833
9.43536
9.44539
9.45122
9.41472
9.45907
9.95709
10.18825
10.26308
10.22358
10.16254
10.10296
10.03479
9.93392
9.91478
9.80610
9.76235
9.82715
9.81854
9.79536
9.78741
9.74298
9.72212
9.67839
9.66336
9.65400
9.74376
9.70531
9.77175
9.62351
9.75966
9.87611
9.91820
10.01324
9.96351
9.96344
9.89100
9.83741
9.63389
9.65587
9.66339
9.63426
9.62626
9.61555
9.59334
9.57956
9.55904
9.53771
9.46769
9.49530
9.50741
9.49314
9.45925
9.40951
9.45024
9.43404
9.46478
9.45999
9.44472
9.41455
9.38969
9.41754
9.31078
9.28041
9.25457
9.36844
9.50661
9.50520
9.46177
9.32335
9.50712
9.41926
9.41186
9.48442
9.46401
9.42312
9.06606
9.31298
8.97653
9.32766
9.61419
9.78399
9.95395
10.06101
10.10914
10.13058
9.92004
9.92939
10.05552
10.06737
10.06219
10.00273
9.97797
9.92676
9.82139
9.64685
9.55072
9.20584
9.62922
9.78901
9.81569
9.83044
9.81135
9.73996
9.66668
9.66458
9.67954
9.66434
9.64590
9.71306
9.83430
9.86091
9.82981
9.75388
9.68341
9.60197
9.75875
9.55933
8.94494
8.92569
8.84334
8.93719
9.73941
9.76573
9.58194
9.17126
9.45293
9.70859
9.59611
9.68705
9.87271
9.99615
9.89839
9.91562
9.73355
9.75270
9.12774
9.48609
10.01128
9.76934
9.88401
9.65934
9.89873
9.88400
9.90142
10.03776
10.23522
10.26010
10.20890
10.06630
10.10295
10.09509
10.26355
10.38805
10.44422
10.39213
10.33353
10.22171
10.21388
10.16613
10.15972
10.08977
10.04159
9.94238
9.96113
9.99307
10.03218
9.91488
10.01300
9.49995
9.32860
10.00058
9.86083
9.97350
9.83023
9.80752
9.96966
9.98913
10.04849
10.09275
10.04661
10.02092
9.96247
9.93487
9.88141
9.89148
9.90513
9.92259
9.94270
9.68533
9.76068
9.54296
9.82284
9.83447
9.83790
9.88467
9.90060
9.88990
9.83854
9.80096
9.81642
9.86262
9.86812
10.03016
10.34374
10.46797
10.38705
10.40087
10.29105
10.22045
10.13399
10.07851
10.00815
10.06521
10.16290
10.13518
10.19952
10.22555
10.12572
10.17251
9.99039
9.97098
9.80014
9.67901
9.95192
9.96652
10.06712
10.02751
10.29371
10.08060
10.11428
10.07678
10.09794
10.02838
9.99443
9.93496
9.96503
10.07580
10.17356
10.15366
10.17424
10.20018
10.27609
10.36222
10.42709
10.40635
10.36040
10.33228
10.34797
10.31136
10.29519
10.25079
10.25829
10.26221
10.38078
10.52524
10.56298
10.53728
10.48805
10.49148
10.53041
10.53317
10.50415
10.54477
10.55841
10.50911
10.46156
10.47135
10.44586
10.35937
10.35788
10.32828
10.30479
10.39832
10.48390
10.48004
10.44141
10.37960
10.32898
10.27330
10.25094
10.12575
9.98984
10.00120
9.95113
10.05154
10.01470
10.03171
10.06640
10.06849
10.06074
10.05264
10.09354
10.13450
9.98415
9.94801
10.04590
10.34571
10.66529
10.75695
10.73222
10.60042
10.58486
10.58864
10.63994
10.61071
10.55910
10.50441
10.47132
10.41644
10.47051
10.89986
11.22775
11.28871
11.27929
11.19379
11.08882
10.98622
10.90688
10.83888
10.78580
10.74111
10.71955
10.69327
10.66331
10.62611
10.59494
10.55757
10.52167
10.51332
10.49660
10.50461
10.50686
10.49012
10.45769
10.42054
10.38695
10.35268
10.32518
10.30329
10.27992
10.24703
10.21825
10.18274
10.14332
10.10495
10.08751
10.08261
10.06885
10.04173
10.00573
9.96354
9.91701
9.87944
9.84091
9.80431
9.76936
9.73562
9.69935
9.66451
9.62556
9.59668
9.56596
9.52663
9.51780
9.75806
10.06370
10.18651
10.21723
10.21190
10.20564
10.20429
10.18264
10.12472
10.06006
9.99285
9.93973
9.88959
9.85532
9.81855
9.78856
9.76023
9.71950
9.68569
9.65439
9.62008
9.59332
9.61031
9.74965
9.92821
9.99405
9.97273
9.91439
9.84871
9.78984
9.73127
9.67950
9.63634
9.60428
9.57148
9.53668
9.50274
9.46699
9.43320
9.40047
9.36998
9.33812
9.30730
9.27800
9.24711
9.21008
9.17282
9.13918
9.12255
9.09468
9.06242
9.01975
8.98377
8.94824
8.91584
8.87554
8.83697
8.80045
8.76315
8.72390
8.68800
8.64921
8.61570
8.58264
8.54837
8.51282
8.47853
8.44446
8.40892
8.36844
8.33808
8.29157
8.22915
8.22222
8.23743
8.29313
8.38069
8.45000
8.48276
8.50392
8.49891
8.47317
8.43822
8.39955
8.37333
8.35073
8.33189
8.31937
8.33979
8.32255
8.27754
8.25199
8.24905
8.27962
8.26302
8.26916
8.32994
8.39662
8.51368
8.65530
8.70351
8.87296
9.12260
9.34690
9.51556
9.59676
9.60715
9.62509
9.64135
9.60611
9.63114
9.62972
9.64630
9.61755
9.61293
9.62405
9.72329
10.04866
10.34091
10.46907
10.54086
10.62484
10.66175
10.62913
10.64143
10.68522
10.70260
10.70128
10.78455
11.09781
11.28760
11.31131
11.29041
11.24576
11.27183
11.42435
11.53612
11.61448
11.66257
11.69289
11.66935
11.61895
11.55640
11.50750
11.46334
11.45210
11.52173
11.59223
11.60282
11.66573
11.80907
11.94502
12.00520
12.05072
11.93612
11.83800
11.83221
11.78709
11.76425
11.74596
11.72835
11.71316
11.69082
11.67874
11.66467
11.64244
11.63119
11.61833
11.59507
11.58076
11.55767
11.54497
11.55274
11.54972
11.53739
11.51754
11.49380
11.49566
11.50436
11.49434
11.46955
11.44217
11.44357
11.70616
12.00336
12.09118
12.05675
11.98199
11.88718
11.81910
11.77334
11.79708
11.77565
11.75903
11.70390
11.68881
11.65259
11.66014
11.62010
11.63317
11.58149
11.59210
11.52610
11.53883
11.45834
11.48207
11.40846
11.44219
11.34320
11.37824
11.26466
11.31242
11.18076
11.24785
11.09554
11.16015
10.98682
11.11382
10.91039
11.08490
10.84116
11.06713
10.73169
11.04574
10.56879
