17.28802
16.31669
17.03183
16.36393
16.80192
16.30612
16.63561
16.26410
16.50146
16.19484
16.40015
16.15037
16.31252
16.10662
16.26672
16.11809
16.22696
16.08795
16.19817
16.11558
16.21164
16.15878
16.22926
16.09837
16.10845
15.99408
16.00462
15.91313
15.91582
15.83387
15.82910
15.75218
15.74704
15.68676
15.68194
15.63143
15.60227
15.54446
15.51705
15.46301
15.43295
15.37831
15.34124
15.29503
15.26086
15.21306
15.18119
15.13199
15.11848
15.12735
15.12796
15.11409
15.08291
15.05292
15.00398
14.96179
14.91519
14.88431
14.85219
14.85126
14.88193
14.89273
14.85644
14.80115
14.75544
14.70417
14.65706
14.60951
14.56065
14.52968
14.48900
14.44586
14.39880
14.35590
14.30934
14.26820
14.22057
14.17794
14.13675
14.09678
14.06376
14.02134
13.98747
13.94567
13.90586
13.86926
13.82689
13.77827
13.73794
13.69775
13.65634
13.60755
13.56722
13.52387
13.47715
13.42578
13.37984
13.33425
13.29478
13.26443
13.21605
13.17368
13.13126
13.08838
13.04898
13.00831
12.96578
12.92448
12.88798
12.85402
12.81432
12.77169
12.72799
12.69727
12.66583
12.61833
12.57590
12.54020
12.49802
12.45196
12.41242
12.37390
12.34986
12.31540
12.27642
12.23186
12.18452
12.14344
12.11056
12.22972
12.62678
13.27375
14.10513
15.13636
15.83375
15.88093
16.05607
16.64108
16.85577
16.74768
16.56856
16.50355
16.29606
16.20606
16.34857
16.81362
17.03806
17.19683
17.09792
16.99693
16.94550
16.86194
16.77069
16.70118
16.69540
16.69626
16.69091
16.83348
16.92202
16.86092
16.79181
16.75886
16.83707
17.12976
17.68993
18.30948
18.38840
18.21944
18.07279
18.04998
17.93798
17.82455
17.82933
17.79625
17.89479
18.04908
18.19579
18.23456
18.16508
18.23909
18.29436
18.29218
18.45162
18.78875
18.88139
18.86542
18.79623
18.98654
19.09861
19.21551
19.23620
19.22928
19.25604
19.60729
19.72622
19.61216
19.47895
19.61568
19.66849
19.68807
19.58638
19.60662
19.80916
19.86652
19.96712
20.35264
21.67930
22.74807
23.13236
23.01514
23.19556
23.05251
22.70575
22.53102
22.33333
22.30664
22.29996
22.30523
22.36064
22.38459
22.26543
22.40408
22.49249
22.70895
22.83891
22.73684
22.62135
22.58744
22.48039
22.41998
22.34943
22.43351
22.47931
22.48076
22.39775
22.19964
22.30628
22.22972
22.28308
22.20723
22.21986
22.18128
22.95884
23.47158
23.47945
23.40908
23.35688
23.12398
22.89916
22.89717
22.92300
23.20090
23.26877
23.50501
23.74906
23.80510
23.85519
24.11671
24.11923
24.15591
24.33502
24.23441
24.09399
24.02391
23.96516
23.87739
23.82603
23.79140
23.73975
23.69061
23.63099
23.54596
23.49171
23.58793
23.91168
23.95970
23.99239
23.99312
23.99648
24.00894
23.97970
23.90584
23.79753
23.76577
23.79679
23.78338
23.75408
24.23793
24.60329
24.50207
24.27790
24.08034
23.99846
24.22998
24.62657
24.76184
24.52216
24.25357
23.96971
23.91799
24.22019
24.54136
24.63184
24.72070
24.57775
24.56875
24.50990
24.48655
24.50776
24.39242
24.33558
24.18617
24.17314
24.25833
24.46381
24.36354
24.45711
24.56231
24.59490
24.65758
24.82653
24.89406
24.77676
24.67447
24.57557
24.50169
24.52529
24.98593
25.64490
25.96912
25.93617
25.76358
25.67670
25.43012
25.17265
25.10276
25.18129
25.40232
25.46367
25.52391
25.35373
25.28128
25.19573
25.29492
25.35168
25.22197
25.04773
25.06198
25.17681
25.28538
25.14493
25.07357
25.08256
25.19590
25.21551
25.56630
26.39202
27.05833
27.37331
27.07592
26.69523
26.35435
26.28520
26.16322
26.07013
26.01620
25.91720
26.15495
26.29807
26.36080
26.24506
26.15213
25.90513
25.94754
26.66110
27.10532
27.27862
27.12646
27.15209
27.12290
26.97582
27.24133
27.73625
27.88335
27.66104
27.48876
27.37222
27.33649
27.52184
27.93332
28.01951
27.96764
27.70392
28.12515
28.72415
28.51477
28.21943
27.96829
27.95852
27.88768
27.79434
27.81389
27.92708
27.79280
27.78842
27.87123
27.88589
27.63093
27.48474
27.46665
27.55505
28.03501
28.48749
28.45791
28.43966
28.65700
28.68211
28.41441
28.11957
28.11380
28.29882
28.41584
28.56617
28.64255
28.78775
28.91938
28.89532
28.79011
28.58915
28.43690
28.16232
28.09941
28.17373
28.79415
29.45730
29.82323
30.02601
30.17293
30.21574
29.91262
29.63077
29.41001
29.62106
29.60539
29.25372
29.09887
29.21916
29.51069
29.81971
29.95361
29.91614
29.86353
29.74645
29.62321
29.55451
29.53713
29.66722
29.67408
29.55584
29.52208
29.42776
29.21821
29.23869
29.60636
29.98237
29.87755
29.73067
29.63884
29.81624
29.85178
29.68104
29.68868
29.27843
28.93007
29.61084
29.77061
29.81525
29.56992
29.66438
29.50390
29.38313
29.35688
29.44265
29.52128
29.55038
29.65940
29.61075
29.76459
29.73589
30.23216
31.31684
31.64202
31.77281
31.57668
31.23834
31.00864
30.71699
30.51854
30.48435
30.36620
30.29302
30.74383
31.12958
30.95714
30.66564
30.43498
30.33407
30.29426
30.53792
30.73481
30.62536
30.54809
30.49574
30.42566
30.12825
29.91579
29.98909
30.28370
30.23084
31.05600
31.89736
31.81185
31.85807
32.22138
32.09239
31.74662
31.42105
31.14775
31.15376
31.08528
31.57420
31.86071
31.69388
31.40072
31.32793
31.34303
31.49344
32.09126
32.33044
32.08660
31.82540
31.59190
31.50438
31.37279
31.26895
31.26093
31.26203
31.11280
31.18112
31.64384
31.64528
31.54158
31.45589
31.27609
31.15869
32.09015
33.04066
32.86106
32.75614
32.58874
32.37212
32.20796
32.10107
32.02965
31.79815
31.67684
31.58856
31.58301
31.78155
31.98537
31.82560
31.78741
31.55504
31.58030
31.26474
31.44838
32.64173
33.82392
34.34453
34.04509
33.64833
33.17449
32.88790
32.69498
32.73120
33.01988
32.96036
33.40670
33.75174
33.46179
33.18404
32.91593
32.70154
32.40969
32.29471
32.17411
32.11124
32.13387
32.21001
32.12758
31.95732
32.06905
32.07617
32.25891
32.49632
32.64946
32.25924
31.54671
31.63327
31.77938
31.88769
32.29127
32.60809
32.95418
33.00048
33.04730
32.74558
32.83473
32.84513
32.83344
33.32309
33.42907
33.26987
32.98546
32.95371
33.01931
33.09232
32.86358
32.72965
32.41789
32.38255
32.44611
32.11955
32.11107
32.18471
32.10053
32.01512
32.10168
32.30731
32.49650
32.41547
32.21543
32.12502
32.06609
32.11253
32.02964
31.88720
31.76442
31.81123
31.69901
31.56495
32.03387
32.80051
32.97669
32.91586
32.75189
32.56894
32.66379
32.66489
32.61329
32.50085
32.23711
32.27700
32.18071
32.13345
32.19029
32.13343
32.00853
31.88312
31.89381
32.01803
31.97686
31.88071
31.86613
31.82578
31.83554
31.81443
31.76747
31.59571
31.54877
31.36081
31.25257
31.78874
32.34619
32.12156
31.98457
31.84380
31.65996
32.21629
32.85019
32.67923
32.51036
32.51036
32.27960
32.20492
31.79406
32.17243
32.77457
34.13376
35.19183
35.84714
36.45854
36.20355
36.06640
35.74915
35.10509
34.92550
34.80650
34.69629
34.65692
35.47942
35.81976
35.46502
35.34943
35.13288
34.88343
34.71382
34.59078
34.50046
34.45660
34.26102
33.94442
34.12134
34.63089
34.91156
34.60171
34.33883
34.50071
34.71003
34.67954
34.85212
35.18864
35.02589
35.01352
34.99185
35.16565
35.15481
34.97148
34.81407
34.74618
34.65948
34.58580
34.60181
34.84422
34.73041
34.97169
35.53728
35.67662
35.47974
35.16036
35.01078
34.90711
34.80848
34.71186
34.64628
34.58840
34.53639
34.47186
34.40970
34.35345
34.30702
34.25288
34.21122
34.16078
34.11198
34.05134
33.99880
33.94891
33.90771
33.85678
33.85726
33.86996
33.82465
33.77802
33.72429
33.67208
33.61130
33.55438
33.49720
33.43904
33.38147
33.33483
33.26632
33.07620
32.91312
32.85888
32.78559
32.68369
32.57623
32.47381
32.38334
32.32510
32.30865
32.24601
32.15462
32.05668
31.94814
31.84468
31.75238
31.66790
31.58307
31.50441
31.43486
31.34654
31.25752
31.17385
31.09314
31.00542
30.91982
30.82306
30.72898
30.67012
30.79532
30.81974
30.75471
30.69930
30.63391
30.55891
30.48117
30.41136
30.33760
30.27044
30.18779
30.10146
30.02247
29.94075
29.85426
29.76432
29.67141
29.58380
29.49238
29.40326
29.31798
29.22010
29.12147
29.01937
28.90784
28.80730
28.70548
28.61191
28.51804
28.43624
28.34108
28.25399
28.15021
28.05980
27.95218
27.86275
27.76453
27.68180
27.57888
27.50184
27.39580
27.32324
27.21121
27.14452
27.02856
26.96789
26.84089
26.78076
26.65936
26.60483
26.47692
26.43261
26.28897
26.24585
26.08805
26.05740
25.90935
25.90080
25.72872
25.73052
25.53534
25.55877
25.32666
25.37064
25.11277
25.21264
24.89004
