51.64187
48.76699
50.98362
49.18761
50.69033
49.40466
50.52258
49.53865
50.41275
49.63058
50.33448
49.69817
50.27542
49.75029
50.22902
49.79188
50.19151
49.82590
50.16053
49.85422
50.13456
49.87810
50.11257
49.89839
50.09381
49.91573
50.07776
49.93059
50.06401
49.94332
50.05224
49.95420
50.04218
49.96348
50.03364
49.97133
50.02643
49.97794
50.02039
49.98344
50.01539
49.98798
50.01129
49.99166
50.00799
49.99460
50.00539
49.99690
49.99690
49.99690
49.99690
49.99690
49.99690
49.99690
49.99690
49.99690
49.99690
49.99690
49.99690
49.99690
49.99690
49.99690
49.99690
49.99690
49.99690
49.99690
49.99690
49.99690
49.99690
49.99690
49.99690
49.99690
49.99690
49.99690
49.99690
49.99690
49.99690
49.99690
49.99690
49.99690
49.99690
49.99690
49.99690
49.99690
49.99690
49.99690
49.99690
49.99690
49.99690
49.99690
49.99690
49.99690
49.99690
49.99690
49.99690
49.99690
49.99690
49.99690
49.99690
49.99690
49.99690
49.99690
49.99690
49.99690
49.99690
49.99690
49.99690
49.99690
49.99690
49.99690
49.99690
49.99690
49.99690
49.99690
49.99690
49.99690
49.99690
49.99690
49.99690
49.99690
49.99690
49.99690
49.99690
49.99690
49.99690
49.99690
49.99690
49.99690
49.99690
49.99690
49.99690
49.99690
49.99690
49.99690
49.99690
49.99690
49.99690
49.99690
49.99690
49.99690
49.99690
49.99690
49.99690
49.99690
49.99690
49.99690
49.99690
49.99690
49.99690
49.99690
49.99690
49.99690
49.99690
49.99690
49.99690
49.99690
49.99690
49.99690
49.99690
49.99690
49.99690
49.99690
49.99690
49.99690
49.99690
49.99690
49.99690
49.99690
49.99690
49.99690
49.99690
49.99690
49.99690
49.99690
49.99690
49.99690
49.99690
49.99690
49.99690
49.99690
49.99690
49.99690
49.99690
49.99690
49.99690
49.99690
49.99690
49.99690
49.99690
49.99690
49.99690
49.99690
49.99690
49.99690
49.99690
49.99690
49.99690
49.99690
49.99690
49.99690
49.99690
49.99690
49.99690
49.99690
49.99690
49.99690
49.99690
49.99690
49.99690
49.99690
49.99690
49.99690
49.99690
49.99690
49.99690
49.99690
49.99690
49.99690
49.99690
49.99690
49.99690
49.99690
49.99690
49.99690
49.99690
49.99690
49.99690
49.99690
49.99690
49.99690
49.99690
49.99690
49.99690
49.99690
49.99690
49.99690
49.99690
49.99690
49.99690
49.99690
49.99690
49.99690
49.99690
49.99690
49.99690
49.99690
49.99690
49.99690
49.99690
49.99690
49.99690
49.99690
49.99690
49.99690
49.99690
49.99690
49.99690
49.99690
49.99690
49.99690
49.99690
49.99690
49.99690
49.99690
49.99690
49.99690
49.99690
49.99690
49.99690
49.99690
49.99690
49.99690
49.99690
49.99690
49.99690
49.99690
49.99690
49.99690
49.99690
49.99690
49.99690
49.99690
49.99690
49.99690
49.99690
49.99690
49.99690
49.99690
49.99690
49.99690
49.99690
49.99690
49.99690
49.99690
49.99690
49.99690
49.99690
49.99690
49.99690
49.99690
49.99690
49.99690
49.99690
49.99690
49.99690
49.99690
49.99690
49.99690
49.99690
49.99690
49.99690
49.99690
49.99690
49.99690
49.99690
49.99690
49.99690
49.99690
49.99690
49.99690
49.99690
49.99690
49.99690
49.99690
49.99690
49.99690
49.99690
49.99690
49.99690
49.99690
49.99690
49.99690
49.99690
49.99690
49.99690
49.99690
49.99690
49.99690
49.99690
49.99690
49.99690
49.99690
49.99690
49.99690
49.99690
49.99690
49.99690
49.99690
49.99690
49.99690
49.99690
49.99690
49.99690
49.99690
49.99690
49.99690
49.99690
49.99690
49.99690
49.99690
49.99690
49.99690
49.99690
49.99690
49.99690
49.99690
49.99690
49.99690
49.99690
49.99690
49.99690
49.99690
49.99690
49.99690
49.99690
49.99690
49.99690
49.99690
49.99690
49.99690
49.99690
49.99690
49.99690
49.99690
49.99690
49.99690
49.99690
49.99690
49.99690
49.99690
49.99690
49.99690
49.99690
49.99690
49.99690
49.99690
49.99690
49.99690
49.99690
49.99690
49.99690
49.99690
49.99690
49.99690
49.99690
49.99690
49.99690
49.99690
49.99690
49.99690
49.99690
49.99690
49.99690
49.99690
49.99690
49.99690
49.99690
49.99690
49.99690
49.99690
49.99690
49.99690
49.99690
49.99690
49.99690
49.99690
49.99690
49.99690
49.99690
49.99690
49.99690
49.99690
49.99690
49.99690
49.99690
49.99690
49.99690
49.99690
49.99690
49.99690
49.99690
49.99690
49.99690
49.99690
49.99690
49.99690
49.99690
49.99690
49.99690
49.99690
49.99690
49.99690
49.99690
49.99690
49.99690
49.99690
49.99690
49.99690
49.99690
49.99690
49.99690
49.99690
49.99690
49.99690
49.99690
49.99690
49.99690
49.99690
49.99690
49.99690
49.99690
49.99690
49.99690
49.99690
49.99690
49.99690
49.99690
49.99690
49.99690
49.99690
49.99690
49.99690
49.99690
49.99690
49.99690
49.99690
49.99690
49.99690
49.99690
49.99690
49.99690
49.99690
49.99690
49.99690
49.99690
49.99690
49.99690
49.99690
49.99690
49.99690
49.99690
49.99690
49.99690
49.99690
49.99690
49.99690
49.99690
49.99690
49.99690
49.99690
49.99690
49.99690
49.99690
49.99690
49.99690
49.99690
49.99690
49.99690
49.99690
49.99690
49.99690
49.99690
49.99690
49.99690
49.99690
49.99690
49.99690
49.99690
49.99690
49.99690
49.99690
49.99690
49.99690
49.99690
49.99690
49.99690
49.99690
49.99690
49.99690
49.99690
49.99690
49.99690
49.99690
49.99690
49.99690
49.99690
49.99690
49.99690
49.99690
49.99690
49.99690
49.99690
49.99690
49.99690
49.99690
49.99690
49.99690
49.99690
49.99690
49.99690
49.99690
49.99690
49.99690
49.99690
49.99690
49.99690
49.99690
49.99690
49.99690
49.99690
49.99690
49.99690
49.99690
49.99690
49.99690
49.99690
49.99690
49.99690
49.99690
49.99690
49.99690
49.99690
49.99690
49.99690
49.99690
49.99690
49.99690
49.99690
49.99690
49.99690
49.99690
49.99690
49.99690
49.99690
49.99690
49.99690
49.99690
49.99690
49.99690
49.99690
49.99690
49.99690
49.99690
49.99690
49.99690
49.99690
49.99690
49.99690
49.99690
49.99690
49.99690
49.99690
49.99690
49.99690
49.99690
49.99690
49.99690
49.99690
49.99690
49.99690
49.99690
49.99690
49.99690
49.99690
49.99690
49.99690
49.99690
49.99690
49.99690
49.99690
49.99690
49.99690
49.99690
49.99690
49.99690
49.99690
49.99690
49.99690
49.99690
49.99690
49.99690
49.99690
49.99690
49.99690
49.99690
49.99690
49.99690
49.99690
49.99690
49.99690
49.99690
49.99690
49.99690
49.99690
49.99690
49.99690
49.99690
49.99690
49.99690
49.99690
49.99690
49.99690
49.99690
49.99690
49.99690
49.99690
49.99690
49.99690
49.99690
49.99690
49.99690
49.99690
49.99690
49.99690
49.99690
49.99690
49.99690
49.99690
49.99690
49.99690
49.99690
49.99690
49.99690
49.99690
49.99690
49.99690
49.99690
49.99690
49.99690
49.99690
49.99690
49.99690
49.99690
49.99690
49.99690
49.99690
49.99690
49.99690
49.99690
49.99690
49.99690
49.99690
49.99690
49.99690
49.99690
49.99690
49.99690
49.99690
49.99690
49.99690
49.99690
49.99690
49.99690
49.99690
49.99690
49.99690
49.99690
49.99690
49.99690
49.99690
49.99690
49.99690
49.99690
49.99690
49.99690
49.99690
49.99690
49.99690
49.99690
49.99690
49.99690
49.99690
49.99690
49.99690
49.99690
49.99690
49.99690
49.99690
49.99690
49.99690
49.99690
49.99690
49.99690
49.99690
49.99690
49.99690
49.99690
49.99690
49.99690
49.99690
49.99690
49.99690
49.99690
49.99690
49.99690
49.99690
49.99690
49.99690
49.99690
49.99690
49.99690
49.99690
49.99690
49.99690
49.99690
49.99690
49.99690
49.99690
49.99690
49.99690
49.99690
49.99690
49.99690
49.99690
49.99690
49.99690
49.99690
49.99690
49.99690
49.99690
49.99690
49.99690
49.99690
49.99690
49.99690
49.99690
49.99690
49.99690
49.99690
49.99690
49.99690
49.99690
49.99690
49.99690
49.99690
49.99690
49.99690
49.99690
49.99690
49.99690
49.99690
49.99690
49.99690
49.99690
49.99690
49.99690
49.99690
49.99690
49.99690
49.99690
49.99690
49.99690
49.99690
49.99690
49.99690
49.99690
49.99690
49.99690
49.99690
49.99690
49.99690
49.99690
49.99690
49.99690
49.99690
49.99690
49.99690
49.99690
50.00526
49.99477
50.00779
49.99190
50.01100
49.98832
50.01499
49.98391
50.01985
49.97855
50.02573
49.97213
50.03275
49.96448
50.04106
49.95546
50.05084
49.94487
50.06229
49.93249
50.07567
49.91804
50.09128
49.90117
50.10952
49.88142
50.13092
49.85820
50.15618
49.83065
50.18632
49.79756
50.22282
49.75709
50.26795
49.70638
50.32541
49.64063
50.40155
49.55120
50.50841
49.42085
50.67159
49.20971
50.95688
48.80060
51.59695
