51.64187
48.76699
50.98362
49.18761
50.69033
49.40466
50.52258
49.53865
50.41275
49.63058
50.33448
49.69817
50.27542
49.75029
50.22902
49.79188
50.19151
49.82590
50.16053
49.85422
50.13456
49.87810
50.11257
49.89839
50.09381
49.91573
50.07776
49.93059
50.06401
49.94332
50.05224
49.95420
50.04218
49.96348
50.03364
49.97133
50.02643
49.97794
50.02039
49.98344
50.01539
49.98798
50.01129
49.99166
50.00799
49.99460
50.00539
49.99690
49.99690
49.99690
49.99690
49.99690
49.99690
49.99690
49.99690
49.99690
49.99690
49.99690
49.99690
49.99690
49.99690
49.99690
49.99690
49.99690
49.99690
49.99690
49.99690
49.99690
49.99690
49.99690
49.99690
49.99690
49.99690
49.99690
49.99690
49.99690
49.99690
49.99690
49.99690
49.99690
49.99690
49.99690
49.99690
49.99690
49.99690
49.99690
49.99690
49.99690
49.99690
49.99690
49.99690
49.99690
49.99690
49.99690
49.99690
49.99690
49.99690
49.99690
49.99690
49.99690
49.99690
49.99690
49.99690
49.99690
49.99690
49.99690
49.99690
49.99690
49.99690
49.99690
49.99690
49.99690
49.99690
49.99690
49.99690
49.99690
49.99690
49.99690
49.99690
49.99690
49.99690
49.99690
49.99690
49.99690
49.99690
49.99690
49.99690
49.99690
49.99690
49.99690
49.99690
49.99690
49.99690
49.99690
49.99690
49.99690
49.99690
49.99690
49.99690
49.99690
49.99690
49.99690
49.99690
49.99690
49.99690
49.99690
49.99690
49.99690
49.99690
49.99690
49.99690
49.99690
49.99690
49.99690
49.99690
49.99690
49.99690
49.99690
49.99690
49.99690
49.99690
49.99690
49.99690
49.99690
49.99690
49.99690
49.99690
49.99690
49.99690
49.99690
49.99690
49.99690
49.99690
49.99690
49.99690
49.99690
49.99690
49.99690
49.99690
49.99690
49.99690
49.99690
49.99690
49.99690
49.99690
49.99690
49.99690
49.99690
49.99690
49.99690
49.99690
49.99690
49.99690
49.99690
49.99690
49.99690
49.99690
49.99690
49.99690
49.99690
49.99690
49.99690
49.99690
49.99690
49.99690
49.99690
49.99690
49.99690
49.99690
49.99690
49.99690
49.99690
49.99690
49.99690
49.99690
49.99690
49.99690
49.99690
49.99690
49.99690
49.99690
49.99690
49.99690
49.99690
49.99690
49.99690
49.99690
49.99690
49.99690
49.99690
49.99690
49.99690
49.99690
49.99690
49.99690
49.99690
49.99690
49.99690
49.99690
49.99690
49.99690
49.99690
49.99690
49.99690
49.99690
49.99690
49.99690
49.99690
49.99690
49.99690
49.99690
49.99690
49.99690
49.99690
49.99690
49.99690
49.99690
49.99690
49.99690
49.99690
49.99690
49.99690
49.99690
49.99690
49.99690
49.99690
49.99690
49.99690
49.99690
49.99690
49.99690
49.99690
49.99690
49.99690
49.99690
49.99690
49.99690
49.99690
49.99690
49.99690
49.99690
49.99690
49.99690
49.99690
49.99690
49.99690
49.99690
49.99690
49.99690
49.99690
49.99690
49.99690
49.99690
49.99690
49.99690
49.99690
49.99690
49.99690
49.99690
49.99690
49.99690
49.99690
49.99690
49.99690
49.99690
49.99690
49.99690
49.99690
49.99690
49.99690
49.99690
49.99690
49.99690
49.99690
49.99690
49.99690
49.99690
49.99690
49.99690
49.99690
49.99690
49.99690
49.99690
49.99690
49.99690
49.99690
49.99690
49.99690
49.99690
49.99690
49.99690
49.99690
49.99690
49.99690
49.99690
49.99690
49.99690
49.99690
49.99690
49.99690
49.99690
49.99690
49.99690
49.99690
49.99690
49.99690
49.99690
49.99690
49.99690
49.99690
49.99690
49.99690
49.99690
49.99690
49.99690
49.99690
49.99690
49.99690
49.99690
49.99690
49.99690
49.99690
49.99690
49.99690
49.99690
49.99690
49.99690
49.99690
49.99690
49.99690
49.99690
49.99690
49.99690
49.99690
49.99690
49.99690
49.99690
49.99690
49.99690
49.99690
49.99690
49.99690
49.99690
49.99690
49.99690
49.99690
49.99690
49.99690
49.99690
49.99690
49.99690
49.99690
49.99690
49.99690
49.99690
49.99690
49.99690
49.99690
49.99690
49.99690
49.99690
49.99690
49.99690
49.99690
49.99690
49.99690
49.99690
49.99690
49.99690
49.99690
49.99690
49.99690
49.99690
49.99690
49.99690
49.99690
49.99690
49.99690
49.99690
49.99690
49.99690
49.99690
49.99690
49.99690
49.99690
49.99690
49.99690
49.99690
49.99690
49.99690
49.99690
49.99690
49.99690
49.99690
49.99690
49.99690
49.99690
49.99690
49.99690
49.99690
49.99690
49.99690
49.99690
49.99690
49.99690
49.99690
49.99690
49.99690
49.99690
49.99690
49.99690
49.99690
49.99690
49.99690
49.99690
49.99690
49.99690
49.99690
49.99690
49.99690
49.99690
49.99690
49.99690
49.99690
49.99690
49.99690
49.99690
49.99690
49.99690
49.99690
49.99690
49.99690
49.99690
49.99690
49.99690
49.99690
49.99690
49.99690
49.99690
49.99690
49.99690
49.99690
49.99690
49.99690
49.99690
49.99690
49.99690
49.99690
49.99690
49.99690
49.99690
49.99690
49.99690
49.99690
49.99690
49.99690
49.99690
49.99690
49.99690
49.99690
49.99690
49.99690
49.99690
49.99690
49.99690
49.99690
49.99690
49.99690
49.99690
49.99690
49.99690
49.99690
49.99690
49.99690
49.99690
49.99690
49.99690
49.99690
49.99690
49.99690
49.99690
49.99690
49.99690
49.99690
49.99690
49.99690
49.99690
49.99690
49.99690
49.99690
49.99690
49.99690
49.99690
49.99690
49.99690
49.99690
49.99690
49.99690
49.99690
49.99690
49.99690
49.99690
49.99690
49.99690
49.99690
49.99690
49.99690
49.99690
49.99690
49.99690
49.99690
49.99690
49.99690
49.99690
49.99690
49.99690
49.99690
49.99690
49.99690
49.99690
49.99690
49.99690
49.99690
49.99690
49.99690
49.99690
49.99690
49.99690
49.99690
49.99690
49.99690
49.99690
49.99690
49.99690
49.99690
49.99690
49.99690
49.99690
49.99690
49.99690
49.99690
49.99690
49.99690
49.99690
49.99690
49.99690
49.99690
49.99690
49.99690
49.99690
49.99690
49.99690
49.99690
49.99690
49.99690
49.99690
49.99690
49.99690
49.99690
49.99690
49.99690
49.99690
49.99690
49.99690
49.99690
49.99690
49.99690
49.99690
49.99690
49.99690
49.99690
49.99690
49.99690
49.99690
49.99690
49.99690
49.99690
49.99690
49.99690
49.99690
49.99690
49.99690
49.99690
49.99690
49.99690
49.99690
49.99690
49.99690
49.99690
49.99690
49.99690
49.99690
49.99690
49.99690
49.99690
49.99690
49.99690
49.99690
49.99690
49.99690
49.99690
49.99690
49.99690
49.99690
49.99690
49.99690
49.99690
49.99690
49.99690
49.99690
49.99690
49.99690
49.99690
49.99690
49.99690
49.99690
49.99690
49.99690
49.99690
49.99690
49.99690
49.99690
49.99690
49.99690
49.99690
49.99690
49.99690
49.99690
49.99690
49.99690
49.99690
49.99690
49.99690
49.99690
49.99690
49.99690
49.99690
49.99690
49.99690
49.99690
49.99690
49.99690
49.99690
49.99690
49.99690
49.99690
49.99690
49.99690
49.99690
49.99690
49.99690
49.99690
49.99690
49.99690
49.99690
49.99690
49.99690
49.99690
49.99690
49.99690
49.99690
49.99690
49.99690
49.99690
49.99690
49.99690
49.99690
49.99690
49.99690
49.99690
49.99690
49.99690
49.99690
49.99690
49.99690
49.99690
49.99690
49.99690
49.99690
49.99690
49.99690
49.99690
49.99690
49.99690
49.99690
49.99690
49.99690
49.99690
49.99690
49.99690
49.99690
49.99690
49.99690
49.99690
49.99690
49.99690
49.99690
49.99690
49.99690
49.99690
49.99690
49.99690
49.99690
49.99690
49.99690
49.99690
49.99690
49.99690
49.99690
49.99690
49.99690
49.99690
49.99690
49.99690
49.99690
49.99690
49.99690
49.99690
49.99690
49.99690
49.99690
49.99690
49.99690
49.99690
49.99690
49.99690
49.99690
49.99690
49.99690
49.99690
49.99690
49.99690
49.99690
49.99690
49.99690
49.99690
49.99690
49.99690
49.99690
49.99690
49.99690
49.99690
49.99690
49.99690
49.99690
49.99690
49.99690
49.99690
49.99690
49.99690
49.99690
49.99690
49.99690
49.99690
49.99690
49.99690
49.99690
49.99690
49.99690
49.99690
49.99690
49.99690
49.99690
49.99690
49.99690
49.99690
49.99690
49.99690
49.99690
49.99690
49.99690
49.99690
49.99690
49.99690
49.99690
49.99690
49.99690
49.99690
49.99690
49.99690
49.99690
49.99690
49.99690
49.99690
49.99690
49.99690
49.99690
49.99690
49.99690
49.99690
49.99690
49.99690
49.99690
49.99690
49.99690
49.99690
49.99690
49.99690
49.99690
49.99690
49.99690
49.99690
49.99690
49.99690
49.99690
49.99690
49.99690
49.99690
49.99690
49.99690
49.99690
49.99690
49.99690
49.99690
49.99690
49.99697
50.00530
49.99471
50.00786
49.99183
50.01110
49.98821
50.01512
49.98376
50.02003
49.97835
50.02596
49.97186
50.03304
49.96415
50.04143
49.95504
50.05130
49.94435
50.06286
49.93186
50.07637
49.91727
50.09213
49.90024
50.11054
49.88031
50.13214
49.85687
50.15763
49.82906
50.18805
49.79566
50.22489
49.75482
50.27045
49.70364
50.32843
49.63728
50.40528
49.54702
50.51311
49.41549
50.67778
49.20244
50.96562
48.78971
