24.58855
23.21730
24.29274
23.51978
24.32568
23.77062
24.32317
23.83517
24.24127
23.86191
24.20641
23.90790
24.16169
23.90514
24.14001
23.93318
24.11683
23.93488
24.07555
23.90537
24.04460
23.94137
24.08908
24.04659
24.18544
24.10851
24.19751
24.12372
24.15885
24.10544
24.15337
24.05574
24.08743
24.02074
24.04199
23.99547
24.05507
24.05743
24.11525
24.07680
24.09764
24.07939
24.05803
24.04992
24.05575
24.02236
24.01017
23.99257
23.99053
23.97105
23.95397
23.94199
23.93793
23.92047
23.90517
23.89618
23.89772
23.89797
23.90280
23.91409
23.91371
23.90981
23.89376
23.88826
23.87761
23.85558
23.85297
23.86310
23.86244
23.85545
23.85426
23.85897
23.86543
23.88308
23.91212
23.91889
23.91757
23.92577
23.91899
23.91613
23.90191
23.90278
23.89596
23.89274
23.87048
23.86026
23.84935
23.85125
23.83911
23.80707
23.81567
23.80071
23.78176
23.78009
23.77025
23.76692
23.76075
23.76250
23.75978
23.74584
23.73787
23.74309
23.72999
23.71879
23.71503
23.72307
23.71381
23.70238
23.71128
23.70282
23.68510
23.69798
23.69095
23.69617
23.71169
23.73955
23.76685
23.78988
23.81944
23.89991
24.00845
24.11003
24.17853
24.29324
24.44140
24.55286
24.58720
24.60319
24.60017
24.59808
24.52881
24.69659
25.03391
24.94424
25.22283
25.58203
26.38718
26.08970
26.35305
26.55162
26.64735
26.70495
26.69049
26.63318
27.04320
27.77924
28.05264
27.92357
27.94675
28.07979
27.71814
28.28540
29.03343
29.24854
29.38979
29.31858
28.82763
28.43796
28.06766
27.87002
27.62337
27.60077
27.53235
27.39119
27.30408
27.27882
27.26359
27.32824
27.30511
27.31913
27.26187
27.21632
27.28752
27.33605
27.31936
27.33651
27.25907
27.36544
27.43829
28.40471
29.00410
29.01985
28.89803
28.64988
28.38865
28.18386
27.50306
27.17642
27.82505
28.07149
28.43373
28.39752
28.34545
28.20929
28.10003
27.98056
27.95057
27.83518
27.80745
27.69041
27.41569
27.55837
27.76778
27.79844
27.80833
27.85125
27.63860
27.69487
27.64584
27.58431
27.51258
27.46922
27.53950
27.43172
27.46911
27.53709
27.57584
27.54010
27.55592
27.57854
27.76134
27.70616
27.66162
27.66136
27.64802
27.64088
27.62756
27.63402
27.60885
27.61906
27.62649
27.61393
27.64781
27.65377
27.64452
27.62867
27.59914
27.55983
27.54575
27.66975
27.87409
28.01416
27.84777
27.85393
27.86113
27.90187
27.87862
27.96787
28.12654
28.21526
28.20440
28.28419
28.16859
27.93185
27.56444
27.66738
27.96199
27.64071
27.61154
27.59011
27.67711
27.69328
27.70352
27.69823
27.73829
27.74224
27.78749
27.87401
27.91490
27.88198
27.80352
27.64177
27.57236
27.53303
27.49218
27.45400
27.40940
27.37487
27.35367
27.31460
27.27768
27.26610
27.39262
27.79174
28.02088
28.07296
28.01418
28.05453
28.18385
28.24982
28.27689
28.16096
28.11829
28.04940
28.02411
27.90971
27.81564
27.67116
27.62732
27.70856
28.24336
28.49075
28.55910
28.55415
28.49970
28.48674
28.37184
28.59384
29.88326
30.44965
30.09657
29.99516
30.08413
30.36966
30.54207
30.48033
30.29079
30.13370
29.83272
29.52541
29.27039
29.17238
29.30382
29.20420
29.20817
29.69317
30.72392
31.16732
31.16257
30.67066
30.69435
30.54030
30.18512
30.01223
29.94721
29.96509
29.90609
29.86687
29.80167
29.61647
29.51039
29.46206
29.61264
30.22068
30.20282
30.28869
30.56292
30.71277
30.92634
31.17154
31.21214
31.09112
30.87989
30.66344
30.45423
30.27818
30.13112
30.00009
29.92771
29.84962
29.79583
29.75726
29.75985
29.79732
29.73792
29.68520
29.65231
29.66604
29.73365
29.78468
29.85139
29.93705
29.94869
30.06949
30.15269
30.55165
30.51903
30.23676
30.12366
30.03509
30.11810
30.05528
30.01737
29.98735
29.97672
30.00473
29.81827
29.69485
29.77365
29.93530
30.08434
30.15883
30.13591
30.08357
29.96426
29.94107
29.97873
29.96813
29.79893
29.76307
29.70250
29.73559
29.73834
29.77970
29.78138
30.05987
30.48284
30.58089
30.50527
30.35325
30.19609
30.11241
29.97849
29.87776
29.77579
29.70837
29.61730
29.58368
29.77979
29.82815
29.80930
30.66981
32.43495
32.90752
32.80541
32.55056
32.27984
32.16470
31.69039
31.36463
31.01142
30.89031
30.39599
30.05521
30.19572
30.34951
30.35826
30.29950
30.60213
30.60963
30.78078
30.76046
30.65355
30.76558
30.87548
30.88912
30.85056
30.74928
30.70911
30.69092
30.69197
30.62392
30.62403
30.55282
30.33763
30.53761
30.76326
30.73525
30.91747
30.93393
30.99634
31.07028
31.04773
31.01071
30.93460
30.74431
30.60923
30.54761
30.73775
30.86459
30.85492
30.77389
30.68411
30.64035
30.85525
30.86100
30.75719
30.60669
30.64990
30.39468
30.61266
30.60622
30.62172
31.16663
31.28396
31.56422
31.42305
31.55339
31.36306
31.24381
31.22503
31.14277
30.93718
31.10037
31.22633
31.08641
30.91196
30.85956
31.01680
31.10911
31.09399
31.01159
30.89895
30.89610
30.87299
30.82930
30.92062
30.97815
31.04123
31.03143
31.09546
30.84831
31.45770
32.20719
32.26404
32.57356
32.07979
31.85903
31.73864
31.92528
32.01830
31.79963
31.37327
31.61868
31.53658
31.39637
31.39423
31.35687
31.35182
31.33421
31.76004
32.01675
32.30492
32.26448
32.18711
32.43870
32.26724
32.29079
32.10090
32.07972
31.89220
31.93898
31.37939
31.22728
31.45932
31.34751
31.80758
32.23993
32.34192
32.24987
32.12935
31.94800
31.76876
31.61060
31.51736
31.44746
31.42830
31.39065
31.44658
31.71663
32.04365
31.93281
31.59801
31.41409
31.71570
31.78906
31.55297
31.60153
31.59855
31.58469
31.58249
31.56517
31.57402
31.50054
31.60720
31.95770
32.49919
32.42823
32.25382
31.70069
31.85237
32.05764
32.02058
31.97881
31.87958
31.83260
31.71656
31.64107
31.48147
31.42903
31.34673
31.45282
31.38262
31.18100
31.44090
31.91279
31.76641
31.52096
31.56533
31.64907
31.70325
31.79357
31.83577
31.83273
31.69496
32.11575
31.80362
31.97681
32.12681
32.86250
33.55789
33.88056
33.77385
33.51671
33.03320
32.89320
32.07626
31.87651
31.87137
31.36730
31.90505
31.97091
31.63264
31.65371
31.83538
31.76926
32.02330
32.09560
32.07983
32.13338
32.29790
32.54818
32.51637
32.57911
32.15861
31.95832
31.76915
31.35446
31.34341
31.17834
31.23069
31.36046
31.47407
31.54151
31.59038
31.58659
31.32543
31.50862
31.53591
31.43858
31.35298
31.44073
31.44805
31.38779
31.49200
31.49025
31.52316
31.50484
31.59700
31.55376
31.59682
31.52070
31.52553
31.52788
31.63406
31.98419
32.17936
32.14865
32.01195
31.83684
31.93458
32.24147
32.31353
32.23414
32.13888
32.02198
31.90449
31.87675
31.92210
31.89314
31.99765
31.84012
31.76016
32.04580
31.99370
31.91564
31.76134
31.90428
31.83736
31.73064
31.83142
31.83685
31.85800
31.85448
31.90507
31.92043
31.90578
31.86566
31.82444
31.75651
31.71003
31.64441
31.62000
31.55414
31.53912
31.51311
31.18896
31.23924
31.30251
31.55947
31.76777
31.66859
31.51562
31.41220
31.44018
31.74581
31.69725
31.56093
31.57855
31.41503
31.77520
31.42532
31.18770
31.22019
31.82049
31.33024
31.31222
31.61447
31.46334
31.54428
31.48491
31.62557
31.64440
31.80030
31.69433
31.71522
31.66876
31.65279
31.36705
31.85041
31.83330
31.71761
31.60628
31.58385
31.48791
31.46074
31.38439
31.33556
31.26970
31.28033
31.40630
31.50586
31.51277
31.49634
31.42694
31.38337
31.31729
31.28554
31.21700
31.20761
31.14552
31.11690
31.08696
31.06948
31.02806
31.01694
31.00157
31.01376
30.96756
30.96391
30.93405
30.94841
30.89085
30.91700
30.85742
30.90167
30.83984
30.94190
30.91630
30.90146
31.08226
31.08116
31.07524
30.95634
30.92600
30.85323
30.81472
30.64627
30.89486
31.01532
31.08769
31.08329
31.07759
31.04349
31.02338
30.99585
30.97966
30.96267
30.97210
30.98656
30.89471
31.00453
31.05814
31.04290
31.05123
31.01421
31.01340
30.98364
30.97820
30.95630
30.94453
30.90277
30.86825
30.84098
30.81347
30.78428
30.76346
30.73494
30.71135
30.67936
30.66463
30.63811
30.60320
30.60010
30.57563
30.53252
30.52195
30.50301
30.49315
30.47032
30.46193
30.43515
30.42445
30.39748
30.36331
30.34132
30.31867
30.29878
30.27639
30.26425
30.25675
30.24897
30.23448
30.22106
30.20849
30.19237
30.17595
30.16420
30.14906
30.13522
30.12380
30.11650
30.10946
30.10129
30.08931
30.07467
30.05835
30.04305
30.02398
30.00667
29.99029
29.97367
29.95571
29.94015
29.92595
29.91890
29.90843
29.88065
29.88302
29.87290
29.83548
29.82530
29.80882
29.80947
29.78566
29.79317
29.76213
29.74174
29.73208
29.71473
29.70442
29.68567
29.69050
29.66386
29.64718
29.62993
29.62374
29.61226
29.60668
29.59767
29.58179
29.57606
29.56399
29.55488
29.54423
29.53680
29.52469
29.51867
29.50900
29.49997
29.48693
29.48053
29.47616
29.47054
29.45483
29.45500
29.44281
29.44805
29.43299
29.44039
29.42581
29.43240
29.41742
29.43809
29.40648
29.42805
29.41797
29.49702
29.50169
29.56693
29.56556
29.61639
29.58921
29.63946
29.56879
29.61572
29.55434
29.62631
29.71996
29.78815
29.67188
29.72341
29.64872
29.85339
29.78329
