30.05521
28.27665
29.49300
28.31750
28.96615
28.67502
29.64209
29.00365
29.09746
28.50842
29.76402
29.52668
29.43239
28.77342
28.72735
28.28337
28.43804
28.54515
28.85409
28.46405
28.53366
28.64016
29.22276
29.05917
28.86898
28.54870
28.48684
28.30625
28.42642
28.51534
28.63555
28.45922
28.35374
28.39215
28.47369
28.39056
28.40621
28.25788
28.18971
28.29834
28.39097
28.38953
28.34808
28.21528
28.13090
28.19446
28.61178
28.68919
28.51312
28.33218
28.21696
28.11761
28.06760
28.02757
28.42310
28.96183
28.84431
29.09232
29.35494
29.11093
28.93691
28.72225
28.53118
28.37260
28.24662
28.16840
28.13064
28.14977
28.14359
28.05319
28.01517
27.96224
28.25363
28.75988
28.65451
28.45052
28.29855
28.22857
28.17176
28.07440
28.00696
27.96632
27.91043
27.88509
27.80773
27.75730
27.71580
27.67790
27.60662
27.58208
27.55854
27.56062
27.50596
27.52244
27.37265
27.28924
27.38481
27.36440
27.45150
27.97158
28.19775
28.22399
28.15641
27.94290
27.84447
27.76913
27.94007
27.98310
27.84405
27.73588
27.64225
27.62003
27.64197
27.57081
27.50835
27.44485
27.44745
27.45678
27.52094
27.63889
27.57787
27.49270
27.40031
27.35371
27.29132
27.32838
27.39021
27.55785
27.73320
28.41374
29.43873
30.32703
30.92199
31.54010
32.03455
32.19623
31.88042
31.51296
31.80771
31.93036
31.74665
31.43128
31.66009
31.48301
31.03632
30.57720
30.80318
31.54530
31.51675
31.11419
30.73744
30.59541
30.93922
30.83587
30.63656
30.40015
30.15057
30.17790
30.46548
30.51679
30.37047
30.28721
30.15339
29.92232
29.78552
29.62754
29.51296
29.50430
29.49837
29.54705
29.69109
29.57196
29.74265
30.63600
30.76721
30.50801
30.38412
30.54347
30.63670
30.98201
30.81108
30.38724
30.06789
29.73633
29.90693
30.54573
30.62576
30.69650
30.66039
30.43137
30.16018
30.02577
30.09897
30.30130
30.27459
30.67667
31.38625
31.27834
31.82024
31.90163
31.49258
32.09327
32.36107
32.17755
31.91582
31.43767
30.94226
30.70839
31.01139
30.97791
30.88931
30.77693
30.64093
30.55639
30.36890
30.59880
31.29832
31.23224
30.94832
30.74976
30.65162
30.62249
31.18524
31.27131
30.96268
30.82970
30.54499
30.65994
31.08209
31.20204
31.04562
32.03119
32.58043
31.97337
31.41941
31.21427
31.30821
31.75102
32.43439
32.42102
32.09614
31.54119
31.10845
30.88852
30.83511
30.95789
31.31600
31.21617
31.00954
30.85551
30.85694
30.64465
30.93439
31.58657
31.86853
32.20694
32.21585
32.18195
31.90566
31.79316
31.51768
31.56229
32.18560
32.17622
32.19167
32.43180
32.59712
32.43288
32.55010
32.61179
32.48877
32.48653
32.87410
32.62981
32.32010
32.03262
31.91025
31.76615
32.36045
33.14078
33.10916
32.71310
32.38188
32.19027
32.03974
32.72583
33.40437
33.16791
32.83714
32.53240
32.31207
32.10805
31.96606
31.80174
31.75599
31.64035
31.62140
31.80114
31.95016
32.37209
32.79665
33.27218
33.51344
33.57603
33.49314
33.71481
33.77762
33.77581
33.54249
33.47739
33.72994
33.76835
33.78823
34.65310
34.89364
34.63220
34.03841
33.69722
33.57957
33.10015
32.97294
32.94688
32.93251
33.00149
33.39180
33.86908
33.86744
33.54621
33.33769
33.09783
32.92513
32.78157
32.70173
32.78345
32.63903
33.20992
33.66184
33.21638
33.30958
33.40222
33.16663
32.69406
32.29740
32.37814
32.31284
32.10882
31.99985
31.83353
31.67992
31.60599
31.57868
31.53659
31.85578
31.90476
31.67372
31.42778
31.33571
31.22490
31.08316
31.26151
31.25949
31.21070
31.17858
31.61132
31.97001
32.27014
32.68261
33.54646
34.05204
34.48733
34.62046
33.92307
33.26667
33.01993
32.83881
32.70501
32.95968
32.73660
33.36364
33.45779
32.88499
32.37629
33.01655
33.61091
33.85912
33.78228
33.36101
32.98953
33.11559
33.66876
33.58350
33.48099
33.04357
32.75354
32.59364
32.91496
32.95865
32.66475
32.56212
32.62823
32.55677
32.59812
32.54901
32.31385
32.64973
32.68955
32.59608
32.60182
32.50350
32.60587
32.47179
32.39527
32.58311
32.59127
32.49628
32.37388
32.45660
32.34789
32.52859
33.80198
34.01597
33.62917
33.16465
32.92588
32.85527
32.67095
32.77043
34.11533
34.50241
34.19368
34.57425
34.53213
34.22558
33.66343
33.92683
34.19050
34.16227
34.08956
34.05810
34.09157
34.08699
34.07980
34.74790
34.86798
34.47702
34.06646
34.33973
34.87946
34.83791
35.16504
35.11759
34.91566
34.62153
34.39895
34.11556
34.44653
34.52038
34.45183
34.30807
34.30444
34.23892
34.25681
34.22015
34.40988
34.57442
34.27878
34.15524
33.91148
34.71594
36.16216
36.64623
36.14301
35.71125
35.78398
35.46775
35.06142
35.00089
35.18955
35.74236
36.14142
35.63622
36.28923
37.16321
36.96043
37.38921
36.80411
36.38193
36.22795
36.39754
36.77734
36.50462
36.13771
35.74835
35.50113
35.35034
35.20166
35.10528
34.89850
35.37535
36.23860
35.97498
35.90566
35.49441
35.40009
35.35862
35.35125
35.20698
35.08985
35.01343
35.08428
35.02530
35.16084
35.18937
35.38848
36.05219
37.04138
37.22799
37.97688
38.23059
37.72270
37.18526
36.85932
36.65114
36.20683
35.87372
35.82211
36.02996
35.99523
35.63593
35.91049
37.04655
37.49558
37.32294
36.99989
36.99689
37.09981
38.41525
38.32220
37.28511
36.95362
37.05982
36.88933
36.57793
36.12258
36.45302
36.51502
36.17178
35.97902
35.81618
35.92201
35.91583
36.89932
37.74644
37.30565
36.84586
36.59979
36.44476
36.24422
36.22802
36.68438
36.79433
36.58121
37.12194
37.40662
37.32525
37.08733
37.17254
37.56228
37.73049
37.24115
37.11852
36.85582
36.48145
36.51582
36.88810
37.00157
37.07927
36.72769
36.38562
36.28404
36.23496
36.08929
35.98576
36.23030
36.15072
35.93878
35.82653
35.77461
35.60284
35.54224
35.63444
35.63949
35.79726
35.66187
35.64558
35.61622
35.86754
36.54372
37.01518
36.87509
37.56193
38.41977
38.81757
39.52621
40.18849
38.94721
38.42006
39.31687
39.77391
40.55142
40.07127
39.50747
39.51575
39.62765
39.16938
38.77148
38.48856
38.05692
37.94556
37.66368
37.80147
37.82589
37.91503
37.66369
37.49075
38.29888
39.50426
39.95331
40.44726
39.90089
39.18478
38.74096
38.37393
38.62729
39.17123
39.64780
39.66559
39.05644
38.61276
38.40193
38.24365
38.05750
38.15231
37.99952
37.92400
38.14396
38.00652
37.73197
37.71248
37.57216
37.70030
37.74061
37.58668
37.39561
37.29579
37.18064
37.24146
37.38825
37.57388
37.36232
38.47120
39.47812
39.01695
38.74721
38.48728
37.93889
38.45709
39.79622
39.31033
38.73884
38.29446
38.41968
38.62685
38.59607
38.49524
39.03504
39.34342
38.98113
38.55306
38.06053
38.48137
39.02524
38.69491
38.47191
38.38961
38.06350
37.89162
37.71357
37.56439
37.51537
37.47271
37.41478
37.41427
37.35630
37.46390
37.48728
37.66797
37.63450
37.40205
37.62384
38.61711
39.63532
40.06272
41.22178
41.06034
40.14156
39.79553
41.27149
42.25285
42.44919
43.38215
42.75761
42.21802
42.58435
41.95984
41.07938
41.04335
41.13456
41.72507
41.70821
42.88316
43.29731
43.93282
43.39794
42.47961
42.42256
41.38294
40.70862
41.26392
41.73010
41.57338
41.77809
41.77036
41.73616
42.87506
42.77048
42.25470
41.58584
41.64176
42.08913
41.71538
41.25735
41.93015
42.12259
41.81954
41.97152
43.01342
43.45656
42.49521
42.61315
42.43547
42.36669
42.12541
42.29394
43.34276
43.21627
42.88185
42.28498
41.83556
41.60697
41.41662
41.34362
41.24353
41.02662
40.87165
40.70347
40.58865
40.44962
40.37945
40.25250
40.66663
41.77158
41.67509
41.15215
40.77104
40.59833
40.46859
40.33750
40.21012
40.12448
40.02606
39.91611
39.82222
39.77462
39.75603
39.68891
39.63451
39.59345
39.48405
39.47032
39.44584
39.42962
39.46906
39.35192
39.29806
39.19005
39.11102
39.03084
39.15423
39.35319
39.25250
39.08675
38.97175
38.87780
38.79650
38.73654
38.70737
38.71874
38.74763
38.72915
38.62182
38.58826
38.57916
38.52410
38.44003
38.32586
38.41202
38.50896
38.48355
38.78220
38.92404
39.34507
39.85509
39.52410
39.09736
38.81893
38.66042
38.57881
38.55969
38.46047
38.42576
38.43805
38.35983
38.41505
38.32760
38.20772
38.12246
38.12535
38.00460
37.97149
37.88876
37.93740
37.85534
37.87294
37.70854
37.73130
37.55466
37.60782
37.44476
37.54178
37.36066
37.47328
37.24867
37.37732
37.15906
37.28472
37.03087
37.27785
36.94268
37.24115
36.82632
37.13265
36.65022
37.06976
36.59117
37.16728
36.51141
37.23782
36.55830
37.59994
36.42965
37.67453
35.92605
37.99851
