34.04876
32.31478
34.31726
33.48695
34.55887
34.06947
34.68251
34.03652
34.79388
34.15121
34.60942
34.01403
34.81161
34.95562
35.13205
34.61947
34.57439
34.16987
34.18149
34.13363
34.00682
34.73346
35.21311
35.24286
35.46535
34.84705
34.91707
34.97637
35.00187
35.50777
35.81853
35.64906
35.37587
34.97472
34.91552
34.73307
34.67513
34.66563
34.64890
34.50652
34.36681
34.14489
33.99049
33.80670
33.67063
33.56542
33.45367
33.55502
33.94032
34.00599
33.85346
33.67139
33.47420
33.54306
33.79121
33.75469
33.57637
33.91509
34.37911
34.24791
34.02612
34.03634
33.94101
33.78181
33.91990
34.08078
34.05166
34.09414
34.37718
34.66505
34.80481
34.60283
34.33189
34.03063
33.83680
33.71207
33.65745
33.54087
33.43507
33.30628
33.24111
33.16129
33.17383
33.35673
33.38325
33.31526
33.32130
33.30328
33.21230
33.11601
33.00470
32.92671
33.00926
33.01859
32.92023
32.81857
32.70031
32.60133
32.48925
32.40620
32.31495
32.28181
32.22409
32.21135
32.55055
32.83500
32.75050
32.72416
33.00375
33.30868
33.25970
33.22151
32.98754
32.92374
32.96822
32.99410
32.78822
32.68884
32.69946
33.15106
33.03912
32.98762
32.68943
32.67932
32.59034
32.87161
32.71990
33.94658
34.35893
34.70006
34.11504
34.29536
33.30596
34.87238
31.08938
29.99422
35.12775
35.47661
37.27505
38.79747
38.06730
35.18171
37.81210
36.75317
38.03494
38.28512
41.46787
40.17887
44.89778
46.32940
46.37895
47.52045
47.37972
47.39548
47.14218
47.55673
48.27145
49.61593
48.62675
48.59325
47.81209
46.64028
46.79252
47.38878
46.45066
46.74897
49.31993
49.86438
50.02359
49.97817
49.80152
48.72708
48.97652
48.82775
49.16788
48.98396
48.90747
48.56289
49.08072
49.13541
49.25060
48.86127
48.81217
48.88407
48.59225
48.45743
48.76826
48.60364
48.27912
48.45811
48.75032
48.49531
46.82310
45.39249
48.34341
48.49128
46.88524
49.21482
49.82918
49.72038
49.52481
49.43028
49.96538
49.63402
49.42771
50.00604
49.84494
49.77704
49.26825
49.57148
49.10151
49.21019
48.89928
48.91298
49.10398
49.42245
49.26202
50.21616
49.81672
49.62563
47.85006
49.77177
41.38271
38.85093
47.17372
48.07993
49.47756
48.71185
49.29718
49.80374
50.11266
49.89448
50.08778
49.91633
50.06877
49.93322
50.05336
49.94802
50.03757
49.96969
49.96439
49.90189
50.05557
49.94882
50.04013
49.95688
50.03228
49.96293
50.03009
49.96278
50.02367
49.94826
50.00256
49.97558
50.01382
49.77671
49.94062
49.97026
49.95923
49.89964
49.85998
49.15893
48.15738
49.82244
48.78951
48.97004
49.99704
49.95309
50.03312
49.96626
50.02466
49.97130
50.00783
49.93693
50.07347
49.43370
48.66318
49.20883
49.95461
50.00439
49.99142
50.00222
49.99161
50.00239
49.99110
50.00311
49.99020
50.00417
49.98899
50.00553
49.98749
50.00717
49.98572
50.00904
49.98376
50.01105
49.98178
50.01295
49.98049
50.01279
49.98398
49.99949
50.03543
49.59986
45.52348
46.50145
46.16556
47.28346
47.47614
47.78997
47.86945
48.15588
48.43444
49.59560
49.93218
49.47503
49.33000
50.32994
49.61844
50.57020
46.47982
48.74703
50.39448
49.77963
50.12949
49.92211
50.01520
50.07405
49.00665
47.80843
48.85122
49.08637
49.95947
49.92883
50.06285
49.93664
50.05162
49.94714
50.04226
49.95554
50.03451
49.96305
50.02658
49.97268
50.01194
50.00484
49.83506
49.19282
49.82745
49.98168
50.02641
49.96293
50.03319
49.95884
50.03702
49.95558
50.04089
49.95090
50.04617
49.94462
50.05341
49.93610
50.06336
49.92419
50.07737
49.90703
50.09865
49.88008
50.13391
49.83131
50.20654
49.70982
50.46510
47.20934
48.74259
50.34931
49.82287
50.07948
49.98933
49.91231
50.28076
46.70953
44.42575
47.68446
49.92217
50.07213
49.92240
50.06636
49.93351
50.05524
49.94447
50.04494
49.95360
50.03641
49.96110
50.02963
49.96741
50.02387
49.97260
50.01887
49.97709
50.01471
49.98095
50.01112
49.98430
50.00799
49.98741
50.00561
49.99003
50.00249
49.99257
49.99999
49.99508
49.99741
49.99779
49.99448
50.00104
49.99073
50.00553
49.98517
50.01302
49.97606
50.02620
49.95575
50.05892
49.87128
50.14157
47.67803
43.16227
43.05157
42.61675
42.53602
43.63520
45.74284
48.03131
49.21371
49.62763
50.32717
46.81855
45.22178
46.44021
46.98865
48.59448
48.66964
49.47193
48.00091
48.67971
49.43623
50.00528
49.93804
50.05716
49.93762
50.05636
49.93443
50.07030
49.84214
47.50920
45.25648
48.86866
50.28284
49.83272
50.11886
49.89309
50.09331
49.90157
50.09591
49.88969
50.11697
49.86355
50.03615
45.09926
44.91928
47.54947
47.38832
46.38551
48.32661
50.29638
49.82420
50.11980
49.90258
50.07481
49.93260
50.05308
49.94876
50.03975
49.95914
50.03073
49.96655
50.02440
49.97275
50.01940
49.97691
50.01542
49.98024
50.01239
49.98293
50.00992
49.98512
50.00773
49.98699
50.00596
49.98863
50.00444
49.99003
50.00345
49.99116
50.00227
49.99252
50.00143
49.99281
50.00058
49.99358
49.99989
49.99421
49.99932
49.99473
49.99884
49.99517
49.99842
49.99560
49.99824
49.99663
49.99739
49.99714
49.99662
49.99831
49.99480
49.99929
49.99815
49.94450
48.05927
49.63003
50.00494
49.49459
49.30610
49.62625
50.02360
49.60774
49.49212
49.71563
49.97880
49.85528
50.20920
49.19581
49.42624
50.12503
49.89767
50.06744
49.94345
50.03798
49.96725
50.01139
50.01402
49.68188
46.95243
49.69805
50.03759
49.99385
49.98710
50.01284
49.97729
50.01954
49.97232
50.02353
49.96821
50.02777
49.96367
50.03276
49.95807
50.03911
49.95077
50.04762
49.94073
50.05967
49.92594
50.07834
49.90150
50.11197
49.85251
50.16976
47.45082
47.75072
49.01970
49.62078
48.34069
48.27493
50.28839
49.81403
50.12797
49.89637
50.07694
49.93198
50.04991
49.95381
50.03146
49.97042
50.01548
49.98659
49.99778
50.00819
49.96676
50.06805
49.65400
49.78717
50.07193
49.95541
50.01905
49.98228
49.93405
50.12997
49.17355
47.59406
49.12925
50.06219
49.98650
49.99256
50.00626
49.98585
50.00827
49.98581
50.00742
49.98707
50.00599
49.98855
50.00453
49.99004
50.00311
49.99132
50.00189
49.99246
50.00093
49.99373
49.99988
49.99440
49.99914
49.99535
49.99824
49.99580
49.99777
49.99625
49.99734
49.99667
49.99692
49.99708
49.99653
49.99747
49.99613
49.99787
49.99573
49.99827
49.99532
49.99870
49.99487
49.99923
49.99434
49.99971
49.99382
50.00028
49.99320
50.00097
49.99242
50.00216
49.99146
50.00296
49.99011
50.00457
49.98815
50.00701
49.98500
50.01124
49.97900
50.02050
49.96274
50.05705
49.77450
49.75509
49.82299
49.98123
50.01118
49.98344
50.00830
49.98711
50.00542
49.98941
50.00354
49.99097
50.00222
49.99210
50.00124
49.99296
50.00047
49.99365
49.99985
49.99421
49.99934
49.99469
49.99891
49.99509
49.99853
49.99544
49.99819
49.99576
49.99788
49.99607
49.99758
49.99638
49.99725
49.99676
49.99674
49.99756
49.99479
49.95369
49.99961
49.99535
49.99802
49.99602
49.99762
49.99629
49.99742
49.99646
49.99728
49.99657
49.99719
49.99665
49.99711
49.99678
49.99703
49.99678
49.99701
49.99680
49.99699
49.99682
49.99698
49.99683
49.99697
49.99684
49.99695
49.99685
49.99695
49.99686
49.99694
49.99686
49.99693
49.99687
49.99693
49.99688
49.99692
49.99688
49.99692
49.99688
49.99692
49.99689
49.99691
49.99689
49.99691
49.99689
49.99691
49.99689
49.99691
49.99689
49.99691
49.99689
49.99692
49.99688
49.99693
49.99686
49.99697
49.99659
49.99678
49.99695
49.99687
49.99692
49.99688
49.99691
49.99689
49.99691
49.99689
49.99691
49.99689
49.99691
49.99689
49.99691
49.99690
49.99690
49.99690
49.99690
49.99690
49.99690
49.99690
49.99690
49.99690
49.99690
49.99690
49.99690
49.99690
49.99690
49.99690
49.99690
49.99690
49.99690
49.99690
49.99690
49.99690
49.99690
49.99690
49.99690
49.99690
49.99690
49.99690
49.99690
49.99690
49.99690
49.99690
49.99690
49.99690
49.99690
49.99690
49.99690
49.99690
49.99690
49.99690
49.99690
49.99690
49.99690
49.99690
49.99690
49.99690
49.99690
49.99690
49.99690
49.99690
49.99690
49.99690
49.99690
49.99690
49.99690
49.99690
49.99690
49.99690
49.99690
49.99690
49.99690
49.99690
49.99700
49.99678
49.99720
49.99658
49.99730
49.99683
49.99708
49.99813
49.99673
49.99816
49.99531
49.99887
49.99452
49.99975
49.99353
50.00085
49.99231
50.00219
49.99084
50.00381
49.98907
50.00573
49.98698
50.00801
49.98451
50.01067
49.98163
50.01379
49.98658
50.01533
49.98519
50.01671
49.98383
50.01805
49.98251
50.01936
49.98120
50.02066
49.97988
50.02201
49.97851
50.02340
49.97715
50.02462
49.97636
50.02429
49.97952
50.01332
50.01766
49.70250
49.76873
49.82884
48.98576
50.35957
48.92972
47.08421
45.37875
40.52778
42.29000
47.89795
50.83630
49.36913
50.55647
49.47608
50.51660
49.47796
50.54228
49.42806
50.61700
49.32460
50.75708
49.13385
51.02378
48.74222
51.64617
