27.41234
25.74109
26.33027
26.04839
26.62294
26.02575
27.01831
26.39031
26.94146
26.24949
26.00898
25.29992
25.47621
25.06220
25.19761
24.83691
24.93937
24.68765
24.81245
24.88338
25.24629
24.93941
24.83255
24.59497
24.65804
24.48937
24.50658
24.37164
24.32343
24.14144
24.27073
24.25767
24.17112
24.04684
23.97851
23.85729
23.77953
23.67490
23.61586
23.71944
23.82087
23.69935
23.61761
23.54206
23.44977
23.35509
23.27997
23.19747
23.12202
23.04401
22.97073
22.91513
22.87312
22.79873
22.74527
22.70599
22.63580
22.57995
22.52010
22.45852
22.39164
22.33027
22.26779
22.22982
22.20960
22.16448
22.12375
22.08370
21.99917
21.91413
21.84082
21.77487
21.70276
21.63121
21.55688
21.49149
21.42249
21.42552
21.43695
21.35477
21.26128
21.18081
21.10649
21.03341
20.96474
20.90476
20.88558
20.84860
20.78705
20.74135
20.73011
20.67345
20.64864
20.66164
20.84490
21.24097
21.25114
20.99660
20.81497
20.68994
20.62343
20.58676
20.51958
20.44282
20.38696
20.32635
20.26095
20.19564
20.15638
20.10107
20.04168
19.97766
19.94837
19.98762
19.96219
19.91331
19.91032
19.85970
19.82075
19.76567
19.74112
19.68992
19.64307
19.49688
19.66676
20.24494
20.45634
20.76238
21.20918
21.42721
21.79019
21.58244
21.54381
21.70259
22.38840
23.66303
24.53019
25.12222
25.29410
25.96567
26.16930
25.96731
26.12401
26.03017
25.67302
25.56792
25.32677
25.37497
25.55100
25.43989
25.21336
24.88577
25.05863
25.31991
25.13920
24.97647
24.70021
25.12613
25.71690
25.61059
25.67977
26.22564
26.85366
26.60142
26.07465
25.77550
25.61390
25.36234
25.29196
25.20741
25.22045
25.67484
26.53221
26.66256
26.11506
25.72826
25.49351
25.30680
25.18778
25.26364
25.81867
25.97324
26.41244
26.71544
26.35843
25.78968
25.55955
25.50120
25.34940
25.64475
26.07465
26.06366
26.71724
26.73186
26.37400
26.19711
25.97788
25.88850
25.20754
25.55510
25.68957
25.70923
25.75499
26.22938
26.59024
26.27995
25.57916
25.52208
26.19290
26.27390
25.76811
25.41591
25.67985
25.92605
25.91564
25.74988
25.60975
25.48720
25.23284
25.16311
25.28542
26.25986
26.48546
26.35445
25.75738
25.28805
26.05448
26.37359
26.16357
26.01171
25.90980
26.53573
26.71430
26.29895
26.06325
25.93750
25.80721
25.82641
26.53502
27.31237
27.78980
28.48568
28.15218
27.85325
28.03322
27.67725
27.08522
26.90937
26.96092
26.78258
26.80479
26.50892
26.53138
26.39899
26.31436
26.18847
26.00994
26.03559
26.23272
25.98099
25.76927
25.70649
26.04655
26.09443
25.83396
25.84652
25.18667
25.94879
26.21280
26.15154
26.14171
26.02856
25.81076
25.81494
25.78486
26.02726
25.67363
25.61033
25.95413
26.12512
25.79285
25.71491
25.93209
25.90811
27.02314
27.42733
27.37163
27.24367
26.75976
26.40899
26.44740
26.88123
26.85152
27.09621
26.94220
26.88016
27.46199
27.44640
27.14325
27.00998
26.73512
26.44536
26.13048
26.06508
25.95673
25.90844
26.16547
26.05135
25.98825
25.82243
25.76705
26.12385
26.40546
27.10118
27.35975
26.89050
26.74910
25.96488
26.20319
26.88224
27.20362
28.35166
28.08948
28.22798
27.18787
28.05163
28.46862
28.39256
28.27548
28.04971
28.11431
27.69112
27.45119
27.32058
27.52181
27.52476
27.34488
27.42293
27.39188
28.24874
29.93979
30.50033
30.67319
30.77354
30.33433
29.88165
29.15724
28.82420
28.53084
28.52973
28.34546
28.09460
27.95471
28.46444
28.49452
28.71728
29.02146
30.33109
31.14591
30.64578
29.93761
30.31060
30.94798
31.39533
32.23608
31.81574
31.65665
30.98087
30.56950
29.96453
29.96073
29.38881
29.51077
29.52548
29.70824
29.60905
29.59220
29.83496
29.72397
29.65975
29.70370
30.69719
30.93494
30.40898
30.04314
29.77306
29.71415
29.58888
30.26232
30.20048
30.82343
31.73553
31.57063
31.27971
31.08274
30.97674
30.98126
30.65237
30.04350
30.06457
30.69077
30.53166
30.54253
30.56910
30.24306
30.15833
30.25813
30.87346
30.72270
32.01280
32.11643
31.83387
31.57494
31.05543
30.83707
30.44732
30.25896
30.17442
30.10532
30.13347
30.20222
30.04619
30.05739
30.67045
31.83167
33.00893
34.26885
34.46271
33.85075
33.02579
32.35990
31.80361
31.81243
31.99079
31.84541
32.05231
31.81841
32.11696
32.84855
32.80892
32.66586
32.22501
31.78075
31.44958
31.23331
31.03672
30.94154
31.06288
31.38616
30.93875
30.88998
30.66545
31.14939
31.19686
30.64594
31.03669
30.95056
30.76732
31.39168
32.29881
33.40029
33.92218
33.51124
32.89065
32.56587
31.99222
32.49184
32.62010
32.89026
33.38437
32.63130
32.50795
32.20899
33.39733
33.58645
32.73080
32.65110
32.33197
32.89010
32.62713
32.27994
32.30403
32.62483
32.64833
33.81649
34.77669
35.20526
34.41177
33.79113
33.43545
33.14666
32.51491
32.61866
33.01843
33.85675
34.50163
33.79727
33.13171
33.14730
33.24214
33.37377
33.65433
33.28633
33.04167
32.72431
32.47727
32.26953
32.30018
32.87292
32.91480
32.74588
32.58678
32.32994
32.00666
31.89240
31.86745
31.78497
31.72203
31.61996
31.50446
31.38117
31.35051
31.32852
31.18718
31.42798
31.51838
31.38081
31.41008
31.39719
31.23232
30.81468
30.43187
30.40304
30.55209
30.51428
30.62350
30.61569
31.38421
32.48031
32.77247
32.43919
33.32078
32.76772
32.18049
32.83595
33.46390
33.24844
33.23080
33.07247
34.58969
34.62118
33.97445
33.44042
33.17854
33.43467
34.11904
35.26886
34.84974
35.43076
35.41795
35.33192
34.88796
34.81589
34.67183
35.22267
35.33166
35.15645
35.40857
34.94138
34.56821
34.19202
35.26339
35.52808
35.16597
35.12312
34.97134
35.18026
35.02096
35.16628
35.94553
35.87643
35.58249
35.76456
35.65643
35.35587
35.54438
35.96654
35.77103
35.27563
35.07735
36.53196
36.89525
36.15659
35.84367
35.55699
35.98660
35.98144
35.71693
35.18978
35.10964
34.81498
35.26917
35.52971
35.38747
36.00583
36.49054
37.59112
38.21879
38.28404
37.23430
37.03497
36.98791
36.21571
35.18278
35.36786
35.59709
34.71261
34.79230
35.00128
35.47935
35.28646
35.32433
35.45701
35.50974
35.49974
35.46703
35.42737
35.22141
34.71953
34.32923
34.14403
34.34738
34.34615
34.16459
33.96627
33.74381
33.97502
33.86771
33.71288
34.02824
33.68700
33.55731
33.38989
33.20810
33.06028
33.34139
34.23648
34.06137
34.31302
34.72044
34.78995
34.44361
34.27163
34.52566
35.35497
35.66957
36.07256
36.99613
36.80805
36.85234
37.21223
36.54960
35.90900
35.84794
35.18075
34.84926
34.51901
34.60314
34.48675
34.88850
35.64495
36.26383
36.21386
36.05865
35.58452
35.14338
35.95215
36.19124
36.05813
35.82566
35.61994
35.83240
35.74784
35.59286
36.28717
36.79603
36.87579
36.34339
35.93434
35.67330
35.31122
35.12153
34.78915
34.59841
34.81323
34.69454
34.63608
34.54490
34.17549
34.18906
34.01848
34.00074
34.37553
35.23966
35.39417
34.77366
35.19560
34.98634
34.51894
34.95097
36.12644
34.88391
34.49850
35.05158
35.57733
35.43251
35.50038
36.55628
37.60337
38.30846
38.75096
39.10490
39.26608
39.54571
39.81769
40.11347
39.45470
38.83181
38.63083
38.19898
38.31945
38.58298
38.46808
38.72060
38.53770
38.52260
38.07385
37.75879
37.55861
37.76483
37.74473
37.69729
37.63564
37.56353
37.12541
38.37741
39.29283
38.70359
39.14685
39.44544
39.06564
39.66177
39.80362
39.78581
39.35358
38.68906
38.42058
38.85692
38.99247
38.61780
38.26444
38.00337
37.85091
37.68163
37.50887
37.35645
37.22031
37.08764
36.96496
36.83995
36.71747
36.59479
36.48470
36.38360
36.27852
36.16919
36.08432
35.98419
35.86515
35.75110
35.64523
35.54549
35.43483
35.33380
35.24128
35.15938
35.09664
35.01366
34.90115
34.81895
34.77380
34.70371
34.57389
34.99187
35.42487
35.51711
35.47660
35.19736
34.97829
34.78694
34.67271
34.58495
34.48753
34.37372
34.28004
34.18712
34.14004
34.07069
33.96679
33.86217
33.77056
33.67946
33.59443
33.52206
33.44148
33.35584
33.29557
33.22717
33.15308
33.06973
33.00009
32.93534
32.84824
32.75550
32.65987
32.57108
32.48572
32.39644
32.30798
32.21841
32.13157
32.04767
31.96097
31.90517
31.83055
31.74359
31.66760
31.61149
31.53259
31.45081
31.35900
31.28016
31.19285
31.12053
31.04070
30.95615
30.87747
30.80351
30.71910
30.64555
30.56051
30.50280
30.37940
30.27807
30.24469
30.40340
30.87665
31.44333
31.86637
32.21357
32.66883
32.25309
32.00538
31.82001
31.62280
31.30565
31.37771
31.18962
31.19622
30.98665
31.01406
30.71830
30.81050
30.55666
30.69140
30.39221
30.67633
30.41854
31.21054
31.55503
31.87374
31.73748
32.71020
32.30101
32.59001
31.69046
32.17046
31.48281
32.71294
31.40231
