15.65188
14.44583
14.95414
14.50612
14.79143
14.23728
14.43351
14.15587
14.76441
14.60082
14.60846
14.22166
14.25234
14.13045
14.29938
14.04604
14.26863
14.44486
14.40939
14.11317
14.03147
13.88161
13.88693
14.17688
14.59188
14.32028
14.23510
14.32698
14.29400
13.99776
14.17960
14.72377
14.61065
14.34614
14.08644
14.44071
14.80970
14.59224
14.32343
14.68594
15.31562
15.07059
14.70047
14.50887
14.59487
14.45366
14.32957
14.21534
14.17282
14.09578
14.06517
14.01419
13.96745
13.90813
13.87260
13.87548
13.87737
13.80719
13.75738
13.76356
14.12242
14.33802
14.17687
13.96678
13.84762
13.81176
13.78840
13.71917
13.66212
13.67359
13.65179
13.58821
13.53944
13.50527
13.46272
13.42555
13.39530
13.34576
13.32784
13.30255
13.27769
13.23646
13.24204
13.26277
13.24815
13.21081
13.16753
13.13174
13.12223
13.07234
13.05081
13.01084
13.01989
13.05727
13.06537
12.99703
12.99244
12.94959
12.96448
12.92089
13.80419
14.89813
15.52802
15.97865
15.87144
15.51856
15.18539
15.01734
14.91035
14.78254
14.68786
14.64068
14.55647
14.45664
14.37216
14.32831
14.25580
14.17309
14.09954
14.03894
13.93916
13.90071
13.81189
13.76564
13.81254
13.82140
13.83395
14.66295
15.32270
15.34193
14.98716
14.59016
14.30640
14.13152
14.02800
13.98338
13.94437
13.92125
13.88239
13.80211
13.71210
13.64355
13.62556
13.56881
13.51244
13.54228
13.59557
13.53306
13.44432
13.35584
13.32468
13.28354
13.24639
13.19923
13.30671
13.32346
13.22837
13.13238
13.07953
13.02089
13.02388
13.01457
12.99010
12.97145
13.05032
13.20384
13.74237
14.43858
14.80795
15.54613
16.16133
16.38219
16.30103
16.29725
16.74673
17.96174
18.19983
17.90101
17.18273
17.41604
18.48207
18.32258
18.06507
18.27667
17.79361
17.36362
17.30443
17.05494
16.77316
16.70100
16.59891
16.60484
16.55339
16.39245
16.40065
16.38821
16.09990
16.47473
16.51246
16.64087
17.28308
16.89785
16.81149
16.81841
16.53286
17.29177
17.60493
17.20163
16.81005
16.39834
16.17361
16.01839
15.99203
16.02167
15.92294
15.87123
15.90413
15.84839
15.97802
15.89676
15.67074
15.53476
15.41166
15.35256
15.45970
15.54147
15.33803
15.39977
15.50688
16.01069
16.32825
16.06553
15.69069
15.48480
15.78788
15.81876
15.73706
15.51735
15.34983
15.22673
15.16005
15.12457
15.21626
15.24857
15.81124
15.81907
15.46285
15.14976
15.00734
14.88227
14.98943
15.24725
15.14189
14.92883
14.92179
14.94820
14.93730
15.00399
15.07486
15.46351
15.28944
15.06580
14.80970
14.73660
14.61904
15.32454
15.57456
15.96074
16.31482
16.06971
15.17941
15.10783
15.31864
15.51788
15.39642
15.24751
15.14577
15.12680
15.04707
15.25789
15.80989
16.25964
16.37751
16.11212
15.66570
15.69523
16.24705
16.12517
15.72405
15.71040
16.15310
15.92704
14.89533
14.83739
15.21181
15.28133
15.29139
14.95809
15.14890
15.10813
15.08129
15.22390
15.20681
15.29965
15.34337
15.48551
15.53195
15.33724
15.15704
15.04320
14.99381
15.09538
15.05980
15.01792
15.25857
15.25196
15.01449
15.03302
15.20064
15.26433
15.05703
15.17844
15.23296
15.19021
15.36579
15.26999
15.49452
16.15630
16.21880
16.12152
16.08996
15.84274
15.64656
15.60993
15.25126
14.50470
14.57085
14.80738
15.18536
15.18258
15.30446
15.09405
15.90779
16.73151
16.64339
16.23118
15.85523
15.41220
14.79308
14.73778
14.55329
14.80524
14.86936
14.68452
14.38097
14.04406
14.07025
14.09163
14.55037
14.58307
14.30348
14.01831
14.20747
14.01223
14.58847
14.94747
15.42915
15.95018
15.91337
15.66470
15.61616
15.62539
15.48042
15.31298
15.27142
15.19748
15.27884
15.23985
15.16789
15.15244
15.05251
14.73650
14.93591
14.25438
14.35130
15.31402
15.51762
15.58441
15.86398
15.82520
15.49823
15.45569
15.63075
15.60765
15.38679
15.28488
15.11388
15.13252
13.96753
13.44804
14.07313
13.85381
13.65439
13.81813
14.20860
14.26736
14.22063
14.47086
14.60176
14.48530
14.45754
14.44700
14.35331
13.67798
13.42300
13.94810
14.55589
14.63768
14.62127
14.63641
14.50615
14.61601
14.56558
14.34596
14.26762
14.29035
14.37619
14.29048
14.27237
14.42854
14.55394
14.42759
14.31064
14.19481
14.17605
14.18429
14.39079
14.50457
14.40576
14.38228
14.33824
14.30573
14.26292
14.23603
14.19650
14.16129
14.12561
14.10574
14.07455
14.06185
14.02459
14.00875
13.96828
14.10054
14.12672
14.12882
14.05261
14.06495
13.94094
14.04445
14.03636
14.03761
13.81913
13.74456
13.77934
14.18523
14.73579
14.71303
14.47184
14.08163
14.14336
13.97203
13.89668
13.24690
13.32769
13.96104
13.29896
13.35673
13.56377
13.67322
13.53737
13.56544
13.54601
13.65732
13.54095
13.14976
13.17586
13.10401
13.08884
12.96603
13.24759
13.41558
13.02902
13.52389
13.68660
13.86445
13.95513
13.88498
13.83628
13.79699
13.82767
13.81611
13.77510
13.76252
13.75291
13.91784
13.74672
13.59579
13.16085
12.77345
12.76871
12.83771
12.91326
13.74517
15.02955
15.44093
15.33988
14.96440
14.71949
14.97671
14.90416
14.80080
14.77454
14.72409
14.76207
14.86696
14.86731
14.15203
13.90276
14.30452
14.33997
14.87254
14.61392
14.17922
14.47459
14.34360
14.60480
14.63566
14.71020
14.55957
14.49354
14.38926
14.36878
14.28592
14.27930
14.05792
14.14209
14.17711
14.12756
14.03415
14.05012
14.07082
13.97730
14.12798
14.37289
14.35321
14.25631
14.23316
14.07571
14.09628
14.19679
14.30404
14.31719
14.30480
14.25515
14.26307
14.26421
14.64671
15.24410
15.33750
15.11880
14.89698
14.80233
14.98836
14.96294
14.92126
14.91794
14.81121
14.74820
14.69536
14.66334
14.60579
14.58305
14.54081
14.51752
14.46853
14.43995
14.34462
14.43475
14.46214
14.71162
15.55944
15.74223
15.89199
16.56650
16.62273
16.33491
15.91151
15.71201
15.55004
15.54941
15.47535
15.48847
15.20734
14.75734
14.53511
14.93435
15.34075
15.22132
15.16283
15.08268
15.06454
14.94833
14.89833
14.83765
14.86777
14.76588
14.65491
14.52158
14.52875
14.45216
14.86099
15.09822
14.93907
14.93682
14.97039
14.88007
15.15265
14.99768
14.61546
14.43674
14.42828
14.51499
14.54106
14.75873
14.77516
14.72927
14.66241
14.61992
14.54880
14.55531
14.55558
14.51799
14.46682
14.45820
14.43947
14.40026
14.37009
14.34094
14.32497
14.31072
14.20511
13.54439
13.63081
13.65877
14.04835
14.09417
14.24922
14.92791
15.11461
16.07903
16.71269
16.47169
16.75465
17.35151
17.14044
16.80857
16.88464
17.10692
18.02213
18.09957
17.77613
17.87335
17.75832
17.68774
17.35937
17.02248
16.86222
16.74069
17.00163
17.60587
17.42444
17.04666
16.76454
16.99538
17.16790
17.01187
16.83552
16.99311
16.90917
16.29592
16.57979
17.32731
16.97763
16.10842
16.21183
16.51037
16.25521
17.06117
17.09078
16.78665
16.70276
16.67945
16.78557
16.50615
16.42789
16.72465
17.19665
16.89322
16.72821
16.52487
16.43336
16.31058
16.31292
16.21725
16.19660
16.15341
16.18460
16.11033
16.28431
16.38572
16.23148
16.14405
16.37124
16.27457
16.14917
16.15958
16.24932
16.50758
16.57105
17.18579
17.39836
17.04611
16.96245
17.16164
17.00490
16.84818
16.72077
16.61979
16.52702
16.48655
16.41141
16.77933
17.09730
16.93240
17.44686
17.71438
17.30307
17.04656
17.26932
17.18230
16.90708
16.75440
16.64049
16.59815
16.56702
16.65099
16.71036
17.08278
17.05630
16.83026
16.61684
16.73648
16.25674
15.99131
16.55291
17.47989
17.38967
18.11633
18.80966
19.02004
19.22567
18.81359
19.37832
19.56415
19.01822
18.55383
18.24725
18.45034
19.23721
19.31955
19.40863
19.01332
18.77209
19.08170
19.00168
18.55049
18.26336
18.03729
18.07274
17.57690
17.46663
17.33335
17.37260
17.57917
17.36091
17.37395
17.59987
17.39559
17.20693
17.06918
16.99022
16.79019
16.76244
16.87176
16.79187
16.74903
16.68771
16.74796
16.75088
16.71435
16.86548
17.30056
17.29447
17.08426
16.93268
16.88646
16.75381
16.74321
16.75909
16.70192
16.66471
17.21246
17.49143
17.20431
17.02241
16.96149
16.87728
16.77470
16.86285
16.91315
16.81052
16.70729
16.64043
16.68972
16.67420
16.58163
16.51930
16.47134
16.84111
17.33296
17.29189
17.00083
16.76605
16.72574
16.70090
16.58260
16.49642
16.42116
16.36738
16.31973
16.29140
16.25278
16.21120
16.18211
16.19280
16.17787
16.12535
16.09962
16.07961
16.24398
16.26070
16.16372
16.07503
15.98483
15.94833
15.90971
15.86664
15.82242
15.80526
15.81057
15.78342
15.74084
15.66502
15.74544
15.73285
16.11292
16.44865
16.31148
16.11430
16.00616
16.19484
16.19666
16.04591
15.93459
15.85239
15.78808
15.73239
15.68793
15.65236
15.58643
15.80765
16.24142
16.15906
16.46829
16.76014
16.52024
16.26063
16.07753
15.98012
15.91147
15.86529
15.81906
15.76821
15.69919
15.70135
15.66119
15.61751
15.57627
15.55003
15.51383
15.48694
15.48281
15.44798
15.40172
15.35156
15.32372
15.27798
15.23410
15.20338
15.17866
15.14469
15.10580
15.21941
15.30599
15.24878
15.15138
15.12335
15.10045
15.06522
15.02567
15.03432
15.01493
14.95202
14.93663
14.90248
14.88605
14.83537
14.83961
14.80808
14.79011
14.77930
14.91816
15.03903
15.03316
14.95136
14.89919
14.84295
14.89332
14.84755
14.83410
14.77449
14.86101
14.84390
14.84795
14.73509
14.75393
14.67087
14.73929
14.65665
14.70334
14.57866
14.65060
14.52662
14.63391
14.48482
14.60717
14.43315
14.63233
14.92017
15.84161
15.63606
15.85667
15.22986
15.66347
