17.97251
17.02631
17.76869
17.19534
17.79715
17.35935
17.69832
17.32531
17.67909
17.55969
17.83575
17.57906
17.74658
17.55468
17.68132
17.51071
17.60918
17.53592
17.75211
17.65674
17.73241
17.62365
17.66090
17.54396
17.57160
17.49152
17.53420
17.46250
17.48046
17.40695
17.41265
17.34959
17.36622
17.32670
17.32393
17.28344
17.27821
17.25030
17.27600
17.30740
17.33788
17.37567
17.53882
17.61251
17.61829
17.56274
17.51517
17.47541
17.44766
17.41686
17.38455
17.35026
17.32990
17.31411
17.29783
17.27762
17.25531
17.28622
17.35375
17.37798
17.39060
17.39000
17.38289
17.40536
17.42709
17.41427
17.38598
17.35908
17.33019
17.29867
17.27813
17.26669
17.26085
17.23712
17.21523
17.19558
17.19372
17.18789
17.18475
17.18414
17.17221
17.17001
17.18019
17.17230
17.16059
17.14642
17.13236
17.11887
17.10343
17.09131
17.08470
17.07248
17.05909
17.04408
17.02794
17.00910
16.99185
16.97981
16.97380
16.96850
17.10319
17.24605
17.26989
17.24547
17.19935
17.16435
17.12606
17.10256
17.07737
17.05643
17.02963
17.01198
16.98874
16.97419
16.95066
16.93838
16.91186
16.90357
16.85870
17.00220
17.27003
17.48296
17.61041
17.58483
17.53216
17.47712
17.45397
17.43997
17.42905
17.40050
17.37310
17.34275
17.32933
17.30716
17.28728
17.25714
17.23542
17.21675
17.20431
17.18959
17.18388
17.15728
17.13972
17.10920
17.09049
17.05079
17.05102
17.08592
17.12220
17.12711
17.10776
17.08011
17.07080
17.04665
17.03255
16.98599
17.13366
17.54049
17.72907
17.76860
18.01290
18.37341
18.49184
18.83480
19.40288
19.72688
19.79784
19.80692
19.81149
19.73872
19.64115
19.72392
19.82526
19.82056
19.75387
19.76243
19.94084
20.08307
20.11878
20.07220
20.01131
19.97361
19.93975
19.90595
19.85700
19.84289
19.67196
19.61560
19.52531
19.34574
19.19816
18.98167
19.20904
19.35341
19.33286
19.66872
19.90931
20.14459
20.15295
20.07989
19.95061
20.08517
20.29174
20.36363
20.29234
20.41364
20.01279
19.71910
20.25862
20.27826
20.22606
20.33804
20.55833
20.53873
20.47684
20.24969
20.59858
20.38774
20.17641
20.03717
20.27467
20.66690
20.79326
20.92204
20.91453
20.83596
20.77997
20.75686
20.78653
20.77084
20.74258
20.71481
20.67613
20.62811
20.63032
20.54536
20.72600
21.02622
21.02545
20.93677
20.91517
21.01825
21.22194
21.35850
21.55811
21.56713
21.54315
21.45565
21.39109
21.32999
21.30842
21.28044
21.28170
21.19498
21.18644
21.23884
21.24674
21.23622
21.22729
21.19063
21.18075
21.14103
21.11133
21.06091
21.03014
20.98855
20.96580
20.91441
20.90451
20.84962
20.85924
20.75421
20.84431
20.41671
20.40864
20.65461
20.53344
20.66459
20.89734
20.90917
21.03760
21.55035
21.58238
21.36428
21.43157
21.31430
20.63546
20.91505
21.04961
20.63035
21.17181
20.96509
21.00568
21.18776
21.23467
21.25918
21.33925
21.25147
21.22332
21.20041
21.19790
21.17643
21.16885
21.16297
21.14338
21.14450
21.05519
20.99823
21.04065
21.02049
21.04830
21.10008
21.07517
21.06092
21.02004
20.98099
20.93184
20.89635
20.89425
20.86316
20.82276
20.79058
20.75749
20.73085
20.70248
20.67137
20.63015
20.59817
20.56421
20.52964
20.47294
20.49639
20.56231
20.61753
20.62625
20.65767
20.65366
20.65631
20.63687
20.58664
20.58260
20.57302
20.60944
20.62066
20.60199
20.55886
20.54176
20.53575
20.81864
21.19459
21.27019
21.23348
21.20137
21.18230
21.57196
22.10777
22.38137
22.38326
22.23282
22.11321
22.28325
22.41683
22.37656
22.27860
22.17682
22.16764
22.09381
22.02556
21.97388
21.92743
21.84357
21.82836
21.80954
21.76353
21.65324
21.62246
21.80247
21.92995
21.97308
21.95311
21.91473
21.81953
21.91591
22.04210
22.05946
22.06720
22.01096
21.99728
21.94766
21.94926
21.90897
22.02240
22.07179
21.97350
21.98390
21.93874
21.84799
21.86374
21.97137
21.87336
22.04845
22.41374
22.25536
21.90382
22.27339
22.37087
22.34723
22.29242
22.25667
22.20992
22.21145
22.12574
22.22035
22.12860
22.09266
22.22485
22.22324
22.28710
22.27683
22.28887
22.21888
22.16601
22.23004
22.29825
22.38109
22.32812
22.31433
22.36674
22.38143
22.35739
22.38471
22.37611
22.29213
22.23662
22.14973
22.24438
22.29718
22.34521
22.35922
22.34111
22.29588
22.26450
22.25179
22.27896
22.27068
22.27340
22.27934
22.23325
22.21217
22.20842
22.17957
22.33095
22.57861
22.61580
22.60818
22.58110
22.56820
22.48271
22.67864
22.90494
22.93799
22.92870
22.89493
22.85237
22.82775
22.73261
22.67965
22.77272
22.78446
22.77580
22.73165
22.73727
22.83130
22.82916
22.76982
22.73093
22.67557
22.63887
22.58438
22.40793
22.18075
22.35234
22.38286
22.43564
22.63384
22.58877
22.66856
22.62086
22.56798
22.57104
22.58212
22.63626
22.62718
22.66493
22.54397
22.80569
23.26750
23.23289
23.14648
23.08263
23.05524
23.01405
22.97004
22.92720
22.87329
22.81094
22.78353
22.74156
22.68564
22.62467
22.60112
22.46134
22.72595
22.95160
22.96548
22.93668
22.91683
22.94362
22.88560
22.84400
22.78139
22.38471
22.14568
22.61280
22.50779
22.39358
22.27050
22.40632
22.38493
22.53630
22.67006
22.63850
22.74649
22.82619
22.75911
22.68797
22.41253
22.54816
22.60182
22.99759
23.11585
23.11439
23.10852
23.15711
23.02016
22.99539
23.03430
23.03166
23.03406
22.98914
22.95918
22.92731
22.88326
22.84443
22.70973
22.74576
22.82848
22.88358
22.91218
22.76960
22.74696
22.78261
22.75956
22.82424
22.49090
22.35020
22.51498
22.65445
22.76039
22.53426
22.96695
22.73737
22.79093
22.95411
22.83443
22.92265
22.92550
22.93723
22.91954
22.90563
22.84507
22.79600
22.76380
22.74645
22.76163
22.77096
22.76907
22.75689
22.73800
22.70786
22.67293
22.63586
22.59416
22.56775
22.55818
22.57722
22.56975
22.55482
22.51354
22.44897
22.46070
22.47925
22.43544
22.56621
22.84789
22.91808
22.92981
22.88444
22.86756
22.81068
22.79996
22.75332
22.78390
22.62074
22.28578
22.54554
22.16216
22.62925
22.75840
22.59437
22.47263
22.45929
22.46194
22.66204
22.66787
22.67176
22.77272
22.72171
22.77573
23.05723
23.26332
23.18487
23.25199
23.29166
23.18890
23.19192
23.12777
22.94458
22.97033
23.00523
22.96525
22.87419
22.72439
23.04742
22.81178
22.60998
23.71577
23.94769
24.01629
23.87264
23.89533
23.74898
23.44199
23.49789
23.28903
23.20228
23.11858
23.14377
23.22906
23.23456
23.04702
23.47792
23.75238
23.68376
23.61455
23.70363
23.77465
23.81532
23.77940
23.72760
23.53760
23.39419
23.26541
23.41334
23.57533
23.65244
23.66579
23.64075
23.56884
23.48363
23.64402
24.05810
24.48476
24.67674
24.68842
24.56952
24.51661
24.39661
24.54632
24.72492
24.69241
24.63791
24.62812
24.59492
24.56101
24.48561
24.47711
24.23234
24.14692
24.43450
24.30322
24.38611
23.86745
23.56869
23.96632
23.44780
23.51277
23.99107
23.94683
23.86419
23.95173
24.22252
24.26173
23.96106
24.25444
24.20502
24.03875
24.05734
24.00968
24.01907
23.95739
23.92884
23.80073
24.01193
24.12566
24.52157
24.17735
24.01480
23.89122
24.26125
24.76052
24.44091
24.45100
24.34333
24.42642
23.90682
23.84351
24.07509
23.93483
23.84877
23.92680
24.05982
24.31741
24.30545
24.49194
24.60793
24.59861
24.63457
24.65615
24.68980
24.52136
24.38166
24.52662
24.46100
24.38381
24.51949
24.66066
24.81664
25.07625
25.14607
25.15149
25.04649
25.04338
25.06363
25.07489
25.04157
24.97573
25.04796
25.08915
25.13257
25.15378
25.15491
25.14493
25.12661
25.12866
25.01585
24.78906
24.83597
24.90146
24.94277
24.97740
24.96458
24.93919
24.88585
24.85358
24.85163
24.81625
24.74699
24.75902
24.66306
24.55197
24.78123
24.89917
24.86688
25.16362
25.22068
25.26736
25.26717
25.23862
25.21670
25.17124
25.15092
25.13888
25.11439
25.07948
25.04074
24.99946
24.96255
24.91097
24.86053
24.80704
24.78341
24.78800
24.76491
24.60996
24.65948
24.86202
24.93518
24.95098
24.89592
24.93096
24.97958
25.00588
25.03692
24.97123
24.86367
24.95268
24.99829
25.05187
25.01578
25.09001
25.08982
24.98582
24.87848
24.85160
24.83228
24.76499
24.76249
24.77787
24.79074
24.79128
24.76199
24.72987
24.69802
24.66749
24.57435
24.43995
24.44903
24.50574
24.55444
24.58944
24.59489
24.56617
24.53652
24.50820
24.47862
24.45039
24.41050
24.36978
24.34781
24.32514
24.30477
24.26168
24.20526
24.18234
24.17063
24.15847
24.14273
24.11244
24.04891
24.03467
24.03037
24.02119
23.99641
23.99726
23.92299
23.87418
23.93660
23.97924
24.02315
24.02843
24.01689
23.97390
23.94212
23.91855
23.90726
23.89960
23.88088
23.85030
23.81975
23.79788
23.75677
23.66578
23.65301
23.67550
23.68328
23.64092
23.68654
23.73209
23.76980
23.78879
23.78623
23.77319
23.75155
23.73757
23.71657
23.68788
23.65311
23.63059
23.60473
23.59603
23.54232
23.49491
23.45897
23.44613
23.50327
23.54387
23.57151
23.57222
23.56068
23.53683
23.51785
23.50039
23.48084
23.45649
23.42888
23.39917
23.38157
23.35911
23.33213
23.30328
23.27387
23.17196
23.14548
23.21087
23.23760
23.25328
23.32088
23.45678
23.86062
24.10562
24.15585
24.14640
24.13817
24.13036
24.12125
24.10233
24.08284
24.05473
24.03709
24.00899
23.99021
23.95034
23.93068
23.87340
23.84582
23.79997
23.79893
23.75299
23.75598
23.70707
23.71733
23.65428
23.64657
23.55177
23.58690
23.50697
23.55238
23.39470
23.42446
23.34737
23.43812
23.35236
23.46996
23.27569
23.31003
23.19912
23.37264
23.21838
23.42394
23.33903
23.61617
23.54169
23.83583
23.57412
23.92750
23.61854
24.00807
23.55548
24.07151
23.42262
24.11213
23.20063
24.27373
