25.83061
24.56904
25.68161
24.74290
25.39098
24.68069
25.18069
24.65847
25.03786
24.60438
24.91569
24.57074
24.82573
24.53317
24.74913
24.49867
24.67876
24.47168
24.61732
24.45210
24.55338
24.41436
24.50992
24.39248
24.47707
24.39518
24.47832
24.47983
24.64178
24.60161
24.63734
24.62095
24.69757
24.65943
24.71973
24.68548
24.68880
24.65638
24.65537
24.63718
24.67592
24.67488
24.66816
24.64220
24.60224
24.58366
24.59600
24.63999
24.75481
24.84729
24.83574
24.79826
24.75499
24.84053
25.03469
25.13096
25.14087
25.09126
25.02028
24.93491
24.86361
24.79990
24.75337
24.71183
24.67257
24.63853
24.61362
24.60719
24.59815
24.58594
24.58045
24.55638
24.54660
24.48434
24.43952
24.42805
24.41692
24.41471
24.42420
24.41355
24.43080
24.45433
24.46669
24.45876
24.43805
24.41496
24.39609
24.35477
24.38033
24.40560
24.60142
24.98327
25.77868
26.35607
26.57959
26.61907
26.48535
26.30124
26.10517
25.94423
25.80000
25.67432
25.55852
25.47606
25.40447
25.35436
25.29940
25.24723
25.20581
25.22224
25.26638
25.29161
25.31862
25.32032
25.31574
25.26131
25.22460
25.17651
25.13592
25.11013
25.18034
25.29133
25.34776
25.36544
25.34149
25.29859
25.27499
25.25968
25.22296
25.18852
25.14806
25.14104
25.23049
25.47139
25.64106
25.69344
25.71658
25.86130
25.95425
26.04503
26.03228
26.07461
26.36904
26.53816
26.88046
27.02541
27.19696
27.73508
28.13708
28.17803
28.12726
28.00629
27.91971
27.73399
27.43345
27.14280
26.97771
26.85310
26.76371
26.67980
26.63935
26.57838
26.48727
26.49967
26.50860
26.56382
26.58349
26.59571
26.51797
26.52548
26.66158
26.79497
26.74915
26.70341
26.52605
26.69127
26.81139
26.87506
26.83311
26.77203
26.60349
26.46645
26.50102
26.68348
26.72460
26.72695
26.76366
26.80951
26.77011
26.73391
26.68898
26.72031
26.74948
26.72086
26.71208
26.69173
26.72888
26.85245
26.90508
26.89925
27.00822
27.29193
27.37114
27.28867
27.30633
27.29422
27.22187
27.25373
27.23326
27.27910
27.26823
27.31395
27.32475
27.30964
27.23895
27.16624
27.17077
27.20592
27.18033
27.06891
27.14988
27.27930
27.70714
27.98588
28.06625
28.02000
27.92623
27.82624
27.74029
27.69477
27.67456
27.60286
27.53691
27.48398
27.51905
27.55281
27.63262
27.66343
27.91169
28.01249
28.01938
27.97663
27.99262
27.96387
27.93713
27.91264
27.84074
27.87277
27.92754
27.90212
27.86099
27.80848
27.72112
27.67896
27.61534
27.63062
27.65032
27.56772
27.61363
27.59474
27.53297
27.54685
27.57244
27.65387
27.63008
27.58339
27.52277
27.47048
27.53257
27.56612
27.63903
27.63049
27.65044
27.64161
27.55204
27.49374
27.46647
27.47927
27.47375
27.46257
27.43657
27.39444
27.37536
27.33411
27.29939
27.35749
27.44368
27.58899
27.71739
27.73150
27.71538
27.70751
27.70798
27.70871
27.72371
27.75013
27.81304
27.74423
27.75090
27.68253
27.58366
27.63814
27.76178
28.34540
28.92012
29.11310
29.04239
28.78376
28.55971
28.40097
28.43131
28.44007
28.37391
28.18526
27.99790
27.91518
27.94533
28.02249
28.03074
28.11228
28.08001
28.10646
28.30294
28.42674
28.40354
28.44946
28.51993
28.54629
28.45083
28.31134
28.23960
28.10228
28.00796
28.00696
27.95471
27.92403
27.77244
27.84480
27.85171
27.70829
27.80973
27.94384
27.98110
28.00280
28.02580
28.02932
27.97869
27.99292
28.02967
28.04427
28.16290
28.20406
28.07861
27.84302
27.83021
27.94248
28.17750
28.37256
28.33517
28.74032
29.03013
28.97586
28.81136
28.68329
28.47075
28.11440
28.07703
28.00575
28.01936
27.99019
27.96984
28.14167
28.33221
28.36279
28.29699
28.18964
28.18317
28.07593
27.97817
27.88313
27.78894
27.76049
27.76808
27.75216
27.91110
27.97065
27.97381
28.09039
28.21082
28.36108
28.39845
28.41028
28.46819
28.54111
28.65656
28.77676
28.80425
28.64962
28.49384
28.44616
28.42387
28.49241
28.61516
28.64144
28.52079
28.34367
28.48986
28.69381
28.71380
28.68590
28.61144
28.57821
28.62297
28.62149
28.55511
28.50098
28.48293
28.45004
28.41248
28.43064
28.41113
28.51868
28.64639
28.50638
28.52284
28.54206
28.79150
29.16111
29.47353
29.39762
29.22515
29.07313
29.11633
29.26243
29.21021
29.19320
29.11905
28.99503
28.73292
28.69763
28.53897
28.55414
28.51981
28.58150
28.60253
28.75035
28.72703
28.74601
28.66912
28.72516
28.70038
29.48866
30.22201
30.42269
30.62884
30.38703
30.16321
29.88947
29.66876
29.58334
29.38179
29.25581
29.24647
29.18665
29.16410
29.18823
29.07097
28.93932
28.99159
28.99813
28.96334
28.97504
28.86475
28.80565
28.82255
28.84767
28.97035
28.94711
28.96390
28.90882
28.89255
28.81570
28.87305
28.86439
28.92815
28.93267
28.90329
28.86478
28.83604
28.74433
28.80653
28.96318
28.95306
28.93666
29.14459
29.19357
29.25534
29.27553
29.27906
29.59000
29.77321
29.86217
29.96807
29.95310
29.97106
30.18198
30.26343
30.27539
30.00270
29.73384
29.47217
29.35963
29.27294
29.21894
29.15193
29.16186
29.23718
29.23423
29.19921
29.13728
29.05773
29.00204
28.93318
28.88807
28.88521
28.86546
28.83124
28.79134
28.77752
28.76304
28.83294
28.89314
28.80612
28.86048
28.84704
28.85450
28.85233
28.82367
28.94390
29.03430
29.08165
29.32025
29.68687
29.87256
29.87956
29.83489
29.72488
29.58801
29.47743
29.38261
29.37321
29.33336
29.33785
29.38416
29.61545
30.19878
30.58389
30.61671
30.45501
30.12905
29.96622
30.10211
30.13611
30.06760
29.99423
29.96453
29.89291
29.60113
29.40561
29.27653
29.19959
29.13460
29.10639
29.05361
29.04367
29.02094
29.05164
29.01501
29.03150
29.01288
29.04565
29.04911
29.05139
28.94213
28.90260
28.97583
29.24062
29.34204
29.42406
29.46780
29.42233
29.42677
29.19109
29.21792
29.11651
29.21208
29.81150
30.21565
30.23179
30.42987
30.27059
30.18138
30.12213
30.12504
30.12613
30.10654
30.03608
29.75484
29.63060
29.98051
30.10773
30.14278
30.16232
30.29291
30.96871
31.49434
31.73647
31.74370
31.49566
31.24180
30.86867
30.58859
30.41383
30.29653
30.44260
30.52060
30.61433
30.53419
30.26436
30.21641
30.22227
30.35070
30.42247
30.67818
30.89531
30.66567
30.32223
30.24142
30.19946
30.11594
30.05611
30.08356
30.12443
30.06759
30.00020
29.95408
29.90898
29.91573
29.90933
29.87609
29.80765
29.76121
29.70125
29.67495
29.68707
29.75608
29.78552
29.95324
30.29742
30.65837
30.66644
30.92123
30.96883
31.03124
32.04753
32.39842
32.51333
32.50385
32.28639
32.25984
32.19941
32.00555
31.80539
31.60794
31.47485
31.14052
31.06665
31.10245
31.10068
31.00454
30.92933
30.81506
30.77752
30.78396
30.79677
30.78200
30.82718
30.87290
30.91422
30.99049
31.00784
31.06033
31.08601
31.01368
30.95647
30.90283
30.78532
30.78860
30.83939
30.86868
30.82183
30.78769
30.71921
30.80381
30.81165
31.01511
31.40228
31.76927
32.10651
32.13590
32.16891
32.18795
32.22798
32.21084
32.13439
32.04213
32.06254
32.19699
32.51403
32.62690
32.73092
32.57906
32.40999
32.30397
32.21568
32.18087
32.13783
32.04135
31.98435
31.88418
31.70775
31.64259
31.79414
32.24621
32.50732
32.61352
32.60387
32.68144
32.73015
32.65598
32.58002
32.45798
32.30828
32.17683
32.08221
32.02071
31.96937
31.93366
31.93803
31.93567
31.95534
31.96002
31.97189
32.09735
32.20481
32.20502
32.15707
32.09343
32.04462
31.92832
31.84541
31.80951
32.02679
32.32255
32.40713
32.35764
32.24910
32.12829
32.00980
31.92417
31.87451
31.81077
31.76950
31.70806
31.69167
31.73479
31.77281
31.74954
31.72484
31.67412
31.83571
32.37377
32.68650
32.74425
32.71321
32.97393
33.43434
33.65787
33.59018
33.52910
33.47884
33.23445
33.15130
32.95467
32.80627
32.97472
33.06122
33.03656
32.93653
32.80445
32.65161
32.57079
32.51493
32.43870
32.36403
32.28569
32.18897
32.13073
32.07340
32.02898
31.98417
31.93053
31.89733
31.87785
31.86036
31.82349
31.79264
31.75020
31.65757
31.63141
31.62745
31.62756
31.60242
31.57580
31.53252
31.52470
31.47644
31.46517
31.45590
31.40882
31.38553
31.34749
31.30978
31.26870
31.23993
31.20741
31.20891
31.19448
31.21898
31.31901
31.34270
31.61201
31.90388
32.02204
32.04003
32.00387
31.93648
31.85293
31.77458
31.70628
31.64646
31.60079
31.55960
31.55048
31.55869
31.55235
31.54400
31.48581
31.42498
31.38435
31.38268
31.42187
31.48654
31.24917
31.14057
31.23059
31.09055
31.14190
31.14738
31.21628
31.25610
31.28160
31.23710
31.29320
31.28220
31.43070
31.45240
31.49364
31.42317
31.44313
31.34459
31.40304
31.29016
31.33727
31.22189
31.22138
31.11637
31.23742
31.09772
31.27353
31.16808
31.34641
31.14364
31.31821
31.05550
31.26273
30.96486
31.30579
31.14514
31.72971
31.48626
32.00892
31.57379
32.18024
31.42010
32.16975
31.02883
32.27840
