42.00593
38.86298
40.85483
40.95346
41.71291
40.00013
39.99913
38.78008
39.24833
39.75596
39.89119
38.59799
39.07568
38.54884
38.40325
38.00727
39.36538
38.09211
38.64239
39.09885
38.45945
37.60664
38.77043
38.45282
38.10116
38.20188
37.70083
37.46631
37.61394
37.01796
37.39453
37.79446
37.19334
37.15952
38.08186
37.50635
36.96049
36.69578
37.27370
37.15387
36.71242
36.46246
36.42550
36.28441
36.48754
37.36902
37.02529
36.55106
36.26342
36.12175
35.99822
35.85888
35.77199
35.67850
35.81349
36.42101
36.09767
36.00644
35.93507
35.83191
36.48582
36.34075
35.94945
35.90977
35.75953
35.71345
35.60375
35.41852
35.31067
35.18316
35.08956
34.99098
34.91576
34.99460
34.97639
34.83867
34.88771
34.76638
34.70071
34.57618
34.53413
34.53899
35.79173
36.38809
36.40477
37.42369
37.66427
36.96270
36.54109
36.25756
36.15346
36.02640
37.02497
37.13898
36.65999
36.97482
36.64541
36.90090
38.33167
38.78009
38.74610
38.62907
38.01787
37.79317
37.56868
37.67339
37.39062
37.26952
37.13164
36.95665
36.76708
36.66777
36.50776
36.40046
36.26313
36.18932
36.05162
35.98402
35.89084
35.83144
35.70996
35.65195
35.52384
35.50894
35.40237
35.50668
35.54061
35.45622
35.28616
35.26510
35.09189
35.91887
36.66422
36.25230
36.64682
38.99044
41.16129
44.49559
46.91382
46.62196
47.76402
47.11813
46.40858
46.13739
45.93650
45.79890
44.86928
44.05419
44.07081
43.79905
43.05945
42.91333
42.58185
43.44351
43.04552
41.89023
41.36301
41.14221
40.77873
40.77223
41.21878
40.64420
40.21735
40.01593
39.69486
39.28200
39.32470
39.86795
40.69179
41.16416
40.30376
40.89988
41.13806
41.45512
41.35104
41.73919
41.97966
41.67878
41.92333
42.33093
42.17339
42.29736
44.08980
43.98723
43.29993
43.31303
43.16777
42.91326
42.66470
42.08183
41.74031
41.42244
41.28847
41.11249
41.06611
41.03313
43.12068
43.06114
42.59603
42.48523
42.98391
42.78566
42.07110
41.52491
42.41712
43.52822
42.75030
42.05102
42.09793
43.54097
44.23976
44.03048
44.16557
45.35828
44.91005
45.29809
45.01854
44.95318
44.80169
44.28284
43.80908
43.55794
43.17648
42.96495
42.91264
43.24153
43.23291
42.84796
42.65112
42.35375
42.11648
41.51878
41.57181
41.76914
41.80592
41.65145
41.80160
41.64448
41.38450
41.42023
41.69807
41.56893
41.41070
41.18817
41.11516
41.09648
41.02202
41.07046
41.43652
42.29465
43.45352
44.49287
45.01627
45.36789
45.38352
45.09303
44.95573
45.30328
45.95083
46.56751
46.11039
46.66628
46.59005
46.47393
46.29009
46.57633
47.03458
47.03108
47.72098
47.41750
47.05219
46.71260
46.60015
46.34941
46.23586
46.04691
47.00565
47.70600
47.26636
47.03531
46.99169
46.70204
46.60217
46.52334
46.38949
46.46349
46.19563
46.17548
46.52506
46.71262
46.42151
46.46471
46.48706
46.18788
46.00376
45.93452
45.60268
45.76692
45.86028
45.61929
45.52002
45.55999
45.71790
45.83259
45.54851
45.57672
45.43129
45.33363
45.27776
45.01569
45.00050
44.95773
45.21244
44.95311
44.94837
44.85686
45.21018
45.43971
46.32790
47.35887
47.15710
47.11528
47.06114
46.87232
46.61252
46.55932
46.38097
46.72221
47.61887
47.78873
48.32432
48.23980
47.79714
47.74609
47.65092
47.46365
47.75186
47.79999
47.45281
47.12384
47.02065
46.79059
46.99667
46.95760
46.79263
46.54062
46.15254
46.05089
46.09049
46.34227
47.06145
47.09027
46.68526
46.34168
46.23204
46.63998
46.45385
46.65788
46.58505
46.08769
45.93456
45.99569
45.70737
45.52165
45.26604
44.85085
45.23189
45.42654
45.11241
44.93119
44.65223
44.48881
44.38954
44.23171
43.72668
44.09562
45.23237
45.25739
44.86804
44.53525
44.35867
44.12986
43.80780
43.55404
43.24383
42.90627
43.02627
43.30597
43.22094
42.89577
42.76239
42.73395
42.90325
42.96489
42.96580
42.71884
42.81250
42.52361
42.54454
42.49956
42.69599
42.70122
42.62087
42.40468
42.38774
42.50103
42.56281
42.04578
41.82476
42.69958
44.80366
44.83935
44.20626
43.84615
43.54568
43.32861
43.18699
43.40816
43.08587
43.78172
44.69837
45.29430
46.21981
45.82013
45.30225
44.80975
44.73107
45.36935
45.51097
45.13411
44.65650
44.71856
44.52888
44.31670
44.73656
44.91477
44.62435
45.17903
45.09757
44.96277
44.99586
44.63231
44.44734
44.45702
44.44465
44.29418
44.37285
44.32776
44.33129
44.42121
44.58581
44.46355
44.58356
44.35806
44.07723
43.78381
43.55637
43.46292
43.58113
43.59462
43.76975
43.94486
44.24742
43.97990
44.25769
44.69179
44.68254
44.77982
44.65440
44.71506
45.61197
46.63525
46.26347
45.96926
45.81542
45.91552
45.78387
45.83057
45.78566
45.52111
45.78271
45.52461
45.64788
45.99010
45.81660
45.84918
45.72479
46.24328
46.30780
45.95877
45.91842
46.19156
45.92995
45.64473
45.41166
45.26608
45.06063
45.01937
44.88371
44.76413
44.76916
44.53046
44.37897
44.26878
43.94182
45.24349
46.31560
47.38071
47.42469
46.82845
46.63169
46.40709
46.14969
46.55574
46.80094
46.57827
47.05304
46.91099
47.78158
48.69467
49.15062
48.79460
48.16938
48.41200
48.24040
48.09687
47.92473
48.18602
47.82524
47.60244
47.76841
47.58077
47.62541
48.10066
48.76835
48.22319
47.94438
47.66673
47.67818
47.42598
46.88277
46.73174
46.71711
46.50987
46.40927
47.19875
47.74679
48.30380
47.91294
47.57125
47.41842
47.26454
46.99610
46.89632
46.64771
46.55061
46.56412
46.44562
46.46412
46.48301
46.37426
46.24262
46.11442
46.14846
46.15004
46.27800
46.42483
46.36875
46.19031
46.03112
45.89279
45.74190
45.62949
45.58516
45.52412
45.75775
45.74307
45.51615
45.57625
46.08457
45.88925
45.68204
45.46071
45.34236
45.30011
45.60396
45.44885
45.17860
45.03363
45.03077
45.74544
45.64310
45.25012
45.13139
44.78408
44.84322
44.94763
45.04955
45.21603
45.16910
45.23811
45.61508
45.43709
45.21941
44.99432
44.89046
44.89990
44.74529
44.79893
45.77179
45.40578
44.93932
45.05774
45.12914
45.54555
45.40320
45.68045
45.95878
45.65309
45.30044
44.95541
44.73093
44.62352
46.20213
46.64449
46.23459
45.87297
45.39926
45.30700
45.39600
46.21810
46.83096
46.11385
46.61652
46.80454
46.98625
46.68061
46.44088
46.22373
46.26678
45.87130
46.02162
45.92942
45.79876
45.52591
45.60190
45.98239
45.79421
45.54368
45.55501
45.67009
45.53232
45.73496
45.73306
45.54896
45.41794
45.22027
45.26870
46.14390
46.19224
45.82628
45.71035
46.67306
47.06887
46.46993
47.03874
47.76926
47.32546
47.25224
47.36169
47.32696
47.12309
47.20970
47.28230
47.31653
48.19871
48.20866
47.99512
47.84535
47.52897
47.69372
47.36288
46.95346
47.28511
47.85969
47.99552
48.06745
48.00609
47.70144
47.37950
47.68795
48.89648
49.97061
49.98135
50.01138
49.98546
50.00712
49.98875
50.00460
49.99094
50.00280
49.99250
49.99701
49.96785
49.96465
49.97813
50.00100
49.98635
49.99595
49.99658
49.98034
49.80829
49.67436
49.59739
49.56381
49.58112
49.53344
49.89934
49.90491
49.72565
49.47439
49.22802
49.08662
49.28330
49.62094
49.56306
49.61112
49.89031
49.86219
49.54762
49.75262
49.90060
49.77110
49.82685
49.97971
49.99952
49.99777
49.99497
50.00020
49.99328
49.99805
49.93056
49.89123
49.94148
49.88392
49.92552
49.81139
49.71000
49.46496
49.19227
49.14532
49.10985
49.36532
49.43091
48.91999
48.79644
48.80917
48.67277
48.69845
48.14196
47.96812
48.69298
49.05449
49.09452
49.28099
49.16430
48.82623
49.23565
49.09613
49.08016
48.93826
49.21548
48.73760
47.89662
47.89445
48.22443
47.93116
47.56420
47.36032
47.11620
46.94660
46.78518
46.63090
46.47809
46.38509
46.37682
46.41687
46.29193
46.19446
46.24896
46.49546
46.26368
46.00199
45.81087
46.23651
46.42705
46.59486
47.36107
46.96979
46.59917
46.32438
46.27266
46.08374
46.02884
45.97021
45.99626
45.82513
45.74941
45.61173
45.54083
45.39573
45.37455
45.20320
45.63316
46.30458
46.34881
46.57824
46.55078
46.38057
46.21854
46.09108
45.88582
45.80169
45.71636
45.69386
45.62990
45.57363
45.49043
45.41750
45.39007
45.39111
45.34817
45.26996
45.20070
45.09806
45.01116
44.94140
44.86511
44.84011
44.81993
44.79410
44.74614
44.78213
44.74239
44.88766
44.84064
44.74109
45.23354
46.07348
46.18168
45.84399
46.18053
46.39926
46.03209
45.89836
45.76415
45.98206
46.82283
46.85998
46.61801
46.91132
46.79360
46.45470
46.32100
46.13034
46.01286
45.90518
45.78919
45.68706
45.59083
45.50577
45.53463
45.65706
45.57363
45.42535
45.34863
45.27652
45.14923
45.32320
44.93220
45.34624
46.15839
45.94412
45.72529
45.37484
45.14886
44.86603
45.43859
47.46524
48.83265
49.12724
49.63868
50.03943
49.85674
49.65043
49.78737
49.61368
49.37924
49.13468
49.01676
48.80037
48.78704
48.70204
49.03468
49.23636
49.53315
49.50661
49.54468
49.68501
50.08576
49.91105
50.09745
49.89502
50.11545
49.87233
50.14586
49.75960
50.08985
49.77699
50.21185
49.71343
50.17291
49.72545
50.33138
49.60418
50.48823
49.37415
50.78022
