45.32732
43.06767
44.89920
43.18785
44.27162
43.18362
43.90300
42.99545
43.60293
42.83054
43.22819
42.60530
42.93447
42.38210
42.68437
42.22528
42.50484
42.09003
42.30526
41.96404
42.15676
41.84693
42.00905
42.02246
43.72843
43.61212
46.67197
48.67341
47.45031
46.87322
46.52373
46.32192
46.11393
46.00494
45.88912
45.81206
45.70955
45.57756
45.46558
45.35107
45.21347
45.13287
44.98129
44.89497
44.78327
44.69316
44.58681
44.55440
44.42566
44.35687
44.24475
44.20468
44.11390
44.06398
43.94284
43.91969
43.82450
43.81480
43.69146
43.65894
43.54634
43.66695
43.71185
43.96429
43.78089
43.74901
43.55338
44.08957
44.22764
46.49799
48.05679
47.05494
46.64799
46.49763
47.18146
46.75588
46.46122
46.21371
46.12055
45.92513
45.84161
45.68619
45.62798
45.44141
45.34317
45.18990
45.15428
45.06050
44.99789
44.86013
44.84003
44.75072
44.68673
44.56751
44.50712
44.43802
44.36044
44.27111
44.18774
44.09909
44.05485
43.97640
43.88738
43.81232
43.76557
43.69962
43.69163
43.54197
43.99563
45.07701
44.94779
44.64811
44.52450
44.36919
44.31932
44.24475
44.23265
44.17840
44.07468
43.97220
43.91924
43.78945
43.79467
43.66705
46.26602
49.25122
48.19204
48.88180
50.05602
49.98691
49.94034
49.56445
49.15716
49.29047
50.01857
49.96985
50.01801
49.98100
50.01048
49.98625
50.00668
49.98914
50.00444
49.99096
50.00298
49.99221
50.00194
49.99312
50.00117
49.99382
50.00057
49.99437
50.00009
49.99483
49.99969
49.99521
49.99935
49.99554
49.99906
49.99568
49.99872
49.99597
49.99852
49.99620
49.99834
49.99639
49.99818
49.99656
49.99804
49.99671
49.99792
49.99685
49.99782
49.99697
49.99762
49.99654
49.99736
49.99677
49.99703
49.99679
49.99699
49.99686
49.99701
49.99693
49.99690
49.99690
49.99690
49.99690
49.99690
49.99690
49.99690
49.99690
49.99690
49.99690
49.99690
49.99690
49.99690
49.99690
49.99690
49.99690
49.99690
49.99690
49.99690
49.99690
49.99690
49.99690
49.99690
49.99690
49.99690
49.99690
49.99690
49.99690
49.99690
49.99690
49.99690
49.99690
49.99690
49.99690
49.99690
49.99690
49.99690
49.99690
49.99690
49.99690
49.99690
49.99690
49.99690
49.99690
49.99690
49.99690
49.99690
49.99690
49.99690
49.99690
49.99690
49.99690
49.99690
49.99690
49.99690
49.99690
49.99690
49.99690
49.99690
49.99690
49.99690
49.99690
49.99690
49.99690
49.99690
49.99690
49.99690
49.99690
49.99690
49.99690
49.99690
49.99690
49.99690
49.99690
49.99690
49.99690
49.99690
49.99690
49.99690
49.99690
49.99690
49.99690
49.99690
49.99690
49.99690
49.99690
49.99690
49.99690
49.99690
49.99690
49.99690
49.99690
49.99690
49.99690
49.99690
49.99690
49.99690
49.99690
49.99690
49.99690
49.99690
49.99690
49.99690
49.99690
49.99690
49.99690
49.99690
49.99690
49.99690
49.99690
49.99690
49.99690
49.99690
49.99690
49.99690
49.99690
49.99690
49.99690
49.99690
49.99690
49.99690
49.99690
49.99690
49.99690
49.99690
49.99690
49.99690
49.99690
49.99690
49.99690
49.99690
49.99690
49.99690
49.99690
49.99690
49.99690
49.99690
49.99690
49.99690
49.99690
49.99690
49.99690
49.99690
49.99690
49.99690
49.99690
49.99690
49.99690
49.99690
49.99690
49.99690
49.99690
49.99690
49.99690
49.99690
49.99690
49.99690
49.99690
49.99690
49.99690
49.99690
49.99690
49.99690
49.99690
49.99690
49.99690
49.99690
49.99690
49.99690
49.99690
49.99690
49.99690
49.99690
49.99690
49.99690
49.99690
49.99690
49.99690
49.99690
49.99690
49.99690
49.99690
49.99690
49.99690
49.99690
49.99690
49.99690
49.99690
49.99690
49.99690
49.99690
49.99690
49.99690
49.99690
49.99690
49.99690
49.99690
49.99690
49.99690
49.99690
49.99690
49.99690
49.99690
49.99690
49.99690
49.99690
49.99690
49.99690
49.99690
49.99690
49.99690
49.99690
49.99690
49.99690
49.99690
49.99690
49.99690
49.99690
49.99690
49.99690
49.99690
49.99690
49.99690
49.99690
49.99690
49.99690
49.99690
49.99690
49.99690
49.99690
49.99690
49.99690
49.99690
49.99690
49.99690
49.99690
49.99690
49.99690
49.99690
49.99690
49.99690
49.99690
49.99690
49.99690
49.99690
49.99690
49.99690
49.99690
49.99690
49.99690
49.99690
49.99690
49.99690
49.99690
49.99690
49.99690
49.99690
49.99690
49.99690
49.99690
49.99690
49.99690
49.99690
49.99690
49.99690
49.99690
49.99690
49.99690
49.99690
49.99690
49.99690
49.99690
49.99690
49.99690
49.99690
49.99690
49.99690
49.99690
49.99690
49.99690
49.99690
49.99690
49.99690
49.99690
49.99690
49.99690
49.99690
49.99690
49.99690
49.99690
49.99690
49.99690
49.99690
49.99690
49.99690
49.99690
49.99690
49.99690
49.99690
49.99690
49.99690
49.99690
49.99690
49.99690
49.99690
49.99690
49.99690
49.99690
49.99690
49.99690
49.99690
49.99690
49.99690
49.99690
49.99690
49.99690
49.99690
49.99690
49.99690
49.99690
49.99690
49.99690
49.99690
49.99690
49.99690
49.99690
49.99690
49.99690
49.99690
49.99690
49.99690
49.99690
49.99690
49.99690
49.99690
49.99690
49.99690
49.99690
49.99690
49.99690
49.99690
49.99690
49.99690
49.99690
49.99690
49.99690
49.99690
49.99690
49.99690
49.99690
49.99690
49.99690
49.99690
49.99690
49.99690
49.99690
49.99690
49.99690
49.99690
49.99690
49.99690
49.99690
49.99690
49.99690
49.99690
49.99690
49.99690
49.99690
49.99690
49.99690
49.99690
49.99690
49.99690
49.99690
49.99690
49.99690
49.99690
49.99690
49.99690
49.99690
49.99690
49.99690
49.99690
49.99690
49.99690
49.99690
49.99690
49.99690
49.99690
49.99690
49.99690
49.99690
49.99690
49.99690
49.99690
49.99690
49.99690
49.99690
49.99690
49.99690
49.99690
49.99690
49.99690
49.99690
49.99690
49.99690
49.99690
49.99690
49.99690
49.99690
49.99690
49.99690
49.99690
49.99690
49.99690
49.99690
49.99690
49.99690
49.99690
49.99690
49.99690
49.99690
49.99690
49.99690
49.99690
49.99690
49.99690
49.99690
49.99690
49.99690
49.99690
49.99690
49.99690
49.99690
49.99690
49.99690
49.99690
49.99690
49.99690
49.99690
49.99690
49.99690
49.99690
49.99690
49.99690
49.99690
49.99690
49.99690
49.99690
49.99690
49.99690
49.99690
49.99690
49.99690
49.99690
49.99690
49.99690
49.99690
49.99690
49.99690
49.99690
49.99690
49.99690
49.99690
49.99690
49.99690
49.99690
49.99690
49.99690
49.99690
49.99690
49.99690
49.99690
49.99690
49.99690
49.99690
49.99690
49.99690
49.99690
49.99690
49.99690
49.99690
49.99690
49.99690
49.99690
49.99690
49.99690
49.99690
49.99690
49.99690
49.99690
49.99690
49.99690
49.99690
49.99690
49.99690
49.99690
49.99690
49.99690
49.99690
49.99690
49.99690
49.99690
49.99690
49.99690
49.99690
49.99690
49.99690
49.99690
49.99690
49.99690
49.99690
49.99690
49.99690
49.99690
49.99690
49.99690
49.99690
49.99690
49.99690
49.99690
49.99690
49.99690
49.99690
49.99690
49.99690
49.99690
49.99690
49.99690
49.99690
49.99690
49.99690
49.99690
49.99690
49.99690
49.99690
49.99690
49.99690
49.99690
49.99690
49.99690
49.99690
49.99690
49.99690
49.99690
49.99690
49.99690
49.99690
49.99690
49.99690
49.99690
49.99690
49.99690
49.99690
49.99690
49.99690
49.99690
49.99690
49.99690
49.99690
49.99690
49.99690
49.99690
49.99690
49.99690
49.99690
49.99690
49.99690
49.99690
49.99690
49.99690
49.99690
49.99690
49.99690
49.99690
49.99690
49.99690
49.99690
49.99690
49.99690
49.99690
49.99690
49.99690
49.99690
49.99690
49.99690
49.99690
49.99690
49.99690
49.99690
49.99690
49.99690
49.99690
49.99690
49.99690
49.99690
49.99690
49.99690
49.99690
49.99690
49.99690
49.99690
49.99690
49.99690
49.99690
49.99690
49.99690
49.99690
49.99690
49.99690
49.99690
49.99690
49.99690
49.99690
49.99690
49.99690
49.99690
49.99690
49.99690
49.99690
49.99690
49.99690
49.99690
49.99690
49.99690
49.99690
49.99690
49.99690
49.99690
49.99690
49.99690
49.99690
49.99690
49.99690
49.99690
49.99690
49.99690
49.99690
49.99690
49.99690
49.99690
49.99690
49.99690
49.99690
49.99690
49.99690
49.99690
49.99690
49.99690
49.99690
49.99690
49.99690
49.99690
49.99690
49.99690
49.99690
49.99690
49.99690
49.99690
49.99690
49.99690
49.99690
49.99690
49.99690
49.99690
49.99690
49.99690
49.99690
49.99690
49.99690
49.99690
49.99690
49.99690
49.99690
49.99690
49.99690
49.99690
50.00481
49.99533
50.00710
49.99274
50.01000
49.98951
50.01360
49.98552
50.01799
49.98069
50.02329
49.97489
50.02963
49.96799
50.03713
49.95985
50.04595
49.95029
50.05629
49.93911
50.06837
49.92607
50.08246
49.91084
50.09892
49.89303
50.11823
49.87206
50.14103
49.84720
50.16824
49.81733
50.20119
49.78080
50.24193
49.73501
50.29381
49.67564
50.36258
49.59486
50.45910
49.47709
50.60656
49.28627
50.86444
48.91643
51.44302
