29.08754
28.02095
29.28178
28.05480
28.59485
27.81054
28.22440
27.59114
27.99327
27.39547
27.56470
27.05081
27.32559
27.05363
27.25227
27.11865
28.07539
28.46912
28.75323
28.27181
27.98778
28.49946
29.31565
29.57235
30.25187
30.14694
29.87252
29.80075
30.80273
31.42518
31.39913
31.34793
32.17804
32.38976
32.60646
32.95495
32.86961
32.36070
32.49779
32.57468
32.32363
32.22075
31.97875
31.64226
31.40843
31.15038
31.00145
31.00055
31.23764
31.22520
30.94823
30.65239
30.40393
30.25838
30.23222
30.67338
30.90778
30.76550
30.43958
30.11331
29.87824
29.92294
29.85634
29.68383
29.47968
29.62730
29.87278
29.83499
29.63086
29.41290
29.16517
29.24416
29.53496
29.97867
30.28811
30.14014
29.94071
29.64806
29.67565
29.81763
29.67161
29.42234
29.18709
29.18055
29.08470
29.49386
30.28259
30.38689
30.42971
30.29504
30.00597
29.69968
29.54314
29.41259
29.25076
29.09536
28.95757
28.89983
28.91358
28.88140
28.78519
28.94801
29.65283
30.04168
30.16897
30.20409
30.02371
29.69927
29.37826
29.09651
28.88752
28.73809
28.66707
28.71538
28.75260
28.73328
29.06963
29.21900
29.06640
28.85189
28.65852
28.50024
28.42507
28.37044
28.29606
28.25587
28.22704
28.32411
28.58846
28.53899
28.82978
29.26787
29.34461
29.25486
29.40765
29.79608
30.05204
30.24023
30.13114
29.92549
29.98641
30.21239
30.17536
30.10249
29.89803
29.84787
30.20971
30.22260
30.00846
29.93496
30.03946
30.12479
30.14558
30.29607
30.51196
30.43130
30.31591
30.26415
30.32018
30.13570
30.21507
30.40830
31.25472
31.56087
31.47927
31.80587
32.69092
34.54090
35.63615
36.81584
37.39771
37.74959
38.71300
39.48712
40.15327
40.32149
40.52870
40.68182
40.92087
41.46865
42.47858
42.10100
41.93416
41.62597
41.44785
41.27668
41.24311
40.94646
40.91147
41.47493
41.38681
41.18908
41.83045
42.14037
41.93118
42.26876
43.02909
42.68350
39.88555
42.71043
43.64326
43.43348
44.04761
44.15673
43.62068
42.95445
44.16083
44.19032
44.41202
45.66133
45.52577
46.34846
46.87477
48.00560
47.80712
48.35290
49.26494
48.69159
48.98765
49.37741
49.82619
49.67263
49.79203
49.83238
50.08176
49.85182
50.08921
49.49977
50.59564
47.66242
45.50529
46.93048
48.52577
50.36541
49.75507
50.17747
49.85520
50.11458
49.89942
50.08104
49.92626
50.05960
49.88328
49.70592
49.93359
49.98239
49.67298
50.11566
49.90244
50.08735
49.90324
50.11244
49.72430
50.04028
49.14412
49.84929
50.05818
49.96054
50.02366
49.97639
50.01527
49.98070
50.01298
49.98301
49.96796
49.64794
49.92066
50.00350
49.97694
48.03289
48.99813
50.04158
49.96629
50.01847
49.98094
50.00925
49.98755
50.00311
49.95838
50.00578
49.99075
50.00258
49.99250
50.00090
49.99342
50.00014
49.99405
49.99959
49.99453
49.99917
49.99490
49.99884
49.99520
49.99857
49.99547
49.99832
49.99572
49.99810
49.99587
49.99795
49.99601
49.99782
49.99614
49.99774
49.99623
49.99768
49.99641
49.99745
49.99677
49.99700
49.99704
49.99671
49.99735
49.99638
49.99769
49.99604
49.99809
49.99559
49.99853
49.99523
49.99911
49.99456
49.99962
49.99396
50.00027
49.99327
50.00102
49.99246
50.00189
49.99153
50.00288
49.99048
50.00397
49.98942
50.00449
49.98473
50.00805
49.98515
50.00971
49.98308
50.01209
49.98039
50.01512
49.97694
50.01905
49.97241
50.02435
49.96613
50.03195
49.95669
50.04404
49.94050
50.06715
49.90399
50.13780
49.61889
49.81184
48.71436
49.00588
50.09436
49.88829
50.07684
49.93399
50.04872
49.95316
50.03471
49.96391
50.02617
49.97089
50.02033
49.97585
50.01605
49.97959
50.01276
49.98252
50.01013
49.98490
50.00798
49.98685
50.00619
49.98850
50.00468
49.98989
50.00339
49.99107
50.00230
49.99209
50.00136
49.99296
50.00056
49.99370
49.99987
49.99433
49.99928
49.99487
49.99879
49.99533
49.99837
49.99571
49.99802
49.99602
49.99774
49.99628
49.99751
49.99649
49.99732
49.99674
49.99717
49.99696
49.99695
49.99695
49.99695
49.99695
49.99695
49.99695
49.99695
49.99695
49.99695
49.99695
49.99695
49.99695
49.99695
49.99695
49.99695
49.99695
49.99695
49.99695
49.99695
49.99695
49.99695
49.99695
49.99695
49.99695
49.99695
49.99695
49.99695
49.99695
49.99695
49.99695
49.99695
49.99695
49.99695
49.99695
49.99695
49.99695
49.99695
49.99695
49.99695
49.99695
49.99695
49.99695
49.99695
49.99695
49.99695
49.99695
49.99695
49.99695
49.99695
49.99695
49.99695
49.99695
49.99695
49.99695
49.99695
49.99695
49.99695
49.99695
49.99695
49.99695
49.99695
49.99695
49.99695
49.99695
49.99695
49.99695
49.99695
49.99695
49.99695
49.99695
49.99695
49.99695
49.99695
49.99695
49.99695
49.99695
49.99695
49.99695
49.99695
49.99695
49.99695
49.99695
49.99695
49.99695
49.99695
49.99695
49.99695
49.99695
49.99695
49.99695
49.99695
49.99695
49.99695
49.99695
49.99695
49.99695
49.99695
49.99695
49.99695
49.99695
49.99695
49.99695
49.99695
49.99695
49.99695
49.99695
49.99695
49.99695
49.99695
49.99695
49.99695
49.99695
49.99695
49.99695
49.99695
49.99695
49.99695
49.99695
49.99695
49.99695
49.99695
49.99695
49.99695
49.99695
49.99695
49.99695
49.99695
49.99695
49.99695
49.99695
49.99695
49.99695
49.99695
49.99695
49.99695
49.99695
49.99695
49.99695
49.99695
49.99695
49.99695
49.99695
49.99695
49.99695
49.99695
49.99695
49.99695
49.99695
49.99695
49.99695
49.99695
49.99695
49.99695
49.99695
49.99695
49.99695
49.99695
49.99695
49.99695
49.99695
49.99695
49.99695
49.99695
49.99695
49.99695
49.99695
49.99695
49.99695
49.99695
49.99695
49.99695
49.99695
49.99695
49.99695
49.99695
49.99695
49.99695
49.99695
49.99695
49.99695
49.99695
49.99695
49.99695
49.99695
49.99695
49.99695
49.99695
49.99695
49.99695
49.99695
49.99695
49.99695
49.99695
49.99695
49.99695
49.99695
49.99695
49.99695
49.99695
49.99695
49.99695
49.99695
49.99695
49.99695
49.99695
49.99695
49.99695
49.99695
49.99695
49.99695
49.99695
49.99695
49.99695
49.99695
49.99695
49.99695
49.99695
49.99695
49.99695
49.99695
49.99695
49.99695
49.99695
49.99695
49.99695
49.99695
49.99695
49.99695
49.99695
49.99695
49.99695
49.99695
49.99695
49.99695
49.99695
49.99695
49.99695
49.99695
49.99695
49.99695
49.99695
49.99695
49.99695
49.99695
49.99695
49.99695
49.99695
49.99695
49.99695
49.99695
49.99695
49.99695
49.99695
49.99695
49.99695
49.99695
49.99695
49.99695
49.99695
49.99695
49.99695
49.99695
49.99695
49.99695
49.99695
49.99695
49.99695
49.99695
49.99695
49.99695
49.99695
49.99695
49.99695
49.99695
49.99695
49.99695
49.99695
49.99695
49.99695
49.99695
49.99695
49.99695
49.99695
49.99695
49.99695
49.99695
49.99695
49.99695
49.99695
49.99695
49.99695
49.99695
49.99695
49.99695
49.99695
49.99695
49.99695
49.99695
49.99695
49.99695
49.99695
49.99695
49.99695
49.99695
49.99695
49.99695
49.99695
49.99695
49.99695
49.99695
49.99695
49.99695
49.99695
49.99695
49.99695
49.99695
49.99695
49.99695
49.99695
49.99695
49.99695
49.99695
49.99695
49.99695
49.99695
49.99695
49.99695
49.99695
49.99695
49.99695
49.99695
49.99695
49.99695
49.99695
49.99695
49.99695
49.99695
49.99695
49.99695
49.99695
49.99695
49.99695
49.99695
49.99695
49.99695
49.99695
49.99695
49.99695
49.99695
49.99695
49.99695
49.99695
49.99695
49.99695
49.99695
49.99695
49.99695
49.99695
49.99695
49.99695
49.99695
49.99695
49.99695
49.99695
49.99695
49.99695
49.99695
49.99695
49.99695
49.99695
49.99695
49.99695
49.99695
49.99695
49.99695
49.99695
49.99695
49.99695
49.99695
49.99695
49.99695
49.99695
49.99695
49.99695
49.99695
49.99695
49.99695
49.99695
49.99695
49.99695
49.99695
49.99695
49.99695
49.99695
49.99695
49.99695
49.99695
49.99695
49.99695
49.99695
49.99695
49.99695
49.99695
49.99695
49.99695
49.99695
49.99695
49.99695
49.99695
49.99695
49.99695
49.99695
49.99695
49.99695
49.99695
49.99695
49.99695
49.99695
49.99695
49.99695
49.99695
49.99695
49.99695
49.99695
49.99695
49.99695
49.99695
49.99695
49.99695
49.99695
49.99695
49.99695
49.99695
49.99695
49.99695
49.99695
49.99695
49.99695
49.99695
49.99695
49.99695
49.99695
49.99695
49.99695
49.99695
49.99695
49.99695
49.99695
49.99695
49.99695
49.99695
49.99695
49.99695
49.99695
49.99695
49.99695
49.99695
49.99695
49.99695
49.99695
49.99695
49.99695
49.99695
49.99695
49.99695
49.99695
49.99695
49.99695
49.99695
49.99695
49.99695
49.99695
49.99695
49.99695
49.99695
49.99695
49.99695
49.99695
49.99695
49.99695
49.99695
49.99695
49.99695
49.99695
49.99695
49.99695
49.99695
49.99695
49.99695
49.99695
49.99695
49.99695
49.99695
49.99695
49.99695
49.99695
49.99695
49.99695
49.99695
49.99695
49.99695
49.99695
49.99695
49.99695
49.99695
49.99695
49.99695
49.99695
49.99695
49.99695
49.99695
49.99695
49.99695
49.99695
49.99695
49.99695
49.99695
49.99695
49.99695
49.99695
49.99695
49.99695
49.99695
49.99695
49.99695
49.99695
49.99695
49.99695
49.99695
49.99695
49.99695
49.99695
49.99695
49.99695
49.99695
49.99695
49.99695
49.99695
49.99695
49.99695
49.99695
49.99695
49.99695
49.99695
49.99695
49.99695
49.99695
49.99695
49.99695
49.99695
49.99695
49.99695
49.99695
49.99695
49.99695
49.99695
49.99695
49.99695
49.99695
49.99695
49.99695
49.99695
49.99800
50.00408
49.99635
50.00596
49.99422
50.00835
49.99156
50.01131
49.98828
50.01493
49.98429
50.01930
49.97951
50.02452
49.97382
50.03071
49.96711
50.03799
49.95922
50.04652
49.95000
50.05648
49.93924
50.06810
49.92668
50.08168
49.91198
50.09761
49.89470
50.11641
49.87420
50.13882
49.84960
50.16595
49.81953
50.19947
49.78190
50.24207
49.73319
50.29843
49.66708
50.37728
49.57109
50.49713
49.41659
50.70477
49.12131
