30.24598
28.47075
30.28323
27.33273
26.69842
24.85498
26.40472
27.73244
26.05021
24.49721
24.35278
23.54748
23.07019
23.35380
23.76179
22.62334
22.29902
21.75629
21.65831
21.25474
21.16753
20.82510
20.75234
20.46313
20.40049
20.15730
20.10226
19.90032
19.83380
19.63633
19.56735
19.40118
19.32778
19.16751
19.08519
18.94982
18.87070
18.73669
18.65530
18.53599
18.44916
18.32535
18.24384
18.14595
18.05987
17.98219
17.88170
17.76983
17.66757
17.56566
17.45988
17.35989
17.25737
17.15284
17.04893
16.95057
16.84452
16.74619
16.64853
16.55694
16.45257
16.36807
16.25580
16.29655
16.72760
16.73102
16.51403
16.34879
16.21397
16.10027
15.99528
15.90175
15.80787
15.71713
15.62814
15.53609
15.44622
15.35365
15.26184
15.17102
15.07852
14.98570
14.89743
14.80935
14.71470
14.62539
14.54487
14.45594
14.36959
14.28089
14.19170
14.10875
14.02844
13.94267
13.86384
13.78028
13.69637
13.61872
13.54039
13.46331
13.38439
13.30464
13.21251
13.12569
13.05250
12.98026
12.90330
12.82516
12.74938
12.68044
12.60940
12.53793
12.47274
12.40989
12.33913
12.27082
12.19770
12.13097
12.05723
11.98774
11.91747
11.84717
11.83001
11.92991
11.92482
11.84720
11.77637
11.69807
11.77262
12.14958
12.22400
12.07340
12.66314
14.23527
16.59353
19.17704
21.06465
22.60236
21.57435
22.02331
23.77785
24.58549
26.03990
27.91122
29.60054
30.37866
32.19467
32.34012
32.68554
30.56787
31.76799
32.74284
31.41227
31.96338
31.23235
30.23167
28.39447
27.10150
27.33492
29.89755
29.06345
27.47420
26.67822
26.74542
29.70360
28.10028
27.00223
26.99968
25.53554
24.76931
27.83613
27.67894
25.57560
25.40998
25.07546
25.63441
26.25454
24.15775
23.28687
22.50633
22.29168
22.14644
22.17300
23.68996
23.94449
22.36252
24.85308
24.03169
24.83349
24.68239
24.32989
25.88917
24.26407
24.88001
22.96788
21.86348
22.32955
24.50202
23.11551
22.04885
21.22530
20.86961
20.41096
20.20532
19.89884
19.76297
19.45127
19.27022
18.89787
19.56515
20.39941
19.95003
19.60767
19.53296
19.22108
19.02399
18.74898
18.73543
18.41757
19.64028
22.60785
21.88019
22.16234
23.90145
24.10465
25.89899
25.57535
24.03302
22.88610
22.21270
24.21799
23.32178
22.10082
21.67225
22.56258
23.49838
23.88152
22.70515
21.81314
21.85997
22.12059
21.51890
21.02704
20.27168
20.04411
19.63450
20.28502
21.14831
21.06564
20.66458
20.37343
20.04200
21.06325
21.45060
20.49980
20.10312
19.99040
19.81979
19.66540
19.45664
20.37805
22.06850
20.94724
20.20376
19.63618
19.52469
19.84317
20.91120
22.43923
21.79543
21.24371
22.65558
22.16423
22.81476
23.45643
21.91778
21.42575
20.36432
19.74345
19.53831
19.56231
19.28475
19.06037
18.73133
18.52213
18.32969
18.63184
20.98329
20.84586
20.20419
20.86324
20.33542
20.79737
22.34563
22.35338
23.04362
22.66034
21.54967
20.58638
20.18684
19.77573
19.81596
20.20153
20.90047
20.98366
21.03363
21.83932
23.99982
23.24606
24.28381
25.79765
26.47576
26.05442
26.05014
25.49761
23.43608
22.59763
21.48226
21.91041
23.31211
22.32736
22.14373
23.82043
22.34913
21.43667
21.04770
22.21626
22.70731
21.97255
21.22714
21.09722
21.17879
21.03838
22.26580
24.30590
24.25809
22.97113
22.21541
21.65450
21.09391
20.36942
20.52697
20.12513
20.51209
22.34562
21.75385
20.55058
20.21108
19.92377
20.24148
20.39361
20.85741
20.82422
20.51843
21.39639
20.65754
21.78963
23.60835
22.48003
21.65745
20.81472
21.53337
23.83118
23.69761
23.39254
22.43124
21.73426
21.38796
21.35722
21.19011
20.60882
20.70378
20.94698
20.65401
20.33790
20.19814
20.05268
19.87428
19.77246
21.39933
21.54442
20.60575
22.11450
22.08304
21.66925
21.25332
21.40373
21.60414
20.44612
21.13671
22.21883
22.97941
24.02637
22.55419
21.85708
21.99931
22.64273
21.95220
21.27155
20.86796
20.94603
20.60405
20.56462
19.96256
20.45744
21.34584
22.21004
22.30716
21.71076
21.54725
22.13036
22.32437
21.45085
21.00119
20.79170
20.19870
20.44011
20.37992
20.58266
20.32177
21.71624
22.67031
21.19180
20.71005
23.46669
24.89876
24.24793
26.73563
27.64373
26.28402
24.79762
23.99130
23.09844
22.72074
21.95601
22.43586
22.66853
23.74722
23.96910
23.62925
24.65019
23.44428
23.18365
21.98623
22.05305
21.53370
22.23410
23.54437
23.36210
22.08317
23.25073
24.18408
23.61465
22.60679
23.85260
24.99282
24.63364
27.13732
28.08190
28.05601
28.13470
29.70900
27.91497
26.78998
25.38051
25.92090
26.66540
27.48743
25.43095
24.34769
22.76301
23.98134
23.97526
25.24679
25.90454
26.02042
25.31156
25.18075
24.86866
24.16124
24.18917
24.41426
24.17382
24.15606
23.19528
23.99293
26.69264
26.76475
26.80696
25.38093
26.27954
26.34395
27.18038
25.82685
25.20045
25.00509
25.16098
24.88096
24.41141
23.97180
23.59811
23.19576
23.02457
22.37416
21.84709
23.07288
24.02462
23.11913
22.93879
23.31841
23.39476
23.15951
23.10224
23.33000
23.02539
22.71447
22.73649
22.09177
23.62583
23.67469
22.80227
21.69366
22.04068
21.79130
21.53809
21.30906
21.39090
21.73458
21.54781
21.40629
21.48480
21.74921
21.77524
21.31714
20.71346
21.82077
23.49791
23.16506
22.21137
21.69563
20.99485
20.60125
20.33582
20.51631
20.66730
21.26675
23.21195
24.23505
23.75176
25.25697
25.62826
26.83380
28.22202
27.85773
29.13078
31.15464
30.49803
31.75784
32.05484
30.38656
31.97081
31.92411
29.92248
28.59708
28.71625
30.56179
27.87746
26.34736
26.49944
25.66071
25.24401
24.82342
24.42043
24.22372
24.14412
23.79775
23.47702
22.93456
24.01826
25.89986
25.44724
26.62305
27.53959
26.99217
26.13281
25.04788
24.19787
24.29307
24.11590
23.99750
23.85480
23.80840
23.48913
23.58332
22.95816
22.78361
22.56612
22.51425
21.81977
24.77988
27.69723
27.51251
29.19814
29.66446
28.66988
27.31278
26.77369
25.92401
25.12143
25.05001
25.96104
26.40186
25.55785
24.68963
24.53822
24.84516
26.87749
26.42917
25.56831
24.66051
25.00191
25.19480
24.68079
24.96884
24.78047
24.59038
27.00832
28.48281
25.97794
26.19346
24.94740
25.58514
28.08745
27.58635
27.12409
26.29522
24.82044
24.55664
24.44529
23.77344
24.30932
24.11200
23.76800
23.73005
24.43085
24.35155
23.78540
23.58201
23.63170
22.71572
22.96046
22.95554
23.61122
23.49600
23.57850
24.12970
23.55409
23.53000
23.94290
23.65466
23.32987
23.01099
22.75603
22.44037
23.16840
23.67343
23.53790
22.87975
23.50321
27.01669
27.52619
29.04057
30.35804
29.43124
27.81730
26.49865
25.87857
25.88339
25.93485
26.14526
25.92835
25.65201
25.22199
25.14621
24.84430
26.40232
25.93905
25.44210
25.84973
25.34593
25.08208
24.29544
23.94365
23.28505
23.04022
22.93554
22.66594
22.41498
22.86560
23.38072
23.07552
22.91387
23.35663
25.58714
25.11801
24.00979
23.14987
22.55488
22.08706
22.58305
21.78365
21.60859
21.09904
20.80242
20.79789
21.29798
21.90396
24.48043
25.19087
25.08459
26.45985
29.24827
29.61827
28.25798
27.19983
26.79253
26.33273
27.24152
28.97670
28.50272
27.33673
25.56002
24.99159
27.37174
28.90520
27.65598
27.13483
27.80593
27.11380
28.11261
28.10593
28.12687
28.14989
28.02250
27.44333
29.02988
30.88489
29.58460
29.64058
28.85960
28.15291
27.09649
27.38128
27.16403
26.41318
25.78302
25.45691
25.06118
24.78449
24.49114
24.32770
24.11426
23.96150
23.78600
23.64365
23.47020
23.36813
23.20870
23.09889
22.97918
22.87906
22.76053
22.70049
22.60311
22.51202
22.42246
22.35539
22.25921
22.18677
22.11344
22.02759
21.94524
21.88793
21.80866
21.73767
21.68312
21.61459
21.53619
21.48326
21.42453
21.35474
21.30512
21.24181
21.17873
21.10745
21.03766
20.97581
20.90904
20.84053
20.77412
20.70518
20.64101
20.57375
20.50060
20.43806
20.37165
20.30301
20.23285
20.19522
20.28738
20.39730
20.62438
20.70043
20.60892
20.55949
20.48933
20.40741
20.35179
20.29184
20.22009
20.13321
20.04740
19.96169
19.86960
19.77578
19.68860
19.60353
19.52079
19.43911
19.36072
19.29144
19.21658
19.14081
19.06546
18.99313
18.91388
18.83468
18.75528
18.66609
18.57884
18.50107
18.42222
18.35180
18.27947
18.19575
18.11701
18.03799
17.95676
17.87968
17.79878
17.72421
17.65162
17.57300
17.50059
17.42483
17.34518
17.27153
17.20773
17.12526
17.05297
16.98006
16.90839
16.84237
16.77292
16.70045
16.63429
16.56442
16.49333
16.42793
16.41409
16.38033
16.33101
16.25737
16.20054
16.14747
16.08628
16.00267
15.95209
15.86794
15.83616
15.76227
15.73256
15.63326
15.60282
15.49916
15.47877
15.36200
15.35019
15.24556
15.34081
15.21967
15.31298
15.24007
15.30707
15.27951
15.58722
15.58864
17.46710
19.27942
19.33738
20.04921
22.58058
22.94707
24.22072
25.43536
25.89955
26.59042
26.34427
25.08816
24.83611
24.15284
24.30419
23.88293
25.36734
24.25655
25.03364
