13.76737
12.95611
13.59552
13.05557
13.55877
13.54762
13.95061
13.64436
13.77843
13.46034
13.70061
13.73120
13.89615
13.67397
13.73155
13.57650
13.56706
13.71662
14.16271
14.07233
14.04241
13.79597
13.67700
13.48026
13.44304
13.45033
13.61591
13.54647
13.55281
13.52368
13.50745
13.38608
13.31732
13.18971
13.17367
13.19423
13.20240
13.15417
13.14959
13.10538
13.06782
12.99644
12.93174
12.87888
12.86969
12.93973
13.01319
12.98947
12.93616
12.86571
12.91352
12.97697
12.95307
12.89270
12.81074
12.73343
12.67438
12.64345
12.63143
12.63548
12.72061
12.78590
12.81240
12.83115
12.90281
12.88118
12.84664
12.91641
13.24079
13.44150
13.56741
13.61352
13.58496
13.52171
13.43815
13.34278
13.60059
13.99118
14.08301
14.06404
13.91687
13.75491
13.58310
13.43708
13.35664
13.42695
13.44807
13.40677
13.34948
13.27561
13.24941
13.24161
13.20432
13.20006
13.23355
13.23085
13.17163
13.11196
13.06226
13.06768
13.06056
13.01035
12.94168
12.88267
12.81699
12.76175
12.72746
12.70277
12.67469
12.69847
12.97388
13.14860
13.11190
13.01499
12.90873
12.81737
12.73560
12.67491
12.61364
12.56000
12.52463
12.50225
12.80774
13.22706
13.35451
13.39196
13.31664
13.13309
12.95933
13.33392
13.75000
14.24374
14.40039
14.75496
15.20864
15.62627
15.88108
15.69281
16.14338
16.29577
16.29659
16.48707
16.60148
16.47189
16.30897
16.14138
15.98313
16.70349
17.21199
17.16149
16.99593
17.02069
17.02064
16.74337
16.71773
16.77104
16.81636
16.70864
16.65408
16.78391
17.12549
17.04117
16.89037
16.56702
16.35208
16.23764
16.40613
16.49355
16.42966
16.32281
16.32126
16.53457
16.98104
17.05444
16.90361
16.74801
16.91606
16.90409
16.90445
16.97715
17.30933
17.55307
17.38863
17.19352
17.04582
16.97813
16.94725
16.86837
16.69357
16.64683
16.87212
17.00326
16.82974
16.64779
16.39556
16.19411
16.05352
15.98110
16.06939
16.09627
16.04450
15.95094
15.92627
15.67292
15.37597
15.78607
16.23260
17.43282
17.62404
17.83697
18.06533
18.07174
18.02403
17.97154
17.86840
17.94526
18.15459
18.59095
18.95593
18.85510
19.41486
20.19547
20.12379
20.66322
21.63073
22.06860
22.74359
23.21611
23.29817
23.70381
24.39903
24.87546
25.05539
25.25419
25.05040
25.01563
24.92066
25.16851
25.05234
25.12840
24.86529
24.89494
25.04806
24.72828
24.65279
24.63555
24.34277
24.01542
23.95581
24.08710
23.79436
23.51267
23.55680
23.39372
23.36503
23.23533
22.98054
22.77205
21.97398
21.72515
22.46095
22.79347
22.44912
22.30833
22.37762
22.33791
22.10881
21.90010
21.81116
21.90657
21.77172
21.62740
21.54971
21.31590
21.15010
21.14845
21.29728
21.00505
21.12543
21.16560
21.12471
21.08220
20.64677
20.57466
20.15198
20.08042
20.47519
20.30640
20.67397
20.40399
20.80393
20.61987
20.87956
21.31803
21.30522
21.70213
22.11130
22.55480
22.84488
23.43506
23.20313
22.65220
23.03196
22.87898
22.71855
22.62418
23.79695
20.74186
18.32664
19.08338
18.60013
18.97942
19.01761
19.24909
19.37170
19.41263
19.34191
19.22258
18.97538
18.93576
18.70943
18.62034
18.52508
18.61468
18.49975
18.45334
18.28899
18.17224
18.00021
17.90907
17.76576
17.69314
17.58245
17.52529
17.42615
17.43984
17.47615
17.46269
17.37921
17.30464
17.22879
17.20930
17.16780
17.34141
17.63960
17.57339
17.71751
17.89135
17.88212
17.96008
17.88072
17.86114
17.75033
17.77075
18.00547
18.05264
18.16201
18.07918
18.16927
18.18037
18.25173
18.04532
17.89077
17.72463
17.88592
17.92131
18.00925
17.81448
18.12596
17.92207
18.26818
17.70267
17.18187
17.44902
17.33720
17.50904
17.75861
17.84656
17.62437
17.58718
17.42706
17.38828
17.37008
17.18412
16.93600
17.08405
17.01830
17.16505
17.28879
17.43104
17.40503
17.38611
17.64532
18.00716
17.95750
17.87045
17.70784
17.59619
17.45284
17.36903
17.27707
17.27715
17.27544
17.19870
17.41223
17.66816
17.64910
17.58941
17.51746
17.50468
17.26128
17.30228
17.30875
17.25607
17.25825
17.16519
17.27888
17.39299
17.39615
17.32354
17.22955
17.11941
17.03108
16.94265
16.92396
16.94310
16.97159
16.94653
16.90558
16.83866
16.81234
16.75112
16.75414
16.98137
17.14732
17.26605
17.21764
17.18925
17.13823
17.10821
17.38964
17.62840
17.74155
17.64211
17.45558
17.41305
17.51060
17.44832
17.30290
17.37984
17.59927
17.70908
17.94593
17.99030
17.95149
17.76800
17.68835
17.56367
17.50583
17.66791
17.73375
17.72406
17.89718
17.92512
17.95974
18.20913
18.16516
18.25293
18.35808
18.16372
18.15562
18.33131
18.25091
18.38002
18.41573
18.44795
18.30483
18.50514
18.65078
18.94327
19.16440
18.99079
18.92502
18.68394
18.59096
18.74861
18.78285
18.78204
18.74952
18.53846
18.47358
18.63645
18.64760
18.66259
18.79989
18.78118
18.64229
18.50665
18.35940
18.44120
18.78112
18.80905
18.75986
18.74420
18.75922
18.76872
18.69064
18.63642
18.54610
18.43430
18.60797
18.56401
18.43241
18.59899
18.62894
18.47214
18.25996
18.12333
18.20401
18.38510
18.83068
18.64459
18.92978
18.30009
17.68940
18.95459
19.08097
19.76808
19.60300
19.99280
20.03419
20.43580
20.39970
20.60352
20.83395
20.93802
20.84397
20.80439
20.57884
20.07055
19.92648
20.25548
20.24856
20.14408
19.84869
20.30283
20.09584
19.96663
19.81266
20.15743
20.15265
20.09497
20.32117
20.45214
20.53403
20.40542
20.46080
20.36402
20.28420
20.07323
19.96564
20.05046
20.01446
19.94488
19.95934
19.43611
19.20956
19.36966
19.62051
19.96013
19.81447
19.87330
20.02349
20.05014
19.93622
20.46409
20.36964
20.03662
20.16283
20.33268
20.12411
20.17166
20.04003
19.95798
19.93257
19.58422
19.26747
19.40085
19.87518
19.64673
19.82959
19.95440
19.85598
19.59307
19.43873
19.60110
19.87843
20.01815
19.89896
20.10234
20.86325
20.51547
20.64941
20.64014
20.51053
20.75958
20.78043
21.04564
21.02032
20.89312
20.66604
20.74928
21.15909
21.14899
21.07873
20.96088
20.72500
20.82114
21.05873
21.03319
20.99698
21.29207
21.33008
21.37542
21.77486
22.01251
21.79778
21.82852
21.77701
21.90374
22.30521
22.57761
22.81896
22.73697
22.87672
22.58623
22.40157
22.16813
21.48516
21.66167
20.64050
21.02850
19.54353
19.14420
21.09514
20.86161
20.73321
20.36752
20.83121
20.64879
22.39874
21.77083
22.07456
20.37594
20.66973
21.47436
21.01328
21.28397
21.15308
21.08785
21.16994
21.38573
21.53169
21.21516
21.59983
22.03638
21.91028
21.78667
21.35899
21.51966
21.68661
21.74626
21.86307
21.77634
21.80240
21.98003
21.86107
21.89147
21.47449
20.75167
21.21540
21.77463
21.87788
21.87244
21.74398
21.76504
21.48797
21.39847
21.64938
22.00849
21.91413
22.08988
22.03284
21.96662
21.95097
21.86447
21.67638
21.81796
22.08595
22.21026
22.07375
22.04119
22.17934
22.25920
22.22626
22.24597
21.65841
21.45961
22.38490
22.69196
22.91715
22.89551
22.77835
22.72887
22.98917
23.08668
23.02207
22.94772
22.98307
22.92567
22.53978
21.91875
22.72451
22.90724
22.88133
22.67874
22.80572
22.77831
22.66289
22.59814
22.54848
22.46381
22.34818
22.40678
22.41262
22.30794
22.19114
22.08484
22.03704
21.98345
22.15406
22.07706
21.95881
22.00831
21.96392
21.91740
21.85455
21.79229
21.71228
21.88394
22.02884
22.07300
22.04229
21.88395
21.82793
21.72269
21.68456
21.59803
21.52492
21.43530
21.48822
21.52024
21.70205
21.87635
21.89327
21.76314
21.91735
22.11052
22.03112
22.02368
22.23995
22.60006
22.56549
22.66094
22.49543
22.49766
22.51387
22.61738
22.64530
22.62822
22.26757
21.92506
21.95714
22.22901
22.63862
22.49111
22.55212
22.45670
22.48759
22.54619
22.67634
22.65594
22.62322
22.50207
22.42213
22.35685
22.30432
22.24299
22.35991
22.43243
22.38330
22.29469
22.19573
22.13372
22.07392
22.01464
21.94869
21.89911
21.84639
21.84964
21.88181
21.84718
21.78574
21.80325
21.85235
21.81741
21.75182
21.67326
21.60889
21.57811
21.56562
21.52647
21.48499
21.43557
21.40511
21.51237
21.57277
21.51299
21.43472
21.35379
21.34994
21.39528
21.39647
21.34404
21.28197
21.23198
21.17583
21.11988
21.07345
21.02590
20.98203
20.94255
20.91623
20.89242
20.87834
20.86516
20.83869
20.81619
20.79359
20.76781
20.73757
20.70335
20.66623
20.64566
20.66093
20.64644
20.62955
20.59919
20.56346
20.55369
20.77456
20.94078
20.91419
20.87154
20.83408
20.82296
20.85797
20.82063
20.74815
20.67508
20.58732
20.52508
20.47991
20.51569
20.52028
20.48776
20.42945
20.39063
20.33689
20.35456
20.38430
20.45285
20.46620
20.48449
20.39804
20.38383
20.28181
20.27813
20.19804
20.35278
20.35323
20.39921
20.32338
20.42206
20.35158
20.44301
20.26573
20.31571
20.11578
20.19842
19.99280
20.13683
19.93964
20.14707
19.94959
20.22325
19.91065
20.17800
19.78679
20.12646
19.64861
20.11476
19.48712
20.16293
19.25872
