24.77304
22.92620
23.63591
23.12891
25.81470
24.77791
24.48414
23.55843
23.80406
23.20336
23.27427
22.90835
22.97935
23.02111
25.36496
26.31928
26.39163
25.16278
24.77614
24.80895
26.22352
27.29626
27.70472
26.80989
27.08611
27.02501
26.10953
25.57475
25.40059
25.28159
24.99495
24.91432
24.83495
24.55152
24.40336
24.18262
23.90541
24.19639
24.94505
24.43357
24.08621
23.78649
23.55986
23.31642
23.20718
23.10166
22.89321
22.80016
22.53383
22.82790
23.74364
24.06380
24.77269
24.68183
24.30009
24.87164
24.90349
25.04259
26.33652
26.17830
25.34275
24.55979
24.95345
25.50307
24.84860
24.29640
24.36673
24.46933
23.91860
23.79875
24.66185
25.56101
25.22090
24.46111
24.00132
23.88060
24.76290
24.44822
24.36117
24.90703
24.65550
23.94627
24.77947
26.84239
26.81805
26.36223
26.31793
25.72062
25.72574
25.57614
25.45804
24.98657
24.77014
24.62286
26.08004
26.21911
26.38263
26.20181
25.98274
26.01917
26.04698
25.69842
25.11124
24.81342
25.08017
26.12606
25.57560
25.28164
25.44976
25.45945
25.24645
25.33669
24.93663
24.79402
24.86971
25.37381
24.98700
25.00969
24.88535
24.79486
24.43424
24.17558
23.88984
24.50285
25.61778
25.09662
24.67709
24.34804
24.55370
24.75942
24.63227
25.69709
25.95422
25.33704
25.17072
25.11495
24.75196
24.25878
24.79086
25.03708
24.97350
24.73846
24.98232
25.20022
24.79745
24.83729
24.40329
24.15739
24.25969
24.23193
23.75151
23.81199
24.40875
24.25181
23.58235
23.05755
23.03749
22.94712
22.81696
23.11834
22.89898
22.08810
21.69533
22.48096
22.78688
22.92740
22.63310
22.47790
22.35452
22.21919
22.17147
22.66142
22.59885
22.39518
22.15096
22.07786
21.95497
21.91651
21.86331
22.15792
22.14459
22.30282
22.98043
21.88401
21.14224
21.02417
20.82172
21.18319
21.22435
21.29882
22.85491
22.72551
22.02587
21.68194
21.31500
21.54051
21.73733
22.01976
22.22290
21.76964
21.63559
21.42971
21.30784
21.13095
21.08055
20.95339
20.88806
20.82099
20.98037
21.58271
22.43696
23.54404
24.48063
24.30722
23.37956
23.04250
22.76583
22.68087
21.64655
21.01261
20.85604
21.85391
21.53452
20.91755
22.04155
22.37859
22.60321
22.30835
22.10616
22.03169
21.97153
21.82653
21.70498
21.66466
21.51129
21.52220
21.45942
21.54618
22.21690
23.08462
24.10994
24.36974
25.13929
24.54593
24.08879
23.97300
23.77641
23.51894
23.23931
23.16381
22.36911
21.66364
22.40770
23.28430
24.02177
23.58463
23.27422
23.12363
22.71978
23.52902
24.00032
23.82287
23.60475
23.44672
23.32502
23.21324
23.46805
23.48574
23.53428
23.55160
23.76561
24.15034
25.70235
26.35999
26.94617
27.82490
26.82235
26.28921
25.79587
25.41788
25.14695
25.61725
25.34404
25.38572
25.02678
25.98627
26.45125
25.69173
25.26850
25.17613
25.50794
26.08760
25.67669
25.27959
24.94632
25.68496
26.19936
25.58700
25.31024
25.19624
24.99058
24.89147
24.82927
24.66590
24.69643
24.41928
24.21619
24.10530
23.96929
23.84235
23.74857
23.67037
23.60029
23.46185
23.43877
24.06548
23.74335
23.53224
23.36528
23.17994
23.46839
23.85033
23.43087
23.23924
23.14915
23.67280
23.58406
24.07055
24.76839
24.70457
24.52545
24.97287
25.08520
24.42655
24.09618
23.77452
23.56078
23.75892
24.68547
24.31838
24.54413
24.45835
24.09637
23.94659
23.78628
24.52641
24.59888
24.53315
24.51859
24.08313
24.20281
23.83249
23.79567
23.49531
24.13727
24.64906
25.11105
25.63398
25.22823
25.25190
24.86074
24.56059
24.31652
24.30927
23.79301
23.38730
23.67383
24.22403
24.28947
23.82572
24.40422
24.73997
24.45650
24.17416
23.93712
24.51274
24.51304
24.14200
23.92026
23.74658
23.63221
24.38556
24.02962
23.52828
24.13617
24.55317
24.20206
24.24723
24.41840
23.84567
23.81809
23.75589
23.41580
24.26252
24.60113
24.39125
24.80104
23.71182
23.02971
23.26397
23.57010
23.11141
23.04738
23.68815
23.93917
23.73506
23.82411
23.83196
24.00090
25.30869
24.76077
24.13178
24.76367
24.28060
25.48203
26.43385
26.22939
25.30477
24.90521
26.17829
26.45190
25.81495
25.37337
25.14689
25.58837
26.29895
25.83473
25.50014
24.92757
25.54963
26.48161
26.04864
25.66768
25.42837
25.05808
24.34766
25.05140
25.82343
26.75669
26.16924
26.31445
26.01141
26.30168
26.35694
26.60840
26.24506
26.06539
26.90545
26.62410
26.22821
26.00242
25.48029
24.69426
24.86374
24.83640
24.87780
24.46799
24.23205
24.31330
24.93079
25.21034
25.10296
24.63313
25.41963
25.17858
27.38985
29.61519
28.89504
28.37319
27.73214
27.95158
27.48330
27.59466
27.42102
27.69731
27.64475
28.29920
29.16145
28.32078
28.37548
27.90751
27.49063
27.36327
27.12656
26.59930
27.33248
29.14035
28.59494
27.90625
27.98062
27.51633
27.46397
27.75367
27.27686
26.85757
26.70897
26.80650
27.71906
27.39116
26.78049
26.51363
26.30373
26.11579
26.00875
25.96490
25.81863
25.62277
25.58585
25.84844
25.77286
25.68281
25.74518
25.60351
26.10991
26.02978
25.65576
25.37827
25.16543
25.06152
25.37495
25.79623
25.41912
25.35656
25.52663
25.30161
25.93739
26.37007
25.80283
25.59194
25.41523
25.66754
25.59118
25.29454
26.44510
26.57188
26.33144
27.16720
26.71809
26.29488
25.71811
26.14058
27.02656
26.92032
26.51045
27.34210
27.83238
27.01873
26.63553
27.79622
28.00801
27.38554
27.08912
26.66448
26.65354
26.25779
26.07321
25.81089
25.73820
25.60062
25.50512
25.33607
25.23686
25.03118
25.07566
24.99084
24.89719
24.81295
24.90597
24.84683
24.72720
24.61642
24.58809
24.44548
24.86318
25.65144
26.29164
26.43247
25.89790
25.68993
25.40221
25.44440
25.26962
25.87028
26.48095
26.69680
28.39944
28.56690
27.77617
27.26524
26.88235
26.41425
26.19035
26.30049
26.27235
26.63464
26.77826
26.58208
26.29892
26.60362
26.47615
26.10456
25.98262
25.80436
26.24238
26.35651
26.11165
25.93016
25.70271
25.64817
25.65905
25.53995
25.40179
25.27412
25.22894
25.49033
27.05948
27.83212
27.12008
26.25598
25.72717
26.23678
26.85767
26.81570
26.76132
26.50917
26.91846
26.20631
27.51807
28.66168
27.88955
28.45302
27.95595
27.33758
27.65322
26.99629
28.34651
29.89249
28.84310
28.04301
26.74513
27.61312
27.59599
28.52225
30.05532
30.15505
30.09804
29.32921
28.55322
28.17726
28.31993
28.90956
29.34137
29.06437
29.38790
29.87540
29.66157
29.42723
28.88261
28.68138
28.52755
28.77764
29.98821
29.78776
29.62544
29.99992
29.73236
28.90882
28.41304
28.79281
28.96088
28.86246
28.87580
29.79015
29.72029
29.56714
29.59586
29.24977
28.81637
29.17638
28.76337
28.11292
28.26657
27.95885
27.70550
28.06467
27.31664
27.38215
27.10550
27.21685
27.55369
27.73767
27.56738
27.41360
27.02298
26.73042
26.70085
26.64942
26.61678
27.22587
27.04510
26.91640
26.47790
26.22406
25.77793
26.21434
26.21954
26.38230
26.67002
26.49911
26.32077
26.17067
26.22687
26.00831
25.75503
26.11019
26.41577
26.20101
26.00339
25.89517
26.42341
27.23603
27.11465
26.64045
26.33369
26.25344
26.17033
25.82366
25.93261
26.21642
26.04473
26.43932
26.73686
28.32925
30.39209
31.07914
30.35477
29.41300
28.90942
28.43557
28.91532
29.24272
28.77640
28.37774
28.11507
27.67853
27.34164
27.17740
27.07965
26.95163
26.92070
27.00255
26.71729
26.62064
26.44887
26.30521
26.15180
26.04907
25.91451
25.81509
25.69087
25.60818
25.65971
25.60380
25.47862
25.40574
25.35450
25.35243
25.24969
25.13641
25.33255
25.35398
25.18766
25.04737
24.93278
24.82411
24.74873
24.68588
25.17737
25.44709
25.19726
25.05803
24.93080
24.83069
24.72877
24.65254
24.62209
24.62126
24.55770
24.47679
24.39091
24.33419
24.27198
24.22220
24.15894
24.12451
24.23073
24.11646
24.35438
25.00181
25.12522
24.83364
24.80747
24.73752
24.99770
25.13023
24.89705
24.82502
24.85446
25.83788
26.00058
25.86325
25.70954
25.46373
25.31935
25.14072
25.00102
24.87577
24.84614
25.11351
25.06452
24.80848
24.73044
24.56796
24.85179
25.22172
24.94381
24.73746
24.65087
24.96602
24.99056
24.73028
25.03039
25.64394
25.39618
25.39538
26.08107
26.10713
25.75994
25.57942
25.40193
25.32407
25.22658
25.09255
25.44776
26.98300
27.13832
26.71360
26.39852
26.20240
26.10127
26.08215
26.12101
26.83558
27.20975
26.88518
26.61580
26.34691
26.31102
26.12639
26.05089
25.88003
25.90035
25.84631
26.17679
26.46966
26.42820
26.15439
26.19972
26.00151
26.54610
27.52482
27.44949
27.12141
26.93861
26.59343
26.59400
26.42610
26.53423
26.82538
27.44900
26.83473
26.83933
26.57689
26.83449
26.44942
26.77247
26.43976
27.20485
26.34782
26.83263
25.94510
26.91127
26.35502
27.88636
