17.50223
16.40033
16.74281
15.94181
16.42392
16.02624
16.45424
16.22028
16.35150
15.93360
16.07823
15.95881
16.12421
16.16138
16.82126
16.85436
16.86238
16.48951
16.35420
16.13472
16.24345
16.08438
16.07730
15.94743
16.07034
16.05300
16.07123
15.94035
15.92992
15.91154
16.47638
16.80531
16.75217
16.61919
16.43499
16.24120
16.11629
16.20560
16.37860
16.22803
16.04289
15.86127
15.93936
16.10833
16.03033
15.93514
15.93768
15.82759
15.68827
15.60039
15.53278
15.48361
15.46855
15.47320
15.45779
15.44033
15.51564
15.55279
15.50819
15.47196
15.46740
15.49325
15.60688
15.79313
15.91222
15.89968
15.82891
15.72043
15.69539
15.77289
15.72638
15.63655
15.54866
15.58274
15.65638
15.63820
15.60867
15.55803
15.51436
15.47851
15.43691
15.39142
15.36385
15.35054
15.37448
15.38329
15.36089
15.30590
15.30742
15.41502
15.49367
15.74810
15.78224
15.72124
15.95801
15.89522
15.72976
15.57134
15.68119
15.85729
15.75636
15.54907
15.37982
15.27914
15.27645
15.34847
15.34216
15.25113
15.16703
15.14884
15.10671
15.10568
15.05954
15.12587
15.18227
15.14685
15.13385
15.17261
15.20839
15.24008
15.16557
15.11502
15.05216
15.06790
15.06013
15.28467
15.48083
15.40338
15.25429
15.14837
15.07066
15.10146
15.08319
15.15870
15.31029
15.48251
15.62480
15.95440
15.79506
15.80905
15.94134
16.02172
16.14810
16.01988
15.97973
15.76293
15.64415
15.90349
16.43299
16.42984
16.28709
16.02512
15.81414
15.65332
15.69797
15.71878
15.78862
15.78637
15.97049
16.35378
16.38475
16.16466
16.16447
16.20564
16.29589
16.31336
16.15606
16.10545
16.00665
15.99972
16.37565
16.56328
16.29682
16.45012
16.95876
17.26206
17.04026
17.01636
16.71806
16.56848
16.57066
16.58614
16.90685
17.08560
17.06334
16.99525
16.80398
16.68902
16.66240
16.69813
16.71519
17.11380
17.66987
17.68744
17.52542
17.55687
17.55922
17.30452
17.12835
16.95967
16.82569
16.90679
17.17661
17.72265
18.20826
18.10074
17.75543
17.68911
17.56394
17.33702
17.13864
17.07140
16.98858
17.16048
17.25652
17.24495
17.42343
17.18587
17.03085
17.15350
17.18636
17.03327
16.92829
17.06128
17.82710
18.33314
18.71161
18.87965
18.93128
18.77830
18.54437
18.06806
18.19991
18.47599
18.33007
17.95197
17.80365
17.77040
17.75095
17.76371
17.79406
17.71936
17.76733
17.82119
17.75317
17.64054
17.49665
17.47077
17.48931
17.43654
17.38577
17.35713
17.29824
17.29139
17.40583
17.43178
17.44083
17.37224
17.27907
17.20671
17.15969
17.21626
17.34922
17.38527
17.34124
17.32977
17.31677
17.44698
17.51551
17.44174
17.37370
17.32412
17.29278
17.30358
17.40759
17.53094
17.63089
17.58265
17.45224
17.50195
17.58975
17.49262
17.36960
17.27568
17.22942
17.18705
17.17464
17.15660
17.23428
17.36564
17.39751
17.48716
17.51987
17.40996
17.26856
17.14305
17.08439
17.05834
17.02892
16.99812
16.96911
16.94266
16.91417
16.88879
16.85497
16.83853
16.80709
16.96078
17.39939
17.47956
17.35535
17.35503
17.47122
17.43558
17.31563
17.16121
17.04559
16.97708
16.93424
16.87996
16.85066
16.80343
16.64426
16.51011
16.58126
16.71034
16.65662
16.45865
16.19840
16.15434
16.06490
16.14987
16.36423
16.52741
16.42037
16.59684
16.59403
16.57046
16.73211
16.78350
16.72864
16.62758
16.52976
16.46276
16.42375
16.40384
16.36912
16.32725
16.33116
16.32784
16.26790
16.20117
16.16341
16.20848
16.20603
16.14595
16.08657
16.06078
16.10553
16.18751
16.15161
16.22464
16.53467
16.62837
16.59818
16.47492
16.32957
16.21264
16.13517
16.07403
16.05551
16.01655
16.00294
15.98136
15.95466
15.91706
15.88560
15.84517
15.83208
15.81125
15.79320
15.80267
15.81011
15.78207
15.75869
15.75457
15.73262
15.75222
15.73513
15.70110
15.66328
15.63284
15.60205
15.59580
15.57633
15.60732
15.66778
15.64842
15.63069
15.58409
15.64174
15.72537
15.68896
15.62954
15.59014
15.50587
15.41362
15.36118
15.32165
15.28638
15.30315
15.37339
15.36321
15.30558
15.24695
15.18446
15.13820
15.12536
15.13503
15.22371
15.14966
15.17484
15.21018
15.15628
15.21464
15.18966
15.53822
16.09554
16.10272
15.93385
15.72613
15.60704
15.51212
15.48901
15.45083
15.46619
15.49470
15.49676
15.47562
15.44057
15.44375
15.39126
15.31157
15.24344
15.19959
15.21219
15.18519
15.14293
15.07839
15.04841
15.03449
15.51283
15.95894
15.93835
15.73307
15.53613
15.42479
15.36446
15.41715
15.36599
15.29478
15.21693
15.16136
15.10449
15.07150
15.02984
14.99479
14.96690
14.95620
14.92187
14.90787
14.88410
14.85924
14.82252
14.80591
14.78334
14.74863
14.71498
14.68055
14.66590
14.68913
14.67053
14.64508
14.61181
14.67178
14.78912
14.79444
14.73815
14.66985
14.60974
14.56289
14.53018
14.53835
14.54917
14.51537
14.51434
14.55160
14.56375
14.53742
14.50744
14.48200
14.55869
14.59219
14.55559
14.48141
14.43374
14.38083
14.45766
14.62673
14.61639
14.54102
14.44531
14.38725
14.34494
14.32762
14.30918
14.28104
14.24722
14.21787
14.19441
14.17684
14.15024
14.12745
14.10378
14.09623
14.10057
14.47693
15.08946
15.27994
15.11953
14.90513
14.76175
14.68165
14.61363
14.56698
14.51681
14.53076
14.59947
14.62970
14.62097
14.57338
14.59872
14.59533
14.52921
14.47703
14.43376
14.40796
14.38104
14.35330
14.32240
14.28576
14.26929
14.26121
14.25013
14.22768
14.20566
14.18344
14.16009
14.13890
14.12365
14.11344
14.10015
14.10927
14.16397
14.42719
14.61674
14.56229
14.44519
14.32620
14.25786
14.20011
14.16804
14.12584
14.11513
14.08354
14.08292
14.04534
14.39538
15.51887
16.10933
15.93843
15.67538
15.89425
15.88145
15.70228
15.44819
15.34968
15.33226
15.31321
15.26409
15.54860
15.81380
15.73904
15.58416
15.47497
15.39493
15.32548
15.27475
15.29701
15.56964
15.66642
15.51300
15.33409
15.25735
15.17058
15.13591
15.08407
15.04096
14.99618
14.95455
14.90422
14.89555
14.87556
14.84357
14.84677
14.81130
14.81000
14.77680
14.78514
14.95745
15.03832
14.99840
14.96679
14.96115
14.91431
14.84659
14.80267
14.80027
14.78802
14.74403
14.73592
14.73937
14.75381
14.79248
14.81386
14.85603
14.80417
14.76806
14.76369
14.73836
14.73669
14.94513
15.09046
15.00076
14.97615
15.01298
14.96950
14.92877
14.91445
14.94264
14.94326
14.89360
14.83148
14.82393
15.02659
15.14707
15.12040
15.05373
15.00348
15.05635
15.12097
15.23482
15.26404
15.16559
15.12641
15.67940
16.72904
17.55077
17.90788
17.82582
17.48470
17.20932
17.03989
16.88514
16.65006
16.69297
17.24153
17.34374
17.09835
16.86269
16.68845
16.57525
16.86704
16.99702
16.83720
16.62392
16.61148
17.58088
17.99749
17.92472
17.63674
17.27856
16.96021
16.80579
16.75896
16.65527
16.60422
16.54583
16.57229
16.53683
16.51409
16.48776
16.72929
16.87862
16.74383
16.58096
16.44038
16.40187
16.41395
16.41393
16.57301
17.23218
17.28883
17.46114
18.31190
19.34102
19.52060
19.46683
19.46516
19.05743
18.55965
18.16434
17.85698
17.71089
17.96765
18.34491
18.89011
19.14808
19.15235
18.66133
18.15683
17.93097
17.80724
18.15296
18.57013
18.43835
18.31077
18.67235
18.87239
18.49495
18.17260
18.12355
18.04670
17.75870
17.81535
17.79543
18.27984
18.84298
18.62174
18.21487
17.86917
17.68730
17.58566
17.54345
17.47889
17.37783
17.35473
17.49213
17.44241
17.31347
17.21107
17.24164
17.27069
17.26680
17.39745
17.69898
17.78178
17.57265
17.35982
17.19600
17.10658
17.07189
17.07916
17.11058
17.07370
17.04546
17.15794
17.14723
17.00596
16.89891
16.83848
16.85378
16.97390
17.14998
17.22243
17.08812
16.94427
16.83155
16.77548
16.74159
16.85454
16.94696
16.86690
16.76277
16.67589
16.62652
16.59743
16.65773
16.68672
16.81930
17.06768
17.05556
16.91617
16.77165
16.69891
16.62375
16.59994
16.65014
16.91372
17.29068
17.44001
17.40063
17.16790
17.22838
17.28508
17.13968
17.12781
17.08153
16.94440
16.97245
17.01908
16.89373
16.77804
16.70781
16.67418
16.62601
16.65878
16.67567
16.86324
17.47720
18.02318
18.10219
17.77471
17.38020
17.18886
17.08053
16.97404
16.85720
16.79329
16.71508
16.71933
16.67591
16.68092
16.61493
16.66480
16.74354
17.14736
17.30380
17.18638
16.97253
16.89461
16.76350
16.78396
16.64026
16.65473
16.54734
16.67271
16.59885
16.68123
16.43429
16.86201
17.17532
17.31153
16.88291
16.90585
16.47004
16.82980
