48.56992
45.67648
47.71451
45.75784
47.13063
46.65266
47.19427
45.52040
45.95406
45.20516
46.90089
46.82495
46.96918
45.66739
45.53969
45.34573
46.73544
46.44230
46.71811
47.86527
48.42574
47.80867
47.42185
46.40739
45.84865
45.82550
47.90611
47.61710
46.94728
46.71839
46.47627
45.76841
45.50345
45.42535
45.42479
45.01872
44.89239
44.58168
44.89781
45.52196
45.21731
44.73280
44.62376
44.25750
44.13028
44.06054
43.93765
43.76804
43.50847
43.53537
44.14156
44.06344
43.61564
43.28439
42.97965
42.80073
42.60928
42.55528
42.35343
43.33985
44.28624
44.33426
46.72299
47.78983
46.68042
45.59774
45.45858
46.01801
46.29839
45.79929
45.22142
45.45549
46.31042
46.37983
45.74586
45.18828
44.85389
44.55794
44.69710
45.67337
45.60888
44.92991
44.71148
44.78097
44.42227
44.06512
43.75490
43.62056
43.64123
43.48911
43.29694
43.13630
43.04581
42.88522
43.05226
43.70461
43.72327
43.30792
42.92171
42.62459
42.45774
42.32912
42.57665
42.61841
42.62128
42.52049
42.28536
42.01344
41.86741
41.73416
41.87579
42.20020
42.39650
42.77684
43.18780
42.95698
42.32268
41.89248
42.15207
42.65736
42.23861
41.93992
41.71185
42.11388
42.04935
43.22862
44.05229
43.46763
42.77478
42.23491
42.42521
44.00149
44.81574
46.19966
48.29000
49.57558
48.71251
49.05852
49.75437
49.20496
48.14950
48.42734
48.91772
47.85542
49.25288
50.09560
49.92362
49.50621
49.08822
48.62895
49.27331
48.82234
48.17122
47.24184
47.43419
47.71245
47.53136
47.29249
46.71889
46.95031
47.68127
47.68297
48.51880
49.32243
48.74818
48.02581
47.55116
47.76381
47.90044
47.21981
46.76344
46.73630
46.62367
46.87777
49.14795
49.62141
48.44445
47.50644
46.91449
46.61732
46.33787
46.06655
45.84421
45.98586
46.24186
46.16104
46.09145
46.73955
46.66634
46.24597
45.98918
45.98260
45.69770
45.84833
47.34911
47.21532
46.39786
45.83855
45.88329
46.76043
47.05576
46.86802
46.49164
45.95473
45.56313
45.27098
45.37201
45.70226
45.62045
45.35776
45.02825
44.62667
44.50522
44.93359
46.45027
48.35387
47.93259
46.84227
46.45584
46.12444
45.52333
46.70252
47.57688
47.50965
48.47948
48.06311
47.11741
46.72706
46.87489
46.68009
46.40248
46.25915
46.00175
45.73671
45.53869
45.31916
45.10043
44.95271
44.90837
44.84233
45.21002
46.07305
45.94897
45.40065
45.00249
44.71124
44.72428
44.58819
44.55782
44.45624
44.40053
44.41026
44.54873
44.53607
45.52345
46.54970
46.61129
46.00047
45.38125
45.10435
45.36550
45.40113
45.59792
46.11282
47.54079
47.36246
47.19140
47.24087
47.51114
47.82629
46.96255
46.19623
46.18887
46.15366
45.63761
45.48799
45.74800
45.81421
45.84340
45.62315
45.18119
45.26870
45.21806
45.00770
44.69821
44.74744
44.60858
44.62868
44.55999
44.51284
44.35917
44.23355
44.13520
44.13393
44.03982
43.99844
44.39327
44.81577
45.25484
45.20690
44.69815
44.29797
43.95215
44.43609
45.09983
44.70492
44.34849
44.10540
44.04584
44.34635
44.50600
44.16816
44.41498
46.46705
48.92822
48.40784
48.01815
48.52946
47.68075
46.96141
46.25570
47.49076
48.68163
47.86164
47.13863
47.08245
47.08020
46.55238
46.29165
46.09870
46.25449
45.89760
45.71759
45.59117
45.77085
45.71231
45.65229
45.61375
45.64639
45.68234
45.53991
45.69507
45.63768
45.27677
45.04784
45.02273
44.94442
44.83230
44.69019
44.59115
44.52874
44.61402
44.56896
44.40856
44.60872
44.59497
44.47864
44.28889
44.27254
44.67590
45.42621
46.26633
46.97665
47.44027
49.78235
50.01639
50.02316
49.64748
48.67579
48.22669
49.01975
49.53702
49.09467
48.85457
48.93286
48.44800
49.49416
50.10651
49.92706
50.06862
49.73762
49.01606
48.58683
48.35526
48.31134
48.72805
49.01800
48.59333
48.07778
47.89707
47.96681
48.21156
48.02625
47.45166
47.96064
48.86635
48.27746
47.62731
47.12188
47.00855
46.86994
46.62186
46.68828
47.76940
47.93600
47.11117
46.82607
47.07582
47.03519
47.22321
47.19093
46.69525
46.33643
46.42983
46.45391
46.16865
46.00561
45.77781
45.63978
45.66610
46.67201
47.01520
46.89370
46.32096
46.02108
46.29482
47.50218
47.84106
47.26980
47.39697
47.44204
47.03014
46.68591
46.64698
46.38588
46.32953
47.37987
47.87795
47.06921
46.49942
46.07027
46.82707
46.21469
46.47331
47.39461
47.72042
49.81080
50.02644
49.93906
49.95109
49.80927
49.96229
50.01430
49.98674
50.00220
49.99943
49.89692
49.95671
50.01664
49.98311
50.00852
49.98765
50.00561
49.98991
50.00375
49.99138
50.00262
49.99248
50.00175
49.99340
50.00093
49.99396
50.00028
49.99469
49.99971
49.99543
49.99877
49.99600
49.99739
49.99885
49.98378
49.98235
50.00418
49.99185
50.00199
49.99277
50.00149
49.99277
50.00155
49.99275
50.00196
49.99232
50.00248
49.99159
50.00328
49.99040
50.00456
49.98853
50.00673
49.98621
50.00118
49.83536
49.75127
49.62579
49.73571
50.02509
49.98399
50.00204
50.00104
49.85365
49.49126
49.33358
49.22778
49.38373
49.92630
49.59801
49.34842
49.21204
48.90454
48.52115
48.62287
48.60977
48.40040
48.13706
48.16400
47.75427
49.13778
50.10611
49.92883
50.05584
49.75347
49.84281
50.03778
49.52587
49.43589
50.06791
49.94781
50.04163
49.83078
49.70532
49.55297
49.26933
49.46826
50.06677
49.86731
49.60407
49.17144
48.85620
48.70238
49.25239
49.48582
49.11699
49.03339
48.89296
48.64213
49.11696
49.43797
49.11700
49.83594
50.02005
49.98969
49.99943
49.99658
49.99649
49.99793
49.99575
49.99834
49.99563
49.99839
49.99574
49.99829
49.99593
49.99798
49.99653
49.99691
49.99933
49.98149
49.91738
50.01729
49.90679
49.60038
49.46108
49.37290
49.41007
49.44722
49.43931
49.37211
48.99493
48.90692
48.88346
48.75844
48.71265
49.26818
49.36333
49.68722
49.52504
49.29656
48.99691
48.64236
48.79230
49.51216
49.43040
49.22555
48.91943
48.82892
48.57024
49.18435
50.06306
49.95390
50.02723
49.97388
50.01545
49.98160
50.00999
49.98567
50.00683
49.98820
50.00476
49.98994
50.00328
49.99121
50.00216
49.99219
50.00129
49.99298
50.00058
49.99362
50.00001
49.99415
49.99951
49.99463
49.99913
49.99503
49.99879
49.99536
49.99847
49.99564
49.99825
49.99592
49.99803
49.99613
49.99788
49.99624
49.99768
49.99636
49.99753
49.99651
49.99746
49.99664
49.99742
49.99664
49.99730
49.99672
49.99730
49.99677
49.99731
49.99679
49.99716
49.99671
49.99721
49.99666
49.99727
49.99660
49.99733
49.99653
49.99741
49.99644
49.99750
49.99634
49.99761
49.99622
49.99774
49.99608
49.99789
49.99591
49.99808
49.99570
49.99832
49.99543
49.99864
49.99506
49.99907
49.99454
49.99972
49.99372
50.00080
49.99221
50.00305
49.98845
50.01069
49.95514
49.94261
50.01248
49.98787
50.00334
49.99204
50.00092
49.99363
49.99978
49.99449
49.99911
49.99502
49.99867
49.99540
49.99835
49.99568
49.99810
49.99590
49.99791
49.99607
49.99775
49.99621
49.99762
49.99633
49.99751
49.99643
49.99742
49.99652
49.99734
49.99659
49.99727
49.99665
49.99721
49.99671
49.99716
49.99675
49.99712
49.99679
49.99709
49.99683
49.99706
49.99685
49.99703
49.99688
49.99701
49.99690
49.99699
49.99691
49.99698
49.99692
49.99697
49.99695
49.99695
49.99695
49.99695
49.99695
49.99695
49.99695
49.99695
49.99695
49.99695
49.99695
49.99695
49.99695
49.99695
49.99695
49.99695
49.99695
49.99695
49.99695
49.99695
49.99695
49.99695
49.99695
49.99695
49.99695
49.99695
49.99695
49.99695
49.99695
49.99695
49.99695
49.99695
49.99695
49.99695
49.99695
49.99695
49.99695
49.99695
49.99695
49.99695
49.99695
49.99695
49.99695
49.99695
49.99695
49.99695
49.99695
49.99695
49.99695
49.99695
49.99695
49.99695
49.99695
49.99695
49.99695
49.99695
49.99695
49.99695
49.99695
49.99695
49.99695
49.99695
49.99695
49.99695
49.99695
49.99695
49.99695
49.99695
49.99695
49.99695
49.99695
49.99695
49.99695
49.99695
49.99695
49.99695
49.99695
49.99695
49.99695
49.99695
49.99695
49.99695
49.99695
49.99695
49.99695
49.99695
49.99695
49.99695
49.99695
49.99695
49.99695
49.99695
49.99695
49.99695
49.99695
49.99695
49.99695
49.99695
49.99695
49.99695
49.99695
49.99695
49.99695
49.99695
49.99695
49.99695
49.99695
49.99695
49.99695
49.99695
49.99695
49.99695
49.99695
49.99695
49.99695
49.99695
49.99695
49.99695
49.99695
49.99695
49.99695
49.99695
49.99695
49.99695
49.99695
49.99695
49.99695
49.99695
49.99695
49.99695
49.99695
49.99695
49.99695
49.99695
49.99695
49.99695
49.99695
49.99695
49.99762
50.00458
49.99573
50.00672
49.99330
50.00944
49.99027
50.01281
49.98653
50.01694
49.98200
50.02191
49.97655
50.02786
49.97008
50.03490
49.96243
50.04318
49.95346
50.05289
49.94297
50.06423
49.93072
50.07746
49.91642
50.09292
49.89969
50.11104
49.88002
50.13245
49.85668
50.15797
49.82866
50.18888
49.79440
50.22707
49.75150
50.27567
49.69591
50.34001
49.62038
50.43018
49.51049
50.56758
49.33302
50.80678
48.99135
