18.25629
17.68361
18.61305
17.98122
18.38632
17.81702
18.06334
17.59137
17.75391
17.35940
17.48258
17.16925
17.31133
17.16150
17.38185
17.26894
17.47449
17.39284
17.54141
17.61792
18.05307
18.14541
18.21220
18.05438
18.00979
17.90379
18.17206
18.31549
18.36513
18.24667
18.16459
18.00541
17.95738
17.97689
18.09374
18.09408
18.06881
17.97674
17.92714
17.84045
17.76846
17.67118
17.62091
17.62358
17.84630
18.14738
18.34063
18.38756
18.25077
18.15354
18.13330
18.69802
19.47220
19.93757
20.23052
20.42386
20.59277
20.82768
20.99194
20.95826
20.85180
20.66978
20.46775
20.48148
20.65863
20.72711
20.67102
20.53336
20.58872
21.13884
21.43770
21.38912
21.21794
20.95596
20.69328
20.43877
20.17564
19.93382
19.72235
19.53140
19.41136
19.32086
19.22610
19.12554
19.03013
18.93936
18.86413
18.79703
18.75556
18.74196
18.71118
18.65547
18.62036
18.75186
19.19266
19.85529
20.25343
20.33703
20.26794
20.14773
20.03405
19.90244
19.75850
19.61750
19.50334
19.38476
19.24875
19.10405
18.96748
18.84339
18.73116
18.68497
18.68926
18.66025
18.61080
18.55208
18.48564
18.41603
18.33638
18.26670
18.20440
18.15636
18.11784
18.07335
18.03685
17.98444
17.93162
17.88883
17.85091
17.80505
17.77476
17.73378
17.69485
17.65697
17.62082
17.57622
17.54685
17.51715
17.52776
17.57204
17.63763
17.69033
17.74660
17.77458
17.79179
17.77059
17.75734
17.71195
17.68686
17.62905
17.60671
17.52159
17.60195
18.20260
18.89374
19.92763
20.68229
21.19822
21.90233
23.00320
24.39717
25.37420
25.84817
26.24469
26.74698
27.37555
27.20594
27.12557
27.32017
27.45869
27.28346
26.99726
26.77420
26.55975
26.24344
25.96143
25.44370
25.06193
25.17638
25.63766
25.33086
25.15762
24.83243
25.01890
25.09107
24.60015
24.37711
24.05740
23.74307
23.42992
23.38863
24.01740
24.27553
24.23906
24.14530
23.95060
23.64849
23.32453
23.20838
23.08026
23.12221
23.20876
23.28768
22.81057
22.49866
22.41434
22.43299
22.70304
23.27433
23.40220
23.30921
23.28239
23.40715
23.54681
23.50970
23.34164
23.36724
23.24860
22.94684
23.07893
23.36899
23.32917
23.33687
23.01867
23.03503
22.95114
22.75606
22.94285
22.90476
23.00507
23.06998
23.04660
22.80705
22.77556
22.67080
22.60055
22.63626
22.57212
22.42698
22.24668
22.09902
22.19451
22.23272
22.13409
22.05991
21.97192
22.00755
22.08617
21.90449
21.61850
21.70784
21.75521
21.76636
21.75432
21.74566
21.70524
21.61246
21.52649
21.42954
21.34767
21.31427
21.17796
21.15780
21.15106
21.24797
21.41943
21.49895
21.52440
21.55568
21.62834
21.68577
21.69575
21.68057
21.63153
21.58286
21.55691
21.50797
21.45274
21.39148
21.33044
21.25167
21.16864
21.08908
21.03226
20.99044
20.99972
20.91991
20.89095
21.09870
21.25754
21.41393
21.52883
21.52560
21.59928
21.70626
21.69485
21.63407
21.57027
21.29660
21.08182
21.09155
21.31610
21.42670
21.37493
21.31991
21.32216
21.22365
21.22072
21.32612
21.32210
21.33503
21.26642
21.52811
21.85958
21.95447
21.96551
21.82100
21.66293
21.53184
21.48999
21.39325
21.27717
21.23969
21.36887
21.49617
21.64918
21.66544
21.61958
21.59315
21.49858
21.48782
21.54003
21.69056
21.78990
21.63518
21.43243
21.46489
21.41919
21.35293
21.27530
21.26091
21.26796
21.29358
21.31072
21.30068
21.25483
21.20136
21.15539
21.17552
21.08207
21.02222
21.22977
21.47267
21.46066
21.39747
21.33170
21.26137
21.26899
21.29508
21.28698
21.28724
21.24226
21.28445
21.50379
21.55028
21.41779
21.54939
21.56341
21.54025
21.37669
21.36553
21.35912
21.41928
21.95847
22.37236
22.82433
22.92975
22.79496
22.92665
22.88777
22.72621
22.67681
22.56194
22.49633
22.35104
22.21736
22.08217
21.98430
21.86901
21.87121
22.03344
22.17675
22.13422
22.14029
22.14205
22.06034
21.97072
21.93171
21.82464
21.72666
21.62119
21.48232
21.55236
21.71392
21.75137
21.83952
21.75857
22.12289
22.26567
22.25369
22.53261
22.78107
22.93378
22.76006
22.69708
22.64479
22.62039
22.57521
22.48900
22.41833
22.29414
22.19441
22.00166
21.98364
22.06520
22.18583
22.24716
22.24233
22.32076
22.32578
22.21174
22.12332
22.07043
22.00660
21.92004
21.85757
21.91629
21.97095
21.89993
21.83077
21.90189
21.78211
21.68798
21.64591
21.56780
21.58752
21.60384
21.66902
21.57893
21.47149
21.48136
21.51997
21.45646
21.41150
21.36036
21.37741
21.41588
21.36229
21.41629
21.35699
21.29711
21.22569
21.28682
21.17326
21.21063
21.30341
21.52202
21.93666
21.89566
21.85812
21.84384
21.80564
21.82050
21.81084
21.72507
21.59304
21.65590
21.99948
22.12031
22.17123
22.32104
22.53339
22.61231
22.74743
22.81504
22.67684
22.73646
22.72386
22.68622
22.63473
22.69604
22.62761
22.50183
22.51209
22.79439
23.15424
23.29767
23.13816
23.04877
23.11696
22.93095
23.21115
23.73086
23.78193
23.67976
23.77882
23.67164
23.60876
23.45536
23.32229
23.16715
23.02107
22.87045
22.75620
22.62758
22.56604
22.46677
22.30247
22.16321
22.17359
22.05565
22.03280
22.05021
22.12081
22.17585
22.37992
22.79387
23.00203
23.31706
23.27868
22.95691
22.46514
22.57517
22.44926
22.38221
22.38269
22.29203
22.36807
22.55457
22.67473
22.66952
22.72603
22.73385
22.70276
22.62534
22.57918
22.54781
22.54785
22.27303
22.19652
22.41133
22.60264
22.81407
22.82114
22.77268
22.70326
22.40091
22.49922
22.82267
23.07236
23.33894
23.67439
23.85346
23.79978
23.93053
23.60143
23.53349
23.42768
23.66956
24.17079
24.44279
24.46153
24.40675
24.30590
24.14903
24.12893
24.40362
24.70649
24.76034
24.79841
24.45633
24.47213
24.82239
24.74032
24.64952
24.54413
24.57411
24.65762
24.41897
24.29505
24.35155
24.18401
24.18006
24.23432
24.28206
24.22100
24.15054
24.02444
24.20156
25.16566
25.84265
25.86524
25.80804
25.69591
25.57923
25.40909
25.25012
25.03144
24.55989
24.35109
24.26850
24.09279
23.99921
23.97769
23.96705
23.92374
23.90581
23.83828
23.78858
23.54125
23.66636
24.06751
24.26979
24.55987
24.59843
24.76985
24.67490
24.43523
24.02937
23.93770
24.00676
24.16863
24.28900
24.37868
24.30754
24.72810
25.52034
25.86098
25.81861
25.78549
25.67824
25.61836
25.47887
25.41269
24.98090
24.63491
24.54164
24.57353
24.56488
24.78149
25.02147
25.27487
25.14013
25.07348
24.99219
24.61155
24.76907
24.46397
24.49944
24.49178
25.00474
26.06686
25.67270
25.49340
25.59074
25.54659
25.33046
25.21385
25.25049
24.98576
24.81076
24.51287
24.48885
24.50652
24.34141
24.44408
24.58164
24.51819
24.53698
24.25447
24.03716
24.30128
24.30000
24.29997
24.22118
24.24214
24.10719
24.24564
24.30919
24.41016
24.38517
24.40770
24.80311
24.52755
25.08636
25.37808
25.50360
25.22144
24.99399
25.20831
25.21663
24.76525
24.66536
24.63878
24.50119
24.40037
24.09033
24.07087
24.18066
24.23410
24.48962
24.90853
24.08568
23.34004
22.91153
23.60032
24.37670
24.46605
25.20925
25.38115
25.18267
25.20430
24.94672
24.71109
24.79030
24.73509
25.30786
25.02899
24.91028
24.83500
24.90861
25.32391
25.18257
25.20035
25.01907
25.24329
24.94300
25.21316
25.66944
25.95597
26.07556
26.12718
26.01865
26.42610
26.50070
26.38553
26.15927
25.98294
26.67782
26.76949
26.38885
26.52773
26.28963
26.05333
25.70565
25.78844
26.39864
26.44575
26.75496
26.43389
26.34210
26.25687
26.24827
26.68627
27.88032
28.50520
28.45942
28.78412
28.90037
29.12845
28.88892
28.72097
28.83019
29.53972
30.31379
30.46782
30.44954
30.32765
30.07866
30.01390
29.68843
29.54870
29.47022
29.75526
29.49888
29.45236
30.07378
30.83374
30.92175
30.84611
30.66267
30.38483
30.52132
30.73243
31.12711
31.43814
31.53012
31.42923
31.23623
30.92760
30.56468
30.20179
29.95861
29.90897
29.85550
29.71869
29.53243
29.35959
29.23870
29.16861
29.07619
28.95774
28.84476
28.70748
28.62114
28.73011
29.07422
29.33469
29.40136
29.35320
29.24263
29.11277
28.96763
28.81878
28.67826
28.55194
28.43722
28.33055
28.23633
28.15520
28.08369
28.01285
27.94026
27.86254
27.78420
27.70648
27.62723
27.54874
27.48010
27.40934
27.33778
27.27183
27.21326
27.15822
27.12878
27.16190
27.25135
27.40587
27.62749
27.83601
27.96438
28.00479
27.95745
27.87628
27.77528
27.68381
27.57492
27.48937
27.41639
27.31329
27.22702
27.13426
27.04175
26.97457
26.93092
26.88546
26.84902
26.82173
26.80098
26.76707
26.72062
26.67599
26.63587
26.58659
26.53880
26.48979
26.43929
26.38864
26.34869
26.30540
26.25520
26.21142
26.17790
26.15187
26.15933
26.18176
26.18742
26.17065
26.15416
26.13773
26.10846
26.11453
26.17382
26.29368
26.38313
26.40592
26.39604
26.36799
26.32212
26.27170
26.21522
26.17014
26.13305
26.10031
26.05983
26.01901
25.97075
25.93441
25.90065
25.90080
25.85312
25.84884
25.95525
26.28115
26.56679
26.65081
26.62596
26.55542
26.44043
26.35255
26.40451
26.64528
26.97462
27.48734
27.88353
28.04135
28.00410
27.94291
27.83267
27.74808
27.69780
28.27590
28.74842
28.91864
28.84374
28.76750
28.54629
28.43641
28.17315
28.22589
28.49239
29.14139
29.24951
29.04809
28.96791
29.33696
29.09433
29.15690
28.73593
28.87733
28.53702
29.03461
28.94401
29.49826
