11.19442
10.53037
11.00577
10.63565
11.20127
10.96602
11.14176
10.90209
11.05934
10.85345
11.00140
10.86872
11.19782
11.39577
11.46670
11.27149
11.28399
11.15437
11.19625
11.14343
11.22918
11.13859
11.15595
11.08566
11.11602
11.03959
11.07121
11.04580
11.08822
11.04060
11.01565
10.95549
10.94627
10.89152
10.89015
10.84914
10.83496
10.81403
10.80899
10.79947
10.81345
10.76353
10.75425
10.66949
10.62281
10.63361
10.68180
10.71596
10.80323
10.87399
10.84391
10.82706
10.77413
10.76148
10.74859
10.73289
10.75734
10.74745
10.71311
10.66336
10.63135
10.59936
10.56771
10.53942
10.51617
10.48992
10.48538
10.53875
10.51155
10.47278
10.45577
10.43382
10.42654
10.41671
10.44086
10.48144
10.59651
10.56406
10.51996
10.63400
11.05979
11.47222
11.74169
12.17460
12.23089
12.05886
11.96067
11.86451
11.80660
11.74817
11.68035
11.64585
11.63766
11.59844
11.53470
11.48735
11.46363
11.49129
11.47136
11.38742
11.52092
11.74311
11.68706
11.60170
11.53179
11.46924
11.43926
11.42386
11.40450
11.37414
11.36259
11.35941
11.33896
11.31448
11.31585
11.35666
11.35496
11.28312
11.28621
11.31656
11.29419
11.27007
11.26821
11.24961
11.22165
11.19144
11.18385
11.18736
11.16396
11.15906
11.18669
11.19939
11.15710
11.15698
11.15717
11.13048
11.11389
11.06953
11.03226
11.00121
10.95877
10.91258
10.88683
10.87608
10.82841
10.78373
11.05855
11.29288
11.36803
11.66873
11.91002
12.18993
12.12674
12.06202
12.08722
12.27091
12.29571
12.23693
12.59405
12.76999
12.74515
12.60311
12.52000
12.44877
12.36703
12.33236
12.30795
12.27091
12.23735
12.19982
12.20315
12.27132
12.23434
12.18619
12.19590
12.17473
12.20093
12.21179
12.16859
12.09409
12.06517
12.01015
11.96086
11.94790
11.93139
11.91848
11.89585
11.87850
11.87740
11.98186
12.02703
11.94458
11.84505
11.79513
12.08986
12.22944
12.17199
12.20857
12.10419
12.05715
12.06951
12.01532
11.94388
11.88792
11.92129
11.97835
11.86649
11.80225
11.79154
11.80079
11.89778
11.92004
11.87339
11.75687
11.69214
11.71209
11.71746
11.72791
11.69846
11.75495
11.82257
11.83015
11.77258
11.71451
11.65850
11.57807
11.55208
11.59995
11.63517
11.61646
11.56318
11.56716
11.72688
11.84811
11.75350
11.67696
11.79316
11.83118
11.75950
11.69373
11.64724
11.58235
11.51828
11.48353
11.44411
11.40539
11.43996
11.41671
11.36469
11.32610
11.29344
11.26512
11.24809
11.23777
11.22904
11.16788
11.16058
11.16569
11.22186
11.20529
11.21882
11.17442
11.11915
11.09138
11.02857
11.03263
11.08322
11.31157
11.50568
11.45604
11.47458
11.42859
11.56810
11.62219
11.52344
11.45105
11.32349
11.31597
11.43136
11.46603
11.43716
11.35441
11.32101
11.51579
11.93588
11.82735
11.64350
11.59567
11.60329
11.49101
11.39131
11.50235
11.90214
11.99582
11.80035
11.75050
11.71130
11.74074
11.68510
11.66656
11.57647
11.59723
11.56343
11.53804
11.45554
11.47395
11.52099
11.60691
11.75415
11.82399
11.89225
11.94196
11.82707
11.83510
11.81843
11.79044
11.85859
12.08477
12.05031
11.96927
11.90001
11.89078
11.91355
11.94326
11.94321
11.92803
11.98441
11.99638
11.95399
11.96195
12.06940
12.23329
12.27200
12.33037
12.21456
12.27354
12.42710
12.22786
12.11566
12.09626
12.11594
12.09486
12.07458
12.13693
12.28103
12.20691
12.11698
12.21628
12.66985
12.67431
12.76276
12.97883
12.85837
12.64668
12.68445
12.77265
12.74236
12.57635
12.64134
12.68896
12.61181
12.58193
12.73631
12.74020
12.75424
12.95216
13.00812
12.93283
12.85628
12.77109
12.85400
12.86681
12.79286
12.73294
12.62844
12.72011
12.85749
12.85642
12.94729
12.90911
12.85234
12.72970
12.64102
12.65259
12.62834
12.64179
12.62706
12.61324
12.60926
12.58114
12.57098
12.53649
12.51942
12.50500
12.51177
12.47596
13.13553
13.57592
13.30798
13.11208
12.96950
12.88633
12.80787
12.77601
12.84845
12.82500
12.74580
12.73720
12.45850
12.50585
12.56901
12.67104
12.47194
12.32987
12.32655
12.59907
12.64575
12.53034
12.53352
12.43305
12.39639
12.36974
12.37763
12.31467
12.25947
12.20495
12.26776
12.38070
12.39353
12.36204
12.35512
12.45761
12.53271
12.42918
12.34994
12.28883
12.24089
12.20713
12.43567
12.50834
12.66710
12.45241
12.43583
12.45544
12.62170
12.54406
12.35535
12.38663
12.24146
12.35606
12.40167
12.43527
12.28001
12.21566
12.40237
12.32687
12.26160
12.21700
12.24822
12.21466
12.23273
12.30932
12.30297
12.22655
12.19763
12.35355
12.49706
12.46536
12.33672
12.32860
12.43067
12.44779
12.47866
12.33371
12.30345
12.26659
12.24319
12.21516
12.16525
12.12124
12.15691
12.20053
12.34902
12.36680
12.35662
12.28637
12.25959
12.20722
12.17423
12.11759
11.97748
11.85667
11.96350
12.02218
12.03706
12.03194
11.99277
11.95560
12.01495
12.18991
12.61976
12.78373
12.84050
12.85345
13.00649
12.91896
12.83198
12.73082
12.92003
13.17861
13.07980
13.04352
13.00329
12.95194
13.14214
13.45746
13.30974
13.18375
13.08488
13.01959
12.92981
12.83133
12.87064
12.87494
12.83423
12.98889
12.92623
13.12381
13.11319
13.00838
12.93017
12.86555
12.82576
12.91229
13.04689
13.26587
13.34937
13.25945
13.10867
13.35772
14.02764
13.94752
13.76954
13.59347
13.53960
13.49255
13.42922
13.35277
13.28656
13.39794
13.46340
13.36225
13.32049
13.29388
13.16417
13.07866
13.04366
13.00766
12.87602
12.76048
12.99631
13.13463
13.23781
13.18370
13.17964
13.07277
13.07697
13.19153
13.19069
13.16170
13.13585
13.07025
13.12208
13.06816
13.03626
12.99561
13.06921
13.11259
13.04838
12.99651
12.87950
12.87540
12.83196
12.80709
12.75317
12.79176
12.80279
12.80767
12.74618
12.57768
12.52754
12.50207
12.48254
12.42699
12.40851
12.36684
12.46312
12.53249
12.48093
12.46176
12.42851
12.36136
12.55007
12.80646
12.99058
12.93732
13.11817
13.36036
13.19739
13.00283
12.90412
12.91266
13.04331
13.08333
13.05339
12.99911
12.87611
12.86077
12.79788
12.95147
12.93875
12.86959
12.88238
12.86920
12.76576
12.77691
12.81047
12.82102
12.92205
12.87717
12.77712
12.82275
12.84541
12.73054
12.75660
12.64433
12.62952
12.56154
12.61877
12.59982
12.59920
12.60449
12.54715
12.47099
12.46970
12.43767
12.39414
12.38167
12.30285
12.27085
12.29605
12.37719
12.34882
12.29840
12.28266
12.24464
12.23198
12.16350
12.12460
12.09211
12.05488
12.03091
12.01571
12.02095
12.03023
11.98161
11.94075
11.89141
11.86122
11.81520
11.79182
11.76301
11.71483
11.67491
11.65537
11.61819
11.58972
11.53849
11.54385
11.36725
11.20150
11.40897
11.27404
11.23198
11.20343
11.19304
11.23367
11.89096
12.27849
12.17286
12.07184
12.03611
12.04053
11.93986
11.88333
12.02615
12.00954
11.96343
11.85145
11.87014
11.85734
11.89884
11.85796
11.79160
11.75311
11.67596
11.55034
11.62379
11.60780
11.75747
11.90282
12.46149
12.73378
13.23461
14.19446
14.19473
14.12582
14.53741
14.78520
14.61301
14.62257
14.46399
14.54069
14.72993
14.65701
14.50941
14.39689
14.12587
14.06132
14.13338
14.46550
14.49642
14.38897
14.48188
14.44477
14.33588
14.34032
14.45089
14.33203
14.31270
14.29665
14.21600
14.13607
14.24703
14.24374
14.16802
14.06108
14.27451
14.96410
14.91541
14.70038
14.67844
14.93257
14.84493
14.84348
14.75788
14.66108
14.59738
14.52435
14.45148
14.37103
14.41926
14.68480
14.65558
14.54441
14.43738
14.39813
14.31482
14.32937
14.27587
14.28322
14.20894
14.68698
15.21805
15.02418
14.78385
14.66536
14.65286
15.42499
15.94173
15.74218
15.48100
15.25180
15.12112
15.02076
14.98053
14.88385
14.80260
14.70083
14.65480
14.55206
14.52512
14.49803
14.46730
14.41468
14.38307
14.36783
14.36188
14.40241
14.82209
14.98110
14.78634
14.65902
14.73015
14.67143
14.54795
14.46061
14.36866
14.29413
14.42398
15.71865
16.07876
15.62470
15.34208
15.13639
15.05400
14.93234
14.84095
14.73090
14.65506
14.57929
14.53602
14.45996
14.42906
14.37958
14.39382
14.35809
14.43607
14.44494
15.02032
16.29618
16.87493
16.45197
16.06087
15.79001
15.65052
15.53185
15.39825
15.30394
15.23375
15.14750
15.06408
15.11877
15.29096
15.19579
15.09661
14.97791
14.93964
14.84701
14.86308
15.00785
14.95120
14.81105
15.64172
16.31173
15.98693
15.75421
15.60470
15.50970
15.39849
15.34823
15.23343
15.18105
15.15210
15.24357
15.15143
15.09513
14.99088
14.94418
14.83823
14.81912
14.72374
14.71143
14.61389
14.61274
14.52251
14.53764
14.49058
14.55592
14.41058
14.41881
14.27759
14.33962
14.21818
14.27960
14.09041
14.22655
13.99724
14.10527
13.84802
14.02946
13.76830
14.00505
13.62412
13.97158
13.43091
14.01577
