12.86908
12.18571
12.57644
12.04564
12.45430
12.36888
12.53918
12.22687
12.42330
12.22560
12.52918
12.31344
12.30685
12.32527
12.45360
12.33315
12.27272
12.06277
12.04048
12.21479
12.45013
12.28325
12.29799
12.32332
12.32047
12.18642
12.14824
12.04532
12.10069
12.22307
12.31736
12.23264
12.24022
12.51870
12.84898
12.74116
12.69577
12.55567
12.38113
12.30359
12.29264
12.26986
12.29192
12.24174
12.20049
12.18032
12.11829
12.26707
12.43577
12.37684
12.28432
12.18735
12.13651
12.07397
12.01731
12.19888
12.45043
12.49476
12.50105
12.56822
12.58442
12.56205
12.53232
12.35978
12.59994
13.07259
13.03577
13.40361
13.62351
13.50001
13.19269
12.91898
12.69716
12.53471
12.40993
12.51472
12.61348
12.66524
12.66766
12.57162
12.47766
12.40991
12.48346
12.70399
13.02462
13.06624
12.93914
12.77485
12.63096
12.54594
12.53850
12.61458
12.72351
12.80514
13.15475
14.02658
14.19169
13.98366
13.63905
13.44341
13.28958
13.26464
13.50627
13.45983
13.24910
13.04779
12.89734
12.79566
12.71268
12.64159
12.58254
12.54422
12.51101
12.54190
12.56439
12.50893
12.49968
12.55301
12.54915
12.48885
12.46250
12.42978
12.40408
12.59914
13.26200
13.53195
13.75924
14.16700
14.05357
14.37281
14.46314
14.53514
14.86910
15.18821
15.58288
15.46105
15.66900
15.53218
15.36713
15.24596
15.19014
15.30030
14.94492
14.73399
14.96722
15.05286
15.58480
15.31926
15.35518
16.05716
15.74736
15.37476
15.34825
15.35934
15.25375
15.09688
15.22801
15.40914
15.23103
15.03607
15.00820
15.28931
15.53903
15.44594
15.14366
15.01237
15.08024
14.85181
14.98523
14.94209
15.01347
15.12661
14.84204
14.87283
15.38972
15.32792
15.32903
15.70384
15.64133
15.45370
15.35809
15.24759
15.40150
15.68654
15.57624
15.73890
15.93844
15.81306
16.07722
16.24245
16.18199
16.02383
15.82620
15.66926
15.52764
15.49308
15.98690
16.27351
16.05916
15.82264
15.59102
15.32254
15.15495
15.02057
15.11098
15.24894
15.20309
15.91170
16.42451
16.16840
15.94593
15.74373
15.54965
15.35415
15.30519
15.49570
15.42841
15.46717
15.36125
15.80114
15.94595
15.75250
15.55382
15.13585
14.98107
14.90013
14.78845
14.76702
14.91031
15.09912
15.18126
15.12178
14.97700
15.75659
16.01549
15.95515
15.85009
16.33818
16.67990
16.38120
15.98792
15.58332
15.34678
15.16502
15.86975
16.42277
16.42022
16.34267
16.42641
16.11067
16.04498
16.00696
15.78489
15.32215
15.33826
15.73942
15.60710
15.65071
15.83381
16.02684
15.98151
15.84812
15.70297
15.82730
15.92955
15.83534
15.82630
15.91804
15.75518
15.99800
16.26476
16.25561
16.23546
16.01432
15.82718
15.43078
15.38814
15.48778
15.42116
15.47954
16.24593
16.90018
16.72203
16.51510
16.16200
16.07556
16.19578
16.40359
16.58823
16.40425
16.21273
16.06417
16.22648
16.12852
15.91329
15.85468
15.80346
15.91359
15.89574
15.74149
15.97810
16.33862
16.42673
16.19913
16.05805
16.06325
16.07820
15.95335
15.81267
15.76865
15.84748
15.84617
15.69008
15.55499
15.57267
15.50091
15.60270
15.60594
15.69962
16.32047
16.51172
16.28859
16.27230
16.13758
15.97877
15.80665
15.80064
15.39400
14.77317
14.97480
14.79757
15.15533
15.16012
15.65176
16.88164
16.64457
16.12912
16.10957
16.48425
16.68802
16.74988
17.40376
17.34901
17.04060
16.58785
16.64115
17.24989
17.22338
16.95107
16.77496
16.77420
16.86452
17.27013
17.37008
17.05336
16.86776
16.61589
16.35890
16.09873
16.18464
16.61756
16.59642
16.75788
16.49077
16.51337
16.46188
16.41256
16.36699
16.38490
16.27755
16.11860
15.90413
15.86527
15.88839
15.83882
15.74111
15.75797
15.75595
15.87936
16.02452
15.92494
15.98918
16.08332
16.00101
15.84328
15.79233
15.78350
15.78888
15.76006
15.61341
15.53896
15.65762
15.63089
15.53959
15.47497
15.58843
15.67106
15.67598
15.78811
15.87707
15.60712
15.61414
15.87341
15.76570
15.70090
15.89989
15.97624
15.78319
15.64389
15.58056
15.88863
16.19438
16.25732
16.16383
16.06650
15.98132
15.85595
15.94984
15.74158
15.67499
15.44628
15.34556
15.44301
15.31835
15.21196
15.30390
15.34842
15.39028
15.62690
16.06761
16.08500
15.88749
15.78864
15.68175
15.63606
15.53783
15.45869
15.39500
15.56307
15.94064
16.00404
15.80906
15.65780
15.52491
15.45279
15.39866
15.34266
15.26055
15.22863
15.15526
15.23999
15.19890
15.15901
15.18703
15.27668
15.35390
15.23200
15.38422
15.49387
15.35008
15.25998
15.07185
15.29918
16.26280
16.94621
16.72097
16.52660
16.70555
16.61960
17.04964
17.35926
17.02566
16.66866
16.42489
16.31407
16.13248
16.09673
15.94047
15.86569
15.87082
15.79436
15.71848
15.60103
15.59011
15.42046
15.34905
15.46295
15.39914
15.29229
15.18047
15.61812
15.78272
15.57967
15.48557
15.44141
15.31420
15.11085
15.05368
15.03032
15.09044
15.02525
15.22285
15.18490
15.13920
15.47295
15.41927
15.49297
15.21989
15.21282
15.44616
15.37171
15.33082
15.41742
15.45759
15.41296
15.29405
15.34986
15.22680
15.26275
15.21530
15.12147
15.02881
14.99333
14.91637
14.98177
14.95461
14.97552
14.87227
15.89158
16.97109
16.97463
17.00465
16.72115
16.46747
16.40124
16.25133
16.06443
16.21636
16.66611
16.62709
16.46707
16.21419
16.30332
16.10103
16.93695
18.34536
18.34034
17.85194
17.47583
17.18993
16.99751
16.93156
16.68463
16.51203
16.63808
16.68317
16.48833
16.33142
16.18644
16.12748
16.08404
15.98463
15.88288
15.80098
15.91296
15.97454
15.93330
15.94215
15.82282
15.80551
15.73150
15.85189
16.18322
16.15060
15.92389
15.74392
15.62266
15.62593
15.75271
16.62126
17.34127
17.59629
17.65363
18.28302
18.87485
18.83440
18.49075
18.30214
18.69159
19.26443
19.57556
19.42665
18.83636
18.91389
19.39580
19.27790
19.11081
19.12710
18.94576
19.77624
20.33278
19.86354
19.95298
19.88520
19.52875
19.12157
18.89958
19.09799
19.26531
19.22159
19.16514
19.04367
18.90996
18.76003
18.65871
18.63474
18.52491
18.38366
18.41591
18.32644
18.24187
18.29180
18.10286
17.92030
17.87481
18.17666
18.43319
18.43579
18.32004
18.20862
18.14883
18.04409
18.65532
18.89210
18.68810
18.65205
18.71981
19.00135
18.79011
18.73022
19.64152
20.23424
19.89358
19.62901
19.81011
19.97878
20.23017
20.52539
20.20522
20.03506
20.00291
19.97467
19.85186
19.80986
19.44506
19.16046
19.36821
20.04363
20.37800
20.26577
20.00880
19.85490
20.14702
20.18888
19.81809
20.11178
20.29878
20.16795
19.79351
19.40290
19.04625
18.93309
18.65628
18.38688
18.66469
19.29918
19.81018
19.63610
19.70337
19.41487
19.56772
19.55336
19.40378
19.21270
19.07296
19.27137
19.78372
19.49712
19.11012
18.86539
18.79747
18.55601
18.35506
19.13028
19.79122
19.62563
19.80028
19.82585
19.70882
19.44158
19.97779
20.20272
20.14407
21.00510
21.24970
20.37460
19.87263
19.46890
19.79866
20.67075
20.60335
20.36098
20.19207
20.26740
19.73620
19.57852
20.12024
20.23660
20.01024
19.92706
20.20054
21.43326
21.62993
21.79975
22.07937
21.63891
21.30572
20.92188
20.68503
20.54548
21.05571
21.13516
21.34566
21.54598
21.33811
21.24329
21.11289
20.91434
21.93024
22.51135
22.41079
22.32703
22.33530
22.09985
21.66968
21.65523
21.31698
21.13782
20.63984
20.33742
20.13871
20.05407
19.86675
19.79339
19.66034
19.54735
19.41770
19.35213
19.21217
19.26177
19.28329
19.22708
19.15409
19.08596
19.00098
18.92337
18.85266
18.79039
18.76707
19.03342
19.46848
19.61884
19.98855
20.45385
20.70293
21.22405
21.23785
20.83469
20.54573
20.27345
20.06652
19.92418
19.78907
19.71577
19.60498
19.50942
19.45773
19.45656
19.41100
19.36481
19.41721
19.59271
19.87332
20.30240
20.76103
21.39183
21.46546
21.04741
21.01062
21.38826
21.73562
21.45460
21.36714
21.58671
21.40390
21.02343
20.58704
20.76813
20.93609
20.79105
20.57875
20.41868
20.35828
20.31564
20.28451
20.39838
20.62971
20.59964
20.42696
20.23173
20.11064
19.99471
19.95384
19.87975
19.79465
19.74545
20.28182
20.55003
20.28362
20.03862
19.91756
19.89496
19.78759
19.72788
19.64566
19.56981
19.56063
19.55706
19.46223
19.40018
19.35311
19.27833
19.22921
19.19395
19.09950
19.02531
18.95712
18.92818
19.02812
19.27592
19.26545
19.15386
19.03728
18.98994
18.93190
18.83537
18.74707
18.68495
18.62368
18.55789
18.48990
18.48028
18.51004
18.46331
18.42306
18.39637
18.32681
18.25538
18.19629
18.14982
18.09188
18.04051
18.05462
18.06173
17.98388
17.94705
18.06317
18.04950
18.00377
17.90616
17.85690
17.84022
17.81532
17.76611
17.79649
18.04358
18.12185
18.03614
17.88445
17.76129
17.69157
17.69398
17.65696
17.66096
17.85582
17.87807
17.77861
17.65065
17.55002
17.45400
17.38195
17.29839
17.31969
17.33257
17.28859
17.18555
17.12149
17.05483
17.01085
16.92364
16.88082
16.79810
16.77590
16.74180
16.70915
16.61715
16.59432
16.51086
16.46018
16.38830
16.42487
16.85986
17.33431
17.38338
17.72392
17.86358
18.46119
18.36238
18.59547
