21.07753
20.13809
21.08484
20.38792
20.48503
20.25626
20.97724
20.09862
20.46209
20.18898
20.37046
20.30179
20.38017
19.96386
20.11105
19.82176
19.88111
19.59533
19.57265
19.65586
20.29746
20.32199
20.04568
19.78998
19.71673
19.66010
19.75380
19.58560
19.55307
19.43618
19.45643
19.46642
19.39382
19.28574
19.22268
19.14920
19.08361
19.02854
18.93252
18.90481
18.66755
18.22613
18.19559
18.06266
18.00987
17.91475
17.86648
17.78168
17.72374
17.65763
17.59439
17.51397
17.44559
17.39071
17.35663
17.32999
17.29093
17.20891
17.13321
17.04637
16.95781
16.87522
16.79041
16.72769
16.66631
16.59491
16.52263
16.44029
16.36966
16.28375
16.20172
16.12831
16.05961
15.97850
15.91552
15.84536
15.77067
15.68049
15.61917
15.54427
15.56265
15.62311
15.55966
15.47572
15.40692
15.34599
15.26450
15.19903
15.12508
15.04121
14.97387
14.92292
14.83719
14.76526
14.72104
14.65793
14.58742
14.52428
14.45907
14.40263
14.34493
14.30423
14.26127
14.27925
14.26216
14.22886
14.16999
14.17430
14.15606
14.26101
14.64547
14.82540
14.78401
14.70723
14.62260
14.55069
14.47356
14.41798
14.35461
14.29639
14.22739
14.17815
14.11737
14.16393
14.35206
14.40832
14.60612
14.93766
14.99144
14.98853
14.85900
15.09644
15.30391
15.92861
16.63714
17.34935
18.01980
18.86044
19.68155
20.35935
20.75806
21.17932
21.62633
22.14098
23.08391
23.04090
22.94113
23.64180
23.69598
24.42104
24.77988
25.13112
24.78999
24.67908
24.58213
24.70687
23.94969
23.54628
23.94751
23.78370
24.00249
24.39493
24.83831
25.25094
25.51005
25.32313
25.24709
24.68278
23.85689
23.60108
23.45439
23.87808
23.32303
23.74124
24.10252
24.21775
24.54513
24.83293
25.72405
25.79475
25.27214
24.37787
24.35582
24.56765
24.60829
24.60815
24.88366
24.03418
24.35582
24.73718
25.13651
24.69810
24.14450
23.95480
24.02102
23.41832
23.76690
24.39604
23.56052
23.76620
23.95441
23.98005
24.00827
23.89161
24.58588
24.77009
24.31520
24.02861
24.09888
24.17564
23.97550
24.04148
24.05862
24.35741
24.48791
24.30643
23.79815
23.46479
23.55087
23.36641
24.04754
23.91684
23.63076
23.35017
23.57079
23.70402
22.96180
22.98780
23.43106
23.45120
23.29195
23.35801
22.85495
22.43331
21.97038
21.77063
21.86119
22.01117
22.46294
23.22718
23.12455
23.51665
23.49854
22.95883
22.66354
22.70752
22.81201
22.56547
22.59012
22.42417
22.25590
22.06152
21.82072
21.37755
21.65944
21.66794
21.60177
21.60979
22.05675
22.67175
22.59187
23.98053
24.73541
24.00253
23.18828
22.94916
22.26400
22.06941
22.02866
22.10237
22.35548
22.26004
22.34943
21.97467
23.49707
25.49385
25.51627
25.19264
24.95667
23.76122
23.63819
24.44013
24.28134
24.28528
23.41946
23.10274
22.94443
23.07690
22.94428
22.77804
22.82700
22.89183
22.81061
22.63321
22.33584
22.25743
22.30235
23.14105
23.57249
23.70822
23.53099
24.30803
24.85225
24.61359
24.09992
24.36394
25.42893
25.16358
25.45117
25.37838
25.20150
25.67046
25.52449
25.64590
26.44069
26.72909
26.58071
26.49552
26.15940
25.84268
25.74212
25.37793
25.61466
25.45213
25.07329
24.90799
24.90385
24.77041
24.95055
24.60223
24.35975
24.09839
23.86683
23.82340
23.87020
24.03559
24.07066
24.13910
24.05882
23.52262
23.50910
23.72651
24.10227
24.63347
24.83074
25.23720
24.68534
24.43600
24.34956
24.23043
24.11443
24.07581
23.56327
23.59652
25.44369
25.78898
25.15541
24.67941
25.06219
24.97984
24.43509
24.10552
23.90148
23.73043
23.61490
23.36116
23.34406
23.47572
23.63115
23.65263
23.46676
23.39314
23.21872
23.09752
22.91833
22.86272
22.82013
23.45824
24.38514
24.09684
24.13419
24.81631
25.43473
24.89916
24.25772
23.82506
23.77337
23.93964
23.92828
23.71675
23.63092
23.36318
23.35717
23.86076
24.35247
24.40351
23.57193
23.43125
23.52852
23.42033
23.51327
22.93961
22.65382
22.85909
22.99886
22.56253
22.62460
22.92681
23.12331
23.44742
23.10521
22.76357
23.02095
23.28670
23.55970
23.92801
23.80937
23.82034
23.63120
23.64792
23.70854
23.43060
23.12235
22.91492
22.82710
22.98513
23.06536
23.00423
23.13163
24.62746
25.80652
26.18681
27.15807
28.18023
28.82336
29.21525
29.68517
29.50959
29.03328
29.58605
29.28931
29.31225
28.31944
27.65472
27.50790
28.59758
28.37568
27.74608
27.23682
27.26445
26.79425
26.50035
27.10626
26.83087
26.87049
26.61057
26.80912
27.99735
29.34174
29.45159
28.10461
27.47104
27.18616
27.03085
26.83483
26.70384
26.46835
26.41149
26.18695
26.30279
26.01994
26.74199
27.94975
27.81329
27.24977
27.10487
27.27020
27.16038
27.47038
27.09668
26.52302
26.12242
25.93446
25.70229
25.57859
25.41349
25.33070
25.20261
25.28516
25.18518
25.09228
24.96153
24.86624
24.74524
24.64617
24.53604
24.53277
24.55868
24.55286
24.40228
24.30543
24.31066
24.21318
24.28932
24.27195
24.20783
24.12955
24.05273
23.94511
23.84717
23.72988
23.64621
23.52862
23.44553
23.33263
23.28633
23.16150
23.40179
23.85974
24.14448
24.10694
23.73069
23.46439
23.25550
23.07868
22.91524
22.87321
22.82028
22.80082
22.74505
22.76370
22.48558
22.17121
22.08788
22.28301
22.38072
22.36465
22.53099
22.30088
22.16519
22.07394
22.08987
22.13013
22.01225
21.84362
21.73977
21.62107
21.54095
21.44597
21.38834
21.30181
21.24380
21.14084
21.09614
20.98989
20.96503
20.83519
20.93393
20.95250
20.43360
20.65675
20.91667
21.38102
21.82087
21.80425
21.53881
21.39803
21.26179
21.16217
21.06726
21.00630
20.91889
20.84933
20.77495
20.71252
20.64409
20.57531
20.51683
20.45039
20.36081
20.30853
20.29626
20.28748
20.19674
20.12671
20.05925
19.99824
19.93826
19.86824
19.84519
19.73645
19.64235
19.53242
19.77473
19.90101
19.73087
19.68765
19.59942
19.54212
19.45951
19.62162
19.55797
19.76842
20.30050
20.05929
20.22732
20.49727
21.07574
21.28425
20.98494
20.80852
20.66190
20.55748
20.45880
20.36195
20.28717
20.22071
20.16547
20.09214
20.03621
19.98217
19.95224
19.91440
20.13270
20.18567
21.05057
21.62702
21.32581
21.13368
21.06329
20.99222
20.95465
20.80854
20.46482
20.70919
20.68247
21.22501
21.11423
20.77244
20.00281
19.76164
20.18259
20.00865
19.98224
19.87035
19.87703
19.76617
19.74130
19.68025
19.38320
17.97693
19.32196
20.29388
21.21415
21.41137
21.91567
22.66701
23.26889
23.08923
22.55932
22.29546
22.03896
21.92885
21.75227
21.66159
21.53861
21.45357
21.33665
21.32792
21.56225
21.95068
22.18661
22.12553
22.13820
22.40101
23.24347
24.68227
25.22349
25.11337
24.33971
23.95466
23.75477
23.61439
23.49195
23.40086
23.29503
23.27279
23.20965
23.13849
22.95793
22.78765
22.69124
22.61424
22.52575
22.43178
22.34423
22.25797
22.17998
22.11220
22.01299
21.94618
21.81668
21.69415
21.63654
21.53730
21.46673
21.37325
21.30216
21.26769
21.21855
21.14456
21.06367
20.96599
20.88775
20.79654
20.72365
20.59433
20.82230
21.42192
21.48037
21.78081
21.96576
22.41314
22.61652
23.66060
24.94325
25.22247
25.10431
24.62271
24.52718
25.70137
25.33505
24.62237
24.15939
24.34317
24.29222
24.23476
24.33406
25.33744
26.70354
26.32469
25.48252
25.88483
25.96463
27.12539
27.36599
27.49902
29.17071
29.45261
30.17621
30.58249
30.41545
29.13943
28.41495
28.09715
28.01760
27.85842
27.76334
27.59543
27.49211
27.30144
27.23061
27.10670
27.04139
26.87858
26.79758
26.63125
26.55539
26.53377
27.08393
27.47921
27.22276
26.98448
28.27868
28.36285
27.64935
27.36955
27.08367
26.95115
26.75508
26.70301
27.19549
27.31626
27.06334
28.52952
29.11034
28.21437
27.63162
27.28672
27.07945
26.89818
26.72986
26.53839
26.42377
26.32787
26.16096
26.02944
25.90074
25.77470
25.63623
25.59238
27.11607
28.56351
28.70966
28.05392
27.34718
26.84071
26.67147
27.11788
27.28655
27.29728
26.84729
26.55990
26.34024
26.16434
25.99334
25.84842
25.70291
25.58222
25.44989
25.34482
25.21860
25.11799
25.01415
24.90533
24.78166
24.69369
24.58587
24.53717
24.44224
24.41932
24.70731
24.84947
24.72983
24.51430
24.33896
24.17279
24.03312
23.88625
23.75421
23.61774
23.49397
23.36163
23.24438
23.11603
22.99036
22.87064
22.74859
22.62508
22.49906
22.36672
22.23912
22.11185
21.98721
21.86476
21.74285
21.62138
21.50176
21.38752
21.26619
21.14286
21.02567
20.90782
20.80158
20.68267
20.56423
20.43607
20.31414
20.19766
20.08602
19.96816
19.85513
19.75030
19.63975
19.53737
19.42542
19.32587
19.21474
19.10496
18.97748
18.96342
19.00730
18.92918
18.82832
18.74345
18.65319
18.52966
18.48137
18.44659
18.40981
18.38337
18.43963
18.53507
18.49049
18.58436
18.59816
18.10128
18.36136
19.03855
19.73702
20.69690
20.90927
21.06615
20.95403
20.98300
20.91649
21.46819
22.16804
22.92416
23.12425
22.59144
22.37173
22.38126
22.35357
22.47835
22.46680
22.37470
22.39161
22.74316
22.80595
23.05851
23.57655
24.58622
24.32201
24.21907
24.37148
24.74370
24.21751
24.25521
23.89102
24.11097
23.92820
24.16499
24.51370
25.82722
25.29278
25.55693
26.08038
28.36249
28.39854
29.23082
28.92249
30.77447
