8.12385
7.65449
7.99459
7.70217
7.93154
7.72309
7.88836
7.72489
7.86906
7.74836
7.87857
7.82725
7.94873
7.87878
7.94576
7.86484
7.91964
7.85476
7.89627
7.86092
7.93766
7.91531
7.95544
7.91231
7.92706
7.88208
7.89086
7.85742
7.86954
7.84678
7.88430
7.89538
7.92608
7.91765
7.92411
7.90244
7.89545
7.87374
7.86711
7.84960
7.84430
7.82808
7.82072
7.80846
7.80443
7.79698
7.79160
7.78445
7.77629
7.76947
7.76225
7.75992
7.75271
7.75072
7.75520
7.76322
7.82818
7.90740
7.95027
7.97704
8.02877
8.15871
8.27118
8.31612
8.31760
8.28441
8.23812
8.19097
8.15533
8.12366
8.09608
8.06992
8.05404
8.04088
8.02521
8.01154
7.99757
7.98332
7.96911
7.95335
7.94092
7.92932
7.91622
7.90414
7.89221
7.88103
7.86915
7.85817
7.84793
7.83657
7.82792
7.81895
7.80971
7.80092
7.79233
7.78265
7.77431
7.76475
7.75531
7.74707
7.73648
7.72605
7.71360
7.70237
7.69166
7.68136
7.66920
7.65807
7.64854
7.63616
7.62478
7.61517
7.60616
7.59449
7.58278
7.57186
7.56028
7.54916
7.53809
7.52664
7.51545
7.50540
7.50099
7.49224
7.48452
7.47501
7.46236
7.45882
7.46759
7.47486
7.47511
7.46674
7.45504
7.43791
7.42050
7.40579
7.39178
7.37556
7.35982
7.34629
7.33801
7.32747
7.31208
7.29835
7.28178
7.26568
7.24942
7.24040
7.25124
7.31548
7.48088
7.74162
8.00909
8.22642
8.38548
8.46553
8.48393
8.47870
8.45137
8.41211
8.35182
8.29955
8.25987
8.23910
8.24290
8.23420
8.21329
8.18426
8.15673
8.12324
8.09256
8.06590
8.04349
8.01234
8.02037
8.06069
8.14894
8.24706
8.41186
8.57755
8.64852
8.64388
8.59902
8.58447
8.59046
8.57609
8.54256
8.49384
8.43003
8.35049
8.34178
8.33589
8.32279
8.30924
8.29402
8.26625
8.24296
8.23134
8.21174
8.18787
8.17074
8.17035
8.22510
8.29044
8.31817
8.32025
8.30533
8.28601
8.25992
8.23449
8.20846
8.19006
8.16882
8.15342
8.14663
8.13302
8.12047
8.11056
8.10825
8.10750
8.10049
8.08874
8.07398
8.06174
8.05663
8.05532
8.06804
8.08211
8.09443
8.09963
8.09325
8.08337
8.07406
8.06778
8.06235
8.04810
8.04014
8.05196
8.05443
8.04533
8.03546
8.02426
8.00842
8.01284
8.03590
8.04687
8.04608
8.03965
8.02548
8.00210
7.98332
7.96495
7.95220
7.95513
7.96416
7.96741
7.95712
7.94419
7.93262
7.91948
7.91466
7.91808
7.92944
7.93327
7.93383
7.92909
7.92624
7.92342
7.92788
7.93712
7.94639
7.93875
7.91577
7.92583
7.96185
7.99811
8.01347
8.01252
7.99711
7.96607
7.93962
7.93601
7.92511
7.91701
7.90588
7.89229
7.87917
7.86122
7.85137
7.84220
7.83732
7.83534
7.82844
7.80952
7.79210
7.79048
7.78629
7.79597
7.80716
7.81397
7.81359
7.80102
7.78708
7.77629
7.76636
7.76113
7.75338
7.74314
7.72919
7.72572
7.72306
7.73018
7.76475
7.81618
7.84531
7.85531
7.85084
7.84191
7.82288
7.80260
7.76805
7.74391
7.73599
7.75378
7.81516
7.88278
7.89099
7.85313
7.83378
7.84408
7.85920
7.86036
7.84739
7.83121
7.81384
7.79247
7.77331
7.76028
7.74632
7.72805
7.71572
7.70536
7.69186
7.67711
7.66267
7.64773
7.63680
7.62372
7.61065
7.59925
7.58704
7.57435
7.56091
7.54802
7.53706
7.52431
7.51158
7.50331
7.49456
7.48954
7.48548
7.48000
7.47237
7.46661
7.46244
7.46373
7.46404
7.45869
7.44787
7.43482
7.41973
7.41130
7.40536
7.39992
7.39229
7.38294
7.37680
7.36812
7.35839
7.34339
7.32973
7.31572
7.30212
7.29255
7.28123
7.27097
7.26332
7.25105
7.23922
7.22578
7.21252
7.19982
7.19186
7.18464
7.17743
7.16747
7.15844
7.14850
7.13628
7.12795
7.11830
7.10583
7.09245
7.07953
7.06868
7.05525
7.04544
7.03687
7.02369
7.01148
6.99628
6.98503
6.97358
6.96161
6.94956
6.94028
6.93000
6.92059
6.90676
6.92070
6.91762
6.91494
6.91856
6.90801
6.91185
6.91987
6.93087
6.93566
6.93707
6.94396
6.95742
6.97054
6.99362
7.03755
7.07648
7.07082
7.06843
7.06052
7.03679
7.01830
6.99572
6.99566
6.99803
6.99370
6.98849
6.99160
6.98038
6.97226
6.95100
6.93595
6.92574
6.93034
6.93839
6.93817
6.93311
6.92356
6.90532
6.88696
6.87481
6.86623
6.85614
6.84325
6.83254
6.81637
6.81044
6.83000
6.83720
6.83591
6.86903
6.92341
6.96243
6.96982
6.96864
6.96841
6.96558
7.00659
7.15189
7.29444
7.36887
7.39820
7.42745
7.43686
7.43946
7.46340
7.57087
7.67173
7.73828
7.76065
7.73461
7.72196
7.69962
7.66814
7.63911
7.60662
7.59230
7.58807
7.58816
7.60239
7.60296
7.58495
7.56937
7.56164
7.55453
7.55491
7.55370
7.55073
7.54954
7.55451
7.56629
7.57768
7.57815
7.58228
7.56341
7.54634
7.52842
7.51842
7.50927
7.49674
7.46713
7.45583
7.44730
7.43750
7.43640
7.43992
7.43026
7.42992
7.44304
7.45072
7.47955
7.50397
7.51340
7.54356
7.59100
7.66229
7.70170
7.72999
7.66017
7.63725
7.65066
7.69895
7.76197
7.79148
7.81814
7.82738
7.75719
7.74688
7.77382
7.88224
7.97533
8.01419
8.03281
8.01992
7.98112
7.94570
7.91451
7.94822
7.99355
7.97980
7.97428
7.95606
7.94250
7.95092
7.95824
7.95563
7.95088
7.96350
7.93683
7.93748
7.95330
7.96038
7.98216
7.98380
7.99115
8.00476
8.01031
8.00083
7.99452
7.99000
7.98562
7.97557
7.95853
7.94321
7.92807
7.90834
7.91929
7.90099
7.92464
8.00764
8.03643
8.08472
8.09675
8.11225
8.14110
8.13796
8.14149
8.13820
8.12492
8.10434
8.08920
8.06425
8.05117
8.03999
8.02822
8.03547
8.05189
8.06649
8.07454
8.08744
8.08243
8.08702
8.06832
8.03968
8.03893
8.06818
8.10721
8.13503
8.15636
8.15824
8.14821
8.14373
8.12996
8.11990
8.11381
8.09005
8.09259
8.08658
8.05722
8.05192
8.04143
8.02273
8.01806
8.00750
8.00542
8.00584
7.99468
7.98937
7.98629
7.99205
7.96196
7.93714
7.92040
7.92803
7.93368
7.90753
7.90996
7.93200
7.95307
7.96930
7.98366
7.98081
7.94320
7.90074
7.89799
7.89855
7.88258
7.89610
7.90357
7.89079
7.85658
7.82464
7.80759
7.83211
7.85603
7.82802
7.89263
7.91018
7.87693
7.86786
7.89483
7.89378
7.90894
7.91987
7.96180
8.08953
8.24125
8.29082
8.31038
8.30224
8.22537
8.17696
8.16951
8.13986
8.13462
8.16792
8.16396
8.22656
8.26533
8.29803
8.30481
8.29867
8.30313
8.26357
8.22749
8.21234
8.17671
8.14817
8.14287
8.14127
8.10098
8.06327
8.06296
8.04985
8.06631
8.07094
8.07313
8.06818
8.07838
8.07800
8.06215
8.03491
8.05068
8.03072
8.02543
8.03555
8.05729
8.11967
8.26981
8.42402
8.54282
8.60509
8.61244
8.58937
8.53051
8.51670
8.48806
8.48958
8.52478
8.70481
8.95710
9.15280
9.25460
9.27607
9.23985
9.25541
9.28082
9.28565
9.29887
9.30976
9.34376
9.38300
9.42819
9.42094
9.41086
9.32674
9.27305
9.31870
9.32632
9.36180
9.46187
9.52222
9.54750
9.52769
9.49035
9.46045
9.43047
9.42139
9.41809
9.45198
9.47203
9.48864
9.49867
9.54389
9.64527
9.70736
9.68678
9.67913
9.64088
9.66396
9.72919
9.78673
9.83634
9.80587
9.74087
9.65167
9.58785
9.59291
9.63101
9.63017
9.62575
9.60583
9.58213
9.54230
9.52646
9.53634
9.54247
9.55361
9.55451
9.54356
9.57147
9.62080
9.66921
9.68379
9.68034
9.64379
9.61921
9.60086
9.58718
9.59546
9.61815
9.62854
9.62620
9.61754
9.59987
9.58466
9.56817
9.53812
9.51565
9.50707
9.50791
9.49122
9.47933
9.47328
9.46993
9.46604
9.45628
9.43339
9.43816
9.44224
9.44908
9.45059
9.44438
9.44213
9.43915
9.43281
9.42152
9.41331
9.40209
9.39603
9.38660
9.37259
9.35614
9.34796
9.33345
9.32734
9.31209
9.28577
9.27758
9.26101
9.24410
9.23013
9.22168
9.22749
9.22178
9.21752
9.21196
9.20461
9.20337
9.19498
9.18422
9.17750
9.16411
9.15207
9.13912
9.12193
9.11412
9.09568
9.08249
9.06831
9.05881
9.05186
9.03438
9.01479
9.01246
9.01183
9.00042
8.98647
8.96595
8.95832
8.94582
8.93500
8.91764
8.91233
8.89357
8.88292
8.85503
8.84268
8.81839
8.80853
8.79092
8.78986
8.76561
8.76663
8.73576
8.73623
8.70410
8.71178
8.68816
8.69313
8.65669
8.67064
8.62436
8.64493
8.59983
8.62462
8.56925
8.60324
8.53973
8.58278
8.49787
8.54902
8.46551
8.53453
8.43527
8.52492
8.40409
8.52050
8.36639
8.51971
8.29589
8.50937
8.21325
8.56255
