11.29086
10.66087
11.13183
10.66106
10.90321
10.52336
10.68376
10.38293
10.49697
10.24846
10.33468
10.12290
10.19129
10.02552
10.07941
9.92967
9.96226
9.82387
9.84216
9.73900
9.78633
9.70294
9.71225
9.61362
9.60618
9.51654
9.50359
9.42285
9.40492
9.33558
9.31473
9.24416
9.22120
9.15701
9.14105
9.13214
9.14823
9.11236
9.14371
9.16644
9.17119
9.14883
9.13948
9.12761
9.11374
9.10213
9.07835
9.04136
9.00310
8.96619
8.92376
8.89101
8.87393
8.85152
8.81985
8.78309
8.74482
8.70499
8.66389
8.62350
8.58624
8.54750
8.51014
8.47506
8.44024
8.39854
8.36414
8.33125
8.29268
8.25126
8.21676
8.18742
8.14674
8.10656
8.06565
8.02751
8.01200
8.01566
7.99745
7.96840
7.93203
7.89180
7.85546
7.81693
7.78109
7.74111
7.70462
7.66808
7.63197
7.59307
7.56898
7.54606
7.57427
7.71951
7.84832
7.89606
7.88098
7.83976
7.78534
7.75454
7.74223
7.79455
8.00420
8.11161
8.21983
8.79445
9.73198
10.69498
11.99543
13.10941
13.87102
14.97707
15.90300
16.63221
17.36154
17.76454
17.87246
17.82448
17.29098
16.89114
16.60321
16.48997
16.56064
17.51807
18.24081
18.42138
18.31891
17.92246
17.25626
16.97006
16.56829
16.37797
16.01067
15.76332
15.61206
15.71207
15.58614
15.47498
15.49520
15.47473
15.67885
16.01276
16.24433
16.80751
17.63243
17.49550
16.91699
17.21634
17.42218
17.10108
17.04935
16.78568
17.26796
17.33928
17.47773
17.64261
17.66470
17.60156
17.26255
16.97760
16.78953
16.46918
16.36750
16.35492
16.62790
16.78873
17.05618
16.77523
16.68829
16.56930
16.91598
17.03483
16.69138
16.90968
17.30587
17.07699
17.17838
17.02313
16.69034
16.61440
16.64121
16.63679
16.46495
16.26436
16.04733
15.85737
15.70616
15.53114
15.39313
15.26356
15.55513
15.89586
16.03649
16.17116
16.96143
17.54911
17.37266
17.74694
17.77916
17.67992
17.36509
16.98890
17.02655
17.87796
18.15637
17.98334
17.89373
17.90640
18.07247
17.95914
17.78227
17.51769
17.48617
17.72326
17.84104
17.63548
17.17613
16.83906
16.68481
16.67306
16.72147
16.59588
16.77882
17.22467
17.19330
17.05763
16.94562
16.74003
16.49870
16.34956
15.91302
16.29039
16.52912
16.94175
16.99885
17.19894
17.12467
16.84194
16.80868
16.76432
16.97693
16.92893
16.99939
17.51333
17.67170
17.46644
17.34400
17.20981
17.09397
16.90504
17.01904
16.84273
16.81585
17.51503
18.47465
18.44198
18.31665
18.58548
18.55609
18.29783
18.13902
17.62371
17.12171
16.91057
16.73986
16.78653
16.81828
16.53520
16.51298
16.72363
17.68670
18.47054
18.67142
18.16828
17.77367
17.40248
17.08942
17.04836
17.09223
16.92019
16.78723
16.67701
16.55774
16.46755
16.57295
16.68150
16.68973
16.58126
16.40593
16.20243
16.06422
15.89707
15.89612
15.90821
15.91821
15.81577
15.89313
16.15616
16.36513
16.43857
16.51646
16.77041
17.37478
18.00266
18.10386
18.00187
17.77641
17.62790
17.41580
17.19538
16.97603
16.81303
16.73127
16.46176
16.40494
16.44811
16.24182
16.17473
16.05287
15.88633
15.77844
15.68642
15.55354
15.47010
15.31334
15.48431
15.96770
16.52530
16.78282
16.96123
16.88622
16.63281
16.56779
16.98172
17.13572
16.91442
16.79360
16.58564
16.41218
16.26954
16.17876
16.03568
15.75174
15.60702
15.41780
15.30839
15.11272
14.97274
14.86828
14.81794
14.71683
14.70579
14.85361
15.00699
14.97018
15.06289
15.22110
15.89765
16.40105
16.44028
16.29961
16.19951
16.07748
15.81532
15.60957
15.49466
15.47902
15.58078
15.76616
15.65103
15.54662
15.41256
15.31607
15.40407
15.57310
15.53517
15.79179
15.97667
16.01284
15.92978
15.96630
15.88235
15.66088
15.61363
15.75234
15.83286
15.75778
15.61220
15.52297
15.35946
15.24494
15.26767
15.21199
15.22098
15.18547
15.11965
15.11555
15.05993
15.43543
16.54260
17.41489
17.66522
17.56174
17.12664
16.97658
16.49647
16.21380
16.10962
15.77429
15.81298
15.87839
15.79126
15.78956
15.73344
15.64836
15.46801
15.30414
14.98621
14.86664
14.78377
14.72603
14.78333
14.85298
14.89868
14.81899
14.79893
14.78816
14.74115
14.60218
14.50644
14.39439
14.30606
14.18902
14.15391
14.09798
14.03026
13.93916
14.01420
14.28258
14.49788
14.54673
14.48701
14.47365
14.35699
14.26495
14.11957
14.08905
13.86583
13.97364
14.09180
14.11331
14.18469
14.12329
14.00928
13.93703
13.87210
13.79118
13.75201
13.72760
13.71985
13.70206
13.68266
13.69329
13.67957
13.73618
13.74123
13.75377
13.73085
13.69595
13.66012
13.60235
13.57676
13.39589
13.24333
13.16610
13.09823
13.05875
13.02104
13.02991
13.14859
13.21203
13.28822
13.24852
13.17765
13.08365
13.11772
13.09805
13.10262
13.04423
13.08647
13.24041
13.23604
13.36821
13.47370
13.51451
13.66302
13.67849
13.56857
13.49234
13.51022
14.12438
14.77715
15.08580
15.10329
15.07354
14.94439
14.78363
14.63371
14.51310
14.37183
14.26767
14.16200
14.09779
14.03547
13.91148
13.72687
13.69925
13.57847
13.54760
13.52164
13.42243
13.33562
13.29213
13.25930
13.26953
13.14321
13.16925
12.99359
12.84076
12.88429
13.62869
14.41337
14.65359
14.77470
14.80232
14.53370
14.26693
14.24769
13.97880
13.93163
13.94888
13.98445
14.01959
14.12516
14.09608
14.12658
14.02314
13.76799
13.71820
13.65098
13.50109
13.48956
13.54358
13.55143
13.50136
13.40736
13.57757
13.32838
13.40170
13.58114
13.48920
13.31891
13.16903
13.24446
13.21516
13.18297
13.00756
12.91116
13.01508
13.03082
12.97514
13.05273
13.06899
12.99428
13.04965
13.17440
13.17086
13.05628
13.07817
13.29818
13.44933
13.49421
13.41533
13.32543
13.24774
13.14363
13.04821
12.96631
12.90639
12.92065
13.09830
13.24764
13.28897
13.15130
13.03046
12.78925
12.81722
12.84846
12.82019
12.79114
12.68661
12.79386
12.77634
12.86820
12.92805
12.84395
12.88824
12.90004
12.78910
12.75403
12.82967
12.76992
12.78611
12.54667
12.57121
12.54122
12.54952
12.62130
12.55577
12.51710
12.57504
12.67001
12.64648
12.78815
12.77399
12.77454
12.70427
12.74046
12.90590
13.71766
14.67944
15.23930
15.44789
15.50137
15.33773
15.20453
14.92191
14.74321
14.66665
15.24010
16.25535
16.70517
16.94563
16.86574
16.40706
16.34964
16.24536
16.93314
18.23246
18.49455
18.49474
18.50639
18.39827
18.33908
18.29996
18.52985
18.41211
18.48202
18.58117
18.38528
18.23503
18.00589
17.82399
17.31849
17.10286
16.95845
16.84848
16.75449
16.39932
16.32812
16.62701
16.35036
16.38140
16.48235
16.45666
16.61982
16.50504
16.36983
16.21576
16.01905
15.73954
15.68120
15.70880
15.88198
16.16017
16.34372
16.72085
16.45669
16.39151
16.49727
16.38093
16.48238
16.42217
16.37634
16.22445
16.15313
16.01258
15.96182
16.22899
16.17196
16.35125
16.10820
15.95519
15.99751
16.08506
16.34798
16.54669
16.32669
16.32184
16.38186
16.48479
16.95180
17.72817
17.97850
17.87135
17.50484
17.39696
17.23023
17.22684
17.17344
17.04033
16.86283
16.74586
17.42875
18.62999
19.39868
19.31720
19.31325
19.29564
18.84152
18.64705
18.51375
18.11899
18.25608
18.43345
18.37655
18.28265
17.96550
17.60446
17.31587
17.33925
17.79936
18.54337
18.86003
18.72098
18.51811
18.82718
18.62331
18.68255
18.76934
18.90544
19.15083
19.06819
18.96229
18.72886
18.65786
18.50298
18.68039
19.48135
19.67289
19.62461
19.11805
18.72395
19.02538
18.80008
18.64670
18.49555
18.34879
18.23672
18.30056
19.33420
19.86194
20.03112
19.91500
19.48733
19.17250
18.83382
18.59739
18.34679
18.16170
17.97780
17.83524
17.67643
17.54572
17.39440
17.27448
17.13512
17.01898
16.89131
16.77045
16.63421
16.53256
16.41985
16.34218
16.24331
16.28045
16.26267
16.25509
16.26853
17.07228
18.33850
19.04373
19.27998
19.22890
19.14897
18.81495
18.38411
18.37684
18.38181
18.24135
18.22245
18.13834
18.06984
17.98586
17.85779
17.74169
17.62189
17.50507
17.38593
17.28034
17.17473
17.07393
16.96986
16.87399
16.77405
16.67842
16.58044
16.48675
16.39001
16.30748
16.21958
16.13745
16.05693
15.97943
15.89988
15.82657
15.75463
15.68596
15.61940
15.55524
15.48792
15.42671
15.36713
15.30707
15.24992
15.19288
15.13909
15.08373
15.02758
14.97265
14.91818
14.86485
14.81493
14.76717
14.72105
14.68309
14.63349
14.58159
14.53000
14.47951
14.42896
14.37895
14.33140
14.28400
14.23765
14.18937
14.14094
14.09556
14.04933
13.99656
13.95443
13.90732
13.86652
13.83293
13.80097
13.76276
13.71647
13.67328
13.63052
13.59254
13.54893
13.50218
13.45910
13.41601
13.37801
13.33077
13.28734
13.23842
13.19620
13.15136
13.11471
13.06354
13.02890
12.97644
12.94566
12.89114
12.85943
12.81144
12.79266
12.73527
12.72155
12.65885
12.64751
12.57741
12.56699
12.49294
12.49090
12.40803
12.40970
12.31786
12.33756
12.23957
12.26787
12.15894
12.20837
12.08659
12.14066
11.99564
12.08621
11.98951
12.16169
12.01148
12.16723
11.94256
12.12032
11.84112
12.09111
11.72908
12.08355
11.56231
