15.32780
14.42214
15.01981
14.37651
14.75125
14.33636
14.84151
14.69204
15.55522
15.64082
15.77481
15.39208
15.42576
15.29559
15.30330
15.11443
15.13983
15.02190
15.01442
15.41251
16.50571
16.88776
16.96939
16.84893
16.50969
16.51091
16.96240
16.88363
16.85587
17.06892
17.28044
17.27339
17.49160
17.46715
17.28722
17.11221
16.89205
16.60521
16.47688
16.34648
16.29983
16.20129
16.42978
16.94530
17.18932
17.13624
17.00334
16.81004
16.65604
16.51892
16.40789
16.31947
16.27133
16.20052
16.15246
16.25808
16.53853
16.68613
16.67024
16.57444
16.46703
16.37885
16.38112
16.47873
16.47588
16.43299
16.35994
16.28215
16.21215
16.14493
16.09187
16.03479
16.03589
16.10732
16.12249
16.09125
16.06465
16.03605
15.99966
15.96083
15.92345
15.89637
16.04105
16.42946
16.60113
16.65361
16.66979
16.64138
16.52081
16.50089
16.52726
16.48167
16.37769
16.26298
16.17493
16.12546
16.25710
16.32233
16.29705
16.24258
16.18306
16.11549
16.12702
16.12115
16.08666
16.04473
15.99895
15.93174
15.87801
15.84342
15.79627
15.76963
15.73301
15.90560
16.18447
16.25811
16.22957
16.14239
16.04705
15.95065
15.88019
15.80646
15.77473
15.76448
15.74538
15.70621
15.66963
15.66033
15.69558
15.68209
15.69030
15.65828
15.63154
15.57586
15.57741
15.53687
15.53215
15.40990
15.44097
15.73898
16.59926
17.20100
17.55028
17.87172
17.98454
17.84036
17.63074
17.46756
17.19298
17.00353
16.79017
16.34835
15.91007
15.91465
15.94732
15.99421
16.07070
15.96438
15.76172
16.06377
16.05180
16.34995
16.25739
16.08509
16.08654
16.10541
16.28640
16.31022
16.28236
16.07495
15.83320
15.76929
15.73436
15.65936
15.60258
15.52176
15.49202
15.45623
15.44592
15.36845
15.53741
15.82766
15.89243
15.83496
15.73533
15.55002
15.42469
15.63383
16.12819
16.34941
16.15145
15.61608
15.62979
15.39889
15.41674
15.46616
15.36433
15.32841
15.24040
15.17692
15.09583
15.03377
15.12105
15.10598
15.18191
15.18889
14.85956
14.60746
14.64301
14.62749
14.62582
14.79327
14.71946
14.68647
14.67246
14.68148
14.75243
14.84022
14.96125
15.07122
15.21045
15.37378
15.42309
15.38916
15.35697
15.23088
15.11170
15.07050
15.04559
15.00547
14.96528
14.91437
14.89654
14.83938
14.80551
14.76916
14.73545
14.69945
14.66180
14.62852
14.60885
14.58882
14.59602
14.59502
14.59372
14.61031
14.63560
14.61553
14.62671
14.66340
14.57268
14.49802
14.48938
14.43480
14.39092
14.35879
14.37797
14.44800
14.48675
14.50914
14.53043
14.61739
14.61686
14.58390
14.54036
14.51095
14.51776
14.45091
14.25607
14.19015
14.16298
14.14417
14.17789
14.19371
14.18452
14.13883
14.17063
14.22618
14.28685
14.27687
14.19918
14.19127
14.18688
14.18983
14.17260
14.18081
14.14890
14.06204
14.01298
14.02892
14.15816
14.27200
14.20345
14.13288
14.10656
14.04931
14.00113
13.95336
13.91732
13.90048
13.89848
13.89718
13.86108
13.89229
13.96881
13.95917
13.85455
13.84523
13.83702
13.83229
13.80222
13.79261
13.73781
13.73169
13.70044
13.70989
13.77910
13.83696
13.78541
13.78560
13.74821
13.88100
14.11882
13.99801
14.09038
14.30050
14.82401
15.09425
15.15699
15.11041
15.06740
14.96342
14.84199
14.70506
14.60036
14.50222
14.44162
14.37357
14.34244
14.33007
14.21559
14.18684
14.17976
14.18705
14.18237
14.12718
13.79999
13.64086
13.77010
13.69160
13.74721
13.85603
13.82548
13.76882
13.75736
13.74756
13.70986
13.72142
13.78090
13.81776
13.81817
13.83812
13.97713
14.20151
14.30877
14.30922
14.19073
14.17019
14.22499
14.17344
14.15657
14.18994
14.19605
14.18757
14.17065
14.13724
14.10654
14.06624
14.06181
14.12380
14.24858
13.99112
14.01392
14.06520
14.02655
14.07655
14.04899
13.97781
13.88648
13.83873
13.94821
13.90971
13.92477
13.89410
13.85974
13.80197
13.85508
13.88329
13.91555
13.81335
14.03131
14.11321
14.01019
14.07402
13.97514
14.12060
14.11942
14.13038
14.07718
14.05374
13.98582
13.90481
13.99520
13.96474
14.04406
13.97084
13.97322
14.02486
14.07368
14.02226
14.06791
14.11163
14.03757
14.06568
13.87682
13.90399
13.91795
13.95707
13.94496
14.03961
14.60365
15.55266
16.10673
16.42095
16.52984
16.43023
16.37244
16.26238
16.12712
15.89448
15.82390
15.69293
15.52604
15.37787
15.25629
15.28434
15.18057
15.08326
15.10301
15.08322
15.09701
15.06434
15.04411
14.99440
15.05488
15.04636
15.00646
14.99387
15.00249
15.03337
15.02147
15.00050
14.98372
15.17309
15.42457
15.54052
15.49738
15.55630
15.58491
15.51013
15.51572
15.47216
15.40762
15.32308
15.30258
15.30445
15.24107
15.20676
15.12609
15.17146
15.33562
15.36404
15.31497
15.26778
15.23853
15.17808
15.17052
15.16543
15.12309
15.07706
15.04222
15.00878
14.99103
14.93963
14.98863
14.97465
14.91555
14.74933
14.47435
14.41213
14.41637
14.61573
14.69476
14.74770
14.62271
14.64316
14.58087
14.66126
14.62174
14.52388
14.66004
14.65001
14.65240
14.54227
14.25714
13.99840
13.91164
14.08783
14.19476
14.10921
14.21580
14.43094
14.48606
14.46184
14.43419
14.39880
14.51524
14.85112
15.12999
15.22525
15.21285
15.17493
15.21163
15.23822
15.20293
15.13409
15.08173
14.88279
14.88189
14.84932
14.88272
14.85448
14.97401
15.63447
16.29705
16.51801
16.62156
16.57235
16.45580
16.31445
16.14452
15.95169
15.88809
15.82141
15.73794
15.77264
15.72244
15.70518
15.69188
15.68392
15.67296
16.21413
16.64743
16.82911
16.80766
16.65031
16.43757
16.24725
16.04006
15.87497
15.96067
16.02837
16.00551
15.92533
15.85400
15.78890
15.73351
15.67669
15.59014
15.53597
15.56727
15.64744
15.75626
15.80128
15.82860
15.51762
15.32514
15.40177
15.28680
15.28113
15.27880
15.31709
15.26212
15.32843
15.19692
15.20834
15.35953
15.32851
15.42641
15.35525
15.33034
15.38293
15.43953
15.44129
15.44597
15.48900
15.51009
15.52683
15.42574
15.53001
15.56908
15.47600
15.38152
15.20552
15.21554
15.14622
15.33422
15.24899
15.17145
15.25275
15.35953
15.31404
15.35710
15.04530
14.87862
15.05030
15.63534
16.32444
16.57311
16.66781
16.81231
16.18445
15.98923
15.76214
15.79006
15.52118
15.41130
15.45476
15.45256
15.43909
15.43532
15.38467
15.36548
15.56340
15.72408
15.77312
15.95067
15.99578
16.37270
17.25558
17.63062
17.76022
17.62967
17.37802
17.17449
16.96451
16.81348
16.65398
16.57080
16.52590
16.39238
16.22556
16.30839
16.66972
17.32607
17.52578
17.67045
17.75500
17.67777
17.50334
17.33522
17.22428
17.08997
16.98194
16.88634
16.80658
16.68393
16.67435
16.68348
16.64226
16.61231
16.63606
16.56096
16.68741
16.80670
16.67348
16.57477
16.58710
16.69165
16.81148
16.83452
16.82578
16.76678
16.70504
16.64048
16.58170
16.51665
16.51249
16.52615
16.60734
16.77021
16.77566
16.76545
16.71554
16.64263
16.57601
16.59798
16.44464
16.37651
16.29472
16.30362
16.26193
16.31563
16.28889
16.32702
16.31446
16.31320
16.00374
15.63922
15.76336
16.02181
16.28571
16.18389
16.35476
16.27599
16.27666
16.32772
16.38839
16.25870
16.20517
16.23341
16.38285
16.40081
16.36930
16.35359
16.43402
16.46367
16.46739
16.39577
16.31691
16.26591
16.20695
16.23243
16.29265
16.30314
16.29446
16.42633
17.00234
17.40170
17.60972
17.58911
17.53543
17.38542
17.28807
17.17364
17.03334
16.84683
16.65385
16.61421
16.61579
16.77214
16.85875
16.73756
16.62207
16.59002
16.63704
16.67955
16.53680
16.51454
16.43305
16.48378
16.78307
16.78557
17.00412
17.03172
17.06322
17.11095
17.42081
17.28320
17.11097
17.14240
17.76148
18.35498
18.59079
18.65282
18.55989
18.77692
19.03464
19.05152
18.91164
18.63849
18.44952
18.27594
18.13580
17.98396
17.80809
17.80166
17.79274
17.76643
17.71354
17.64899
17.57264
17.54208
17.49369
17.81580
18.20162
18.33670
18.25769
18.14351
18.03554
17.94001
17.82197
17.71175
17.60981
17.52490
17.43722
17.39050
17.24828
17.29591
17.15339
16.98930
16.97695
16.92903
16.94059
16.92664
16.93377
16.94626
16.98699
17.05133
16.95929
16.92728
16.83985
16.89354
16.98763
16.96758
17.08233
17.22925
17.31808
17.32078
17.31676
17.23952
17.21175
17.21379
17.10478
17.35122
17.71011
18.10687
18.17436
17.89658
17.79642
17.74758
17.69547
17.60036
17.50202
17.40422
17.37033
17.31515
17.26913
17.25115
17.19932
17.27283
17.26761
17.41480
17.51523
17.50149
17.94915
18.32456
18.45679
18.35530
18.13913
17.98319
17.99746
18.13188
18.18349
18.13201
18.05259
17.96343
17.88356
17.77382
17.68970
17.62358
17.58394
17.52180
17.47908
17.44705
17.43297
17.42309
17.38280
17.34624
17.31141
17.27379
17.24295
17.20936
17.19288
17.16012
17.13480
17.11196
17.08470
17.05672
17.03223
16.99893
16.97383
16.94614
16.92166
16.89818
16.86974
16.83765
16.85060
16.83012
16.79629
16.75877
16.73653
16.70935
16.67661
16.67211
16.65570
16.62789
16.60714
16.61579
16.67335
16.74342
16.73300
16.71041
16.67791
16.67497
16.63577
16.60009
16.54839
16.52363
16.49306
16.53910
16.47480
16.41301
16.40868
16.36851
16.35350
16.34166
16.31872
16.29864
16.26570
16.24088
16.21562
16.18864
16.17441
16.15289
16.11924
16.11044
16.09181
16.06032
16.03126
16.02243
15.99984
15.99620
16.00254
16.04598
16.06920
16.07509
16.04501
16.01730
15.98661
15.98775
16.02563
16.05334
16.02269
16.03590
