21.01732
19.64856
20.09520
19.04387
19.37390
19.86328
21.22826
20.75485
20.77276
20.54737
20.83946
20.18320
20.37942
21.15881
21.46252
20.74650
20.50796
20.17520
20.36871
19.97470
20.42285
20.75924
20.51141
20.02311
19.76292
19.48366
19.48077
19.82878
19.88960
19.54615
19.33677
19.08669
19.02110
18.92611
18.95505
18.83081
18.71400
18.55421
18.43795
18.27164
18.50132
19.78464
20.39447
20.93254
21.38647
21.49364
21.13853
20.83689
20.54365
20.44053
20.35622
20.24537
20.17090
20.01272
19.81241
19.66649
19.50641
19.40154
19.29581
19.31622
19.23521
19.82586
20.33300
20.54028
20.79642
20.40422
20.02556
19.68507
19.50375
19.30594
19.18894
19.10782
19.16776
19.11422
20.23156
20.98826
20.71869
20.36760
20.26641
20.04898
19.77508
19.58419
19.40645
19.26515
19.15154
19.04025
18.92642
18.81374
18.77950
18.72476
18.64484
18.59460
18.51513
18.40921
18.32945
18.25178
18.19471
18.09603
18.02817
17.92671
18.08113
18.21893
18.12997
17.94666
18.36869
19.11611
19.00527
18.71674
18.44681
18.27818
18.11413
18.00570
17.91157
18.12557
18.30604
18.17688
17.98442
17.86190
18.00390
18.01723
17.91680
17.82900
17.68047
17.58409
17.50605
17.42762
17.34353
17.28625
17.25338
17.41354
17.44875
17.30254
17.18746
17.11813
17.08031
17.07252
17.12348
17.05767
16.95914
16.86899
17.20484
17.45125
17.29517
17.11424
16.96726
16.84678
16.77281
16.83251
18.00671
19.45079
20.04487
21.51786
23.80158
25.18453
25.43488
24.96327
25.64211
27.68471
27.20712
27.92483
28.65035
28.64749
27.71779
26.81855
26.24728
26.31897
26.44816
25.83565
25.49073
26.56415
26.34352
25.51535
25.26362
25.68054
25.40329
24.67516
24.16434
23.96412
23.90595
24.87076
24.79444
24.13846
23.64499
23.84878
24.40772
23.97881
23.46023
23.22794
22.98501
22.97866
23.42956
23.66169
24.21212
24.31810
23.54875
23.27489
23.15424
23.17167
23.43094
23.81641
24.48169
24.09551
23.56414
23.33912
23.28089
22.94412
23.10479
23.49076
23.64773
23.50329
23.23778
23.77995
23.84033
23.36394
22.87809
22.52963
22.54921
22.48336
22.23607
22.01903
21.88046
21.87754
21.88413
22.26898
23.01683
22.77412
22.47651
22.56092
22.64391
22.83914
22.90128
22.49419
22.46926
22.14122
22.12693
22.30548
22.28836
22.07232
21.93599
21.72931
22.66714
22.45215
21.89507
22.09921
22.03502
22.13182
22.14901
22.05669
21.85434
21.87637
21.72812
21.52369
21.30879
21.12175
20.99612
20.84515
20.72190
20.70569
21.34996
21.65741
21.27206
21.05286
20.89333
20.79820
20.81685
20.82500
21.01740
21.11642
20.93015
20.97490
21.29959
21.12846
20.98836
20.55496
20.53997
21.18009
21.09706
20.98993
22.06850
22.44402
22.12848
22.17836
21.68594
21.27583
21.23806
21.04122
21.00252
21.28273
20.74021
21.48134
22.54989
22.35758
22.30056
22.02085
22.02607
21.80165
21.52233
21.70487
22.18706
22.00735
21.54091
21.49300
21.46456
22.14086
22.55473
22.26907
21.91789
21.86912
21.63908
21.47303
21.37085
21.17372
21.01021
20.90979
20.90060
20.73586
20.71412
20.52313
21.03395
21.73273
21.57973
21.41790
21.18765
20.99940
20.83066
20.83210
20.60085
20.68133
21.10771
21.20999
21.16896
21.13074
21.17344
21.03312
21.45812
21.87994
21.57304
21.16425
21.01051
20.96343
20.92136
20.80694
20.66131
20.45292
20.43302
21.32220
21.59928
21.10702
20.99107
21.14013
20.97392
20.81268
20.75429
20.80250
20.49995
20.37220
20.27719
20.26656
20.28276
20.10565
20.07475
20.01944
20.05225
19.94461
19.81022
19.95966
19.97884
19.55368
19.51631
19.59352
19.73009
20.12900
19.99971
19.99500
19.98359
19.82866
19.66167
19.50570
19.33443
19.25518
19.11344
19.08748
19.01251
18.83381
19.18690
20.01980
20.18288
19.93569
19.96498
20.08247
19.27905
19.80327
20.55370
20.34301
20.22410
19.82756
19.77868
19.88406
20.06059
19.92780
19.67216
19.54066
19.37910
19.93664
20.28910
20.01898
19.79176
19.56202
19.39294
19.33644
19.25441
19.12702
19.00767
18.95605
18.84081
18.90766
19.10879
19.03630
19.24639
19.26790
19.06481
19.02187
18.90425
19.04281
19.87988
20.24474
19.83481
20.01423
20.43786
20.19384
19.95134
19.75270
19.58040
19.70086
19.52569
19.58287
19.84284
19.68660
19.48496
19.30270
19.28833
19.58738
20.84478
21.01458
20.44952
20.15671
19.94670
19.82207
19.67414
19.50741
19.60201
19.64528
19.53217
19.39580
19.31925
19.21370
19.13423
19.06576
19.00855
18.99007
18.83237
18.71592
18.69539
19.13547
20.92991
23.64826
26.57669
27.89520
28.28227
29.35664
31.11921
31.09367
31.93222
32.33361
30.74271
31.31611
32.35531
31.16075
30.22882
29.32587
28.88993
28.54081
28.19171
27.74556
27.60261
27.62414
27.21821
26.78321
26.84545
26.79272
26.42191
26.14210
26.08019
25.75757
26.40318
26.94527
26.40104
27.02009
26.81609
26.17394
25.59141
25.09329
24.96033
24.79975
24.96020
25.14461
25.34080
25.78950
25.59895
25.31811
25.07187
24.73027
24.54166
24.03527
23.92181
24.98040
25.14577
24.62676
24.17325
24.16351
24.04278
24.28500
24.23593
24.33308
24.04005
23.66184
24.46066
24.04545
24.27915
24.59229
23.90906
23.74460
23.74864
23.52510
23.33975
23.16558
23.18170
23.43842
23.94401
23.66605
22.98231
22.55322
22.54302
22.69154
22.83254
22.41594
22.34616
22.60444
22.36615
22.02113
22.17154
21.81798
22.66147
22.98563
22.64865
22.02093
21.75461
21.72877
21.89843
21.99451
21.73295
21.48534
21.41841
21.33043
21.44629
21.09872
20.92694
21.22263
21.23787
21.03993
20.80818
21.12434
21.14473
21.37923
21.23214
20.98464
21.02864
21.50141
21.81015
22.13854
22.05561
21.75529
21.83857
21.90094
21.63126
21.36942
21.18224
21.06663
21.17697
20.95447
21.03892
20.78770
20.73310
20.55101
20.50202
20.32138
20.45545
20.57491
20.13008
20.29312
20.68603
21.09300
20.85321
20.79776
20.66563
20.74670
20.50005
20.29638
20.24403
20.50335
20.51664
20.18537
20.13259
20.10719
20.15527
20.19220
20.40848
20.25624
20.21317
20.24828
20.02826
20.01780
20.35745
20.57556
20.37768
20.70905
21.35409
21.18566
20.83473
20.58609
20.44164
20.38729
20.08448
19.98055
19.86544
19.99004
20.11213
20.31421
20.18861
20.13180
20.39088
20.25221
20.18061
21.39829
22.06040
21.70279
21.45120
21.13141
20.98062
20.89826
20.75456
20.80320
20.76467
21.53675
22.14614
21.70221
21.41538
21.16998
21.18478
20.97524
20.92797
21.02278
20.75328
21.03798
22.00705
21.11871
21.05746
21.31994
21.02729
20.94185
20.93832
20.96066
21.37026
20.98511
21.20492
21.07628
20.88647
21.12181
21.22507
20.97261
20.81103
20.79900
20.66299
20.31118
20.01074
20.14083
21.85186
22.70644
22.39920
22.20792
22.03791
21.89645
21.66963
21.60506
21.43132
21.34523
21.65286
22.10298
22.43706
22.03624
21.71780
21.36536
21.25889
21.23935
21.27935
21.12757
21.13866
22.11249
22.68219
22.18956
21.86641
21.42850
21.35652
21.15822
22.26125
23.92442
23.93515
25.27892
26.94826
26.97798
27.90211
29.13550
28.95228
30.30112
31.43197
30.83609
30.21970
30.51364
31.41746
30.83246
31.38855
32.33295
32.54358
32.24524
31.46900
32.66906
34.06270
34.87909
34.41243
35.38457
35.66535
35.57419
35.19490
34.20636
33.33989
32.65922
32.36754
31.86796
31.83399
32.32826
32.39278
32.30332
32.90740
34.01932
33.93788
33.23336
32.94565
32.34847
32.04801
31.74852
31.37997
31.67468
31.48360
31.62226
32.95926
32.88253
34.79665
36.29679
35.78419
36.68329
36.87825
36.01785
36.93649
37.69822
37.15391
37.07215
36.75994
35.90885
35.31609
34.87998
35.05995
34.80935
34.23578
33.80343
33.48323
33.23016
32.94297
32.71834
32.53027
32.38152
32.12154
32.89373
33.34418
32.73199
32.16832
31.72813
31.44736
31.17242
31.00327
30.84152
31.40913
31.45624
30.93488
30.56726
30.26318
30.05484
29.85539
29.70700
29.62391
29.56704
30.01517
30.09512
29.69734
29.47503
29.18786
29.54538
29.76560
29.41249
29.09991
28.87359
28.62489
28.83472
29.37251
29.10706
28.73576
28.46195
28.23955
28.47347
29.02051
28.72469
28.40171
28.11366
27.94323
27.75360
27.66710
27.56541
28.28149
28.66694
28.35884
28.07010
28.80033
29.44731
29.01811
28.90893
29.77717
30.02523
29.61679
30.98837
31.63632
31.17191
30.64990
30.30617
30.00106
29.91986
29.79787
29.48611
29.22130
29.02816
28.82067
29.10329
29.45889
29.11504
28.80093
28.52649
28.39836
28.33200
28.21844
28.06109
27.97187
27.95012
27.92666
27.75671
27.63706
27.49356
27.41053
27.29068
27.21659
27.10032
27.04823
26.91702
26.87287
26.72079
26.86647
27.23446
27.60302
27.45949
28.35987
29.47164
29.24972
28.81889
28.51823
28.80182
28.97521
28.60425
28.68577
28.39868
28.21449
27.87391
27.82404
27.53761
27.74351
27.78018
27.72748
27.31501
27.33727
27.04296
27.18250
26.78470
26.96845
26.38399
26.65828
26.60085
28.40950
29.14218
32.35888
35.04115
36.09075
35.39116
37.94204
37.85650
38.56546
36.54066
37.39553
37.30594
