51.64192
48.76703
50.98367
49.18766
50.69038
49.40471
50.52263
49.53870
50.41280
49.63063
50.33453
49.69822
50.27547
49.75034
50.22907
49.79193
50.19156
49.82595
50.16057
49.85427
50.13461
49.87814
50.11261
49.89844
50.09386
49.91578
50.07781
49.93064
50.06406
49.94337
50.05229
49.95425
50.04223
49.96352
50.03369
49.97138
50.02648
49.97799
50.02044
49.98349
50.01543
49.98803
50.01134
49.99171
50.00804
49.99465
50.00543
49.99695
49.99695
49.99695
49.99695
49.99695
49.99695
49.99695
49.99695
49.99695
49.99695
49.99695
49.99695
49.99695
49.99695
49.99695
49.99695
49.99695
49.99695
49.99695
49.99695
49.99695
49.99695
49.99695
49.99695
49.99695
49.99695
49.99695
49.99695
49.99695
49.99695
49.99695
49.99695
49.99695
49.99695
49.99695
49.99695
49.99695
49.99695
49.99695
49.99696
49.99697
49.99698
49.99698
49.99700
49.99700
49.99703
49.99701
49.99704
49.99701
49.99707
49.99702
49.99710
49.99702
49.99712
49.99696
49.99717
49.99696
49.99723
49.99675
49.99720
49.99677
49.99735
49.99675
49.99730
49.99655
49.99744
49.99656
49.99755
49.99644
49.99771
49.99633
49.99784
49.99621
49.99803
49.99606
49.99822
49.99588
49.99845
49.99565
49.99865
49.99526
49.99904
49.99493
49.99946
49.99417
50.00013
49.99319
50.00144
49.95134
49.82361
49.65462
49.56939
49.51405
49.39162
49.21178
49.08473
48.95336
48.93825
48.88555
48.75124
48.58859
48.46393
48.31383
48.53409
48.66798
48.41906
48.21201
48.42814
49.78798
49.60235
48.98256
48.51043
48.54308
49.82332
50.00369
49.35620
48.85296
49.03631
48.90014
48.59151
48.59766
48.60144
48.35174
48.16459
48.04099
47.98728
47.85084
47.79000
47.77792
48.65962
48.81020
48.30348
48.01237
48.76095
50.02216
49.96577
50.02051
49.97847
50.01201
49.98433
50.00778
49.98759
50.00524
49.98966
50.00356
49.99113
50.00234
49.99221
50.00140
49.99306
50.00069
49.99374
50.00011
49.99429
49.99957
49.99475
49.99920
49.99514
49.99873
49.99534
49.99852
49.99569
49.99831
49.99583
49.99796
49.99607
49.99787
49.99627
49.99769
49.99646
49.99759
49.99657
49.99749
49.99672
49.99741
49.99682
49.99735
49.99691
49.99729
49.99691
49.99713
49.99700
49.99716
49.99701
49.99695
49.99695
49.99695
49.99695
49.99695
49.99695
49.99695
49.99695
49.99695
49.99695
49.99695
49.99695
49.99695
49.99695
49.99695
49.99695
49.99695
49.99695
49.99695
49.99695
49.99695
49.99695
49.99695
49.99695
49.99695
49.99695
49.99695
49.99695
49.99695
49.99695
49.99695
49.99695
49.99695
49.99695
49.99695
49.99695
49.99695
49.99695
49.99695
49.99695
49.99695
49.99695
49.99695
49.99695
49.99695
49.99695
49.99695
49.99695
49.99695
49.99695
49.99695
49.99695
49.99695
49.99695
49.99695
49.99695
49.99695
49.99695
49.99695
49.99695
49.99695
49.99695
49.99695
49.99695
49.99695
49.99695
49.99695
49.99695
49.99695
49.99695
49.99695
49.99695
49.99695
49.99695
49.99695
49.99695
49.99695
49.99695
49.99695
49.99695
49.99695
49.99695
49.99695
49.99695
49.99695
49.99695
49.99695
49.99695
49.99695
49.99695
49.99695
49.99695
49.99695
49.99695
49.99695
49.99695
49.99695
49.99695
49.99695
49.99695
49.99695
49.99695
49.99695
49.99695
49.99695
49.99695
49.99695
49.99695
49.99695
49.99695
49.99695
49.99695
49.99695
49.99695
49.99695
49.99695
49.99695
49.99695
49.99695
49.99695
49.99695
49.99695
49.99695
49.99695
49.99695
49.99695
49.99695
49.99695
49.99695
49.99695
49.99695
49.99695
49.99695
49.99695
49.99695
49.99695
49.99695
49.99695
49.99695
49.99695
49.99695
49.99695
49.99695
49.99695
49.99695
49.99695
49.99695
49.99695
49.99695
49.99695
49.99695
49.99695
49.99695
49.99695
49.99695
49.99695
49.99695
49.99695
49.99695
49.99695
49.99695
49.99695
49.99695
49.99695
49.99695
49.99695
49.99695
49.99695
49.99695
49.99695
49.99695
49.99695
49.99695
49.99695
49.99695
49.99695
49.99695
49.99695
49.99695
49.99695
49.99695
49.99695
49.99695
49.99695
49.99695
49.99695
49.99695
49.99695
49.99695
49.99695
49.99695
49.99695
49.99695
49.99695
49.99695
49.99695
49.99695
49.99695
49.99695
49.99695
49.99695
49.99695
49.99695
49.99695
49.99695
49.99695
49.99695
49.99695
49.99695
49.99695
49.99695
49.99695
49.99695
49.99695
49.99695
49.99695
49.99695
49.99695
49.99695
49.99695
49.99695
49.99695
49.99695
49.99695
49.99695
49.99695
49.99695
49.99695
49.99695
49.99695
49.99695
49.99695
49.99695
49.99695
49.99695
49.99695
49.99695
49.99695
49.99695
49.99695
49.99695
49.99695
49.99695
49.99695
49.99695
49.99695
49.99695
49.99695
49.99695
49.99695
49.99695
49.99695
49.99695
49.99695
49.99695
49.99695
49.99695
49.99695
49.99695
49.99695
49.99695
49.99695
49.99695
49.99695
49.99695
49.99695
49.99695
49.99695
49.99695
49.99695
49.99695
49.99695
49.99695
49.99695
49.99695
49.99695
49.99695
49.99695
49.99695
49.99695
49.99695
49.99695
49.99695
49.99695
49.99695
49.99695
49.99695
49.99695
49.99695
49.99695
49.99695
49.99695
49.99695
49.99695
49.99695
49.99695
49.99695
49.99695
49.99695
49.99695
49.99695
49.99695
49.99695
49.99695
49.99695
49.99695
49.99695
49.99695
49.99695
49.99695
49.99695
49.99695
49.99695
49.99695
49.99695
49.99695
49.99695
49.99695
49.99695
49.99695
49.99695
49.99695
49.99695
49.99695
49.99695
49.99695
49.99695
49.99695
49.99695
49.99695
49.99695
49.99695
49.99695
49.99695
49.99695
49.99695
49.99695
49.99695
49.99695
49.99695
49.99695
49.99695
49.99695
49.99695
49.99695
49.99695
49.99695
49.99695
49.99695
49.99695
49.99695
49.99695
49.99695
49.99695
49.99695
49.99695
49.99695
49.99695
49.99695
49.99695
49.99695
49.99695
49.99695
49.99695
49.99695
49.99695
49.99695
49.99695
49.99695
49.99695
49.99695
49.99695
49.99695
49.99695
49.99695
49.99695
49.99695
49.99695
49.99695
49.99695
49.99695
49.99695
49.99695
49.99695
49.99695
49.99695
49.99695
49.99695
49.99695
49.99695
49.99695
49.99695
49.99695
49.99695
49.99695
49.99695
49.99695
49.99695
49.99695
49.99695
49.99695
49.99695
49.99695
49.99695
49.99695
49.99695
49.99695
49.99695
49.99695
49.99695
49.99695
49.99695
49.99695
49.99695
49.99695
49.99695
49.99695
49.99695
49.99695
49.99695
49.99695
49.99695
49.99695
49.99695
49.99695
49.99695
49.99695
49.99695
49.99695
49.99695
49.99695
49.99695
49.99695
49.99695
49.99695
49.99695
49.99695
49.99695
49.99695
49.99695
49.99695
49.99695
49.99695
49.99695
49.99695
49.99695
49.99695
49.99695
49.99695
49.99695
49.99695
49.99695
49.99695
49.99695
49.99695
49.99695
49.99695
49.99695
49.99695
49.99695
49.99695
49.99695
49.99695
49.99695
49.99695
49.99695
49.99695
49.99695
49.99695
49.99695
49.99695
49.99695
49.99695
49.99695
49.99695
49.99695
49.99695
49.99695
49.99695
49.99695
49.99695
49.99695
49.99695
49.99695
49.99695
49.99695
49.99695
49.99695
49.99695
49.99695
49.99695
49.99695
49.99695
49.99695
49.99695
49.99695
49.99695
49.99695
49.99695
49.99695
49.99695
49.99695
49.99695
49.99695
49.99695
49.99695
49.99695
49.99695
49.99695
49.99695
49.99695
49.99695
49.99695
49.99695
49.99695
49.99695
49.99695
49.99695
49.99695
49.99695
49.99695
49.99695
49.99695
49.99695
49.99695
49.99695
49.99695
49.99695
49.99695
49.99695
49.99695
49.99695
49.99695
49.99695
49.99695
49.99695
49.99695
49.99695
49.99695
49.99695
49.99695
49.99695
49.99695
49.99695
49.99695
49.99695
49.99695
49.99695
49.99695
49.99695
49.99695
49.99695
49.99695
49.99695
49.99695
49.99695
49.99695
49.99695
49.99695
49.99695
49.99695
49.99695
49.99695
49.99695
49.99695
49.99695
49.99695
49.99695
49.99695
49.99695
49.99695
49.99695
49.99695
49.99695
49.99695
49.99695
49.99695
49.99695
49.99695
49.99695
49.99695
49.99695
49.99695
49.99695
49.99695
49.99695
49.99695
49.99695
49.99695
49.99695
49.99695
49.99695
49.99695
49.99695
49.99695
49.99695
49.99695
49.99695
49.99695
49.99695
49.99695
49.99695
49.99695
49.99695
49.99695
49.99695
49.99695
49.99695
49.99695
49.99695
49.99695
49.99695
49.99695
49.99695
49.99695
49.99695
49.99695
49.99695
49.99695
49.99695
49.99695
49.99695
49.99695
49.99695
49.99695
49.99695
49.99695
49.99695
49.99695
49.99695
49.99695
49.99695
49.99695
49.99695
49.99695
49.99695
49.99695
49.99695
49.99695
49.99695
49.99695
49.99695
49.99695
49.99695
49.99695
49.99695
49.99695
49.99695
49.99695
49.99695
49.99695
49.99695
49.99695
49.99695
49.99695
49.99695
49.99695
49.99695
49.99695
49.99695
49.99695
49.99695
49.99695
49.99695
49.99695
49.99695
49.99695
49.99695
49.99695
49.99695
49.99695
49.99695
49.99695
49.99695
49.99695
49.99695
49.99695
49.99695
49.99695
49.99695
49.99695
49.99755
50.00466
49.99562
50.00685
49.99314
50.00963
49.99005
50.01308
49.98623
50.01729
49.98160
50.02237
49.97603
50.02844
49.96942
50.03563
49.96161
50.04410
49.95245
50.05401
49.94173
50.06559
49.92923
50.07910
49.91463
50.09489
49.89754
50.11340
49.87744
50.13526
49.85361
50.16133
49.82498
50.19290
49.79000
50.23192
49.74617
50.28156
49.68937
50.34730
49.61220
50.43945
49.49988
50.57991
49.31840
50.82460
48.96868
