20.52053
19.31800
20.04881
19.30934
19.86588
19.29044
19.59544
19.76656
20.65331
20.22915
20.36780
19.89914
20.00534
19.66993
19.82843
19.63942
19.80516
19.61615
19.81615
19.78752
19.88486
19.64176
19.57232
19.34611
19.29997
19.11817
19.08921
19.09221
19.15039
18.96171
18.86640
18.72370
18.67530
18.57089
18.55070
18.45609
18.43411
18.76107
18.92030
18.79198
18.74926
18.71206
18.66426
18.57945
18.55413
18.50911
18.48316
18.43092
18.40188
18.35137
18.37519
18.40704
18.39907
18.39236
18.50977
18.58939
18.57035
18.65979
19.17177
19.44015
19.42245
19.34724
19.25225
19.18324
19.12040
19.08334
19.04520
19.01494
18.97023
18.92361
18.89167
18.84550
18.78935
18.75693
18.71813
18.68626
18.64327
18.59249
18.54248
18.49023
18.45528
18.46982
18.46600
18.39901
18.34018
18.27735
18.22802
18.17435
18.37356
18.53319
18.40174
18.26259
18.16392
18.09627
18.04278
18.00160
17.95533
17.91030
17.87619
17.84402
17.82808
17.82872
17.75180
17.81213
18.20126
18.29130
18.13050
17.99949
17.91731
17.86521
17.81575
17.77841
17.78090
17.77116
17.75711
17.89627
18.25068
18.36295
18.22781
18.12534
18.01751
17.97562
18.00016
18.56638
19.84359
21.64079
24.24121
27.37280
29.76369
31.09257
31.61929
32.11821
32.56506
32.86944
33.11317
32.94966
32.42812
32.55393
32.36344
31.94062
32.50991
32.43037
32.21741
32.34761
31.68775
31.53823
31.14116
31.88644
31.74579
31.77564
32.50718
32.49967
33.00658
33.39800
33.31234
33.46280
33.50815
33.79435
33.42103
33.21814
33.53330
32.88989
32.15236
31.27714
31.86159
32.13452
31.25451
31.30428
31.45333
30.95395
30.88541
31.03078
31.14879
31.00906
31.14081
31.37475
31.44059
31.57645
31.42508
30.75645
31.25846
31.00801
30.39119
29.88199
30.03636
29.73456
29.43102
29.76516
29.84861
29.80039
29.29976
28.83425
28.45725
28.20582
28.29314
28.08538
27.68783
27.93071
28.05971
28.02464
27.93085
28.58673
28.00873
28.04061
28.91981
29.43073
30.13251
30.20022
30.25565
30.00917
29.68402
30.08597
30.32736
29.65929
28.92731
29.10215
28.91096
28.63810
28.20089
27.54254
27.20109
27.20167
27.11179
27.66900
27.64775
27.22031
26.86832
27.00233
27.41614
27.57728
28.52299
29.39318
29.63687
30.00841
30.65547
30.67901
31.29097
31.87169
31.70324
32.13266
32.82202
32.64955
32.56033
33.48400
33.15035
32.79787
33.00242
32.93181
33.14264
33.32421
32.44565
31.98350
32.25177
31.84146
31.59684
31.56628
31.24164
30.76606
30.57566
30.42988
30.53863
30.79098
31.15103
30.83928
30.94829
30.59763
30.72043
30.42976
30.30814
29.93967
29.60910
30.46384
29.82250
30.11964
30.14128
30.02304
30.00374
30.76199
31.16363
31.09119
31.07873
31.40128
31.74387
31.54629
31.27628
31.12366
31.05883
30.90223
31.11002
31.06046
30.73475
30.56559
30.55918
30.52014
30.49532
30.76587
31.94965
32.55606
32.41664
32.19860
32.39499
32.65275
33.54377
33.25224
32.67537
32.63233
32.56503
32.94231
32.99000
32.50166
32.55278
32.39910
31.82681
31.66669
31.91870
32.10001
32.08592
32.85057
33.59638
34.81863
35.46911
36.00430
36.25701
36.50877
36.02242
36.59027
36.45008
35.92432
35.98989
35.70513
35.39243
35.08650
34.77661
34.84343
35.24780
35.63274
36.31974
36.29479
36.43064
36.34849
36.52759
36.00297
35.82153
35.25896
35.05564
35.31094
34.80305
34.81294
34.53096
34.37928
34.08468
34.12064
33.67953
33.12673
32.83804
32.70304
32.56568
32.74024
32.60394
32.69681
32.36403
32.50014
33.28772
33.67814
33.96250
34.74726
35.08797
35.02234
35.42073
35.36943
34.57545
34.42702
34.17183
34.21830
34.05669
34.15670
33.98332
33.63021
33.59802
32.69854
32.55164
32.82267
33.03005
32.98993
33.05541
33.15775
33.97305
34.72190
34.82050
34.81004
35.24846
34.10867
34.40998
34.59494
34.36341
34.67178
34.44372
34.62692
34.44779
33.98553
33.42577
33.60159
33.52611
34.11524
34.63275
33.53903
33.90520
33.71125
33.53810
33.32100
33.25053
33.86946
34.97266
35.59938
35.37661
34.92533
34.58775
34.81659
35.12934
35.31931
35.01191
34.70869
34.54981
34.42677
34.31063
34.25074
34.44639
34.79563
34.28911
34.52906
35.05665
35.80000
37.56400
38.66746
38.73386
39.53601
39.85810
39.75564
40.31135
41.06896
41.34095
41.50545
40.98253
41.63997
41.28492
41.02831
41.62624
40.93126
40.92448
40.71834
40.83072
41.03373
40.84708
40.68293
39.89638
38.75444
39.05597
39.59012
39.38020
40.58333
40.37011
40.05352
40.04986
41.30032
41.58363
41.74959
42.72847
43.88803
44.45133
45.13644
45.03413
45.20829
45.21148
45.15383
45.30530
45.43504
45.73124
44.61682
44.40348
44.03757
41.76690
42.93949
44.14041
43.86835
43.30701
43.26812
42.61237
42.24041
41.67092
41.32540
40.79329
40.75223
41.38226
39.10360
38.93281
38.92354
38.63767
37.75560
38.24318
38.10136
37.89178
37.43659
37.65690
38.07457
38.34342
38.62074
38.44622
40.36682
39.80056
38.09502
38.89536
39.39930
40.35129
40.61825
40.71273
40.04297
39.62607
39.36403
39.10052
39.26313
39.10024
37.78043
37.32070
37.26196
36.78517
37.03252
36.69377
37.58447
32.01276
28.99996
29.78148
29.01186
29.52242
28.95400
28.82892
29.24894
30.08666
30.21551
30.45201
30.58577
30.59666
30.49939
30.61172
30.93290
30.92187
31.34237
31.38328
31.06564
31.22151
30.69911
31.10752
31.59859
32.94002
32.70354
32.40396
31.30223
31.12039
31.17398
31.28986
30.54651
30.55750
30.32950
30.14845
30.20976
30.54921
30.87847
29.88222
30.52342
30.40529
30.43938
30.04219
30.06776
30.49045
30.24226
30.24846
30.56914
30.81567
30.77531
30.83791
31.03407
30.64839
30.28117
30.18985
30.30388
30.55985
30.43936
30.58436
30.82053
30.70533
31.21214
31.21387
31.21887
31.29488
30.52507
30.44734
30.71940
29.60844
31.42066
31.82678
28.97511
30.04002
29.63650
29.86436
30.09823
29.80433
29.91300
30.24392
29.97743
29.89241
29.92176
28.69905
28.25446
28.43899
28.70218
28.92787
30.23113
30.91409
31.32497
31.15258
30.03978
28.55928
31.92818
32.44570
29.80854
29.12945
29.41439
28.96188
28.87167
29.60337
31.52504
30.84691
31.59892
31.46086
31.91347
32.05891
31.71239
31.58608
31.04349
30.86931
30.09913
29.90824
29.70117
29.78725
29.61227
28.61682
29.17078
28.37555
28.63521
28.05382
30.16106
29.79452
28.67168
28.38657
27.83272
28.23240
28.35951
28.32645
28.18697
28.11544
28.08081
28.33077
28.93923
28.83484
29.65823
30.38977
29.92025
30.13594
29.35077
29.81733
28.69176
29.69901
32.20668
31.30297
28.47598
27.35570
30.17951
31.90616
31.50896
31.92017
32.02256
30.92367
29.69794
30.19446
29.31449
30.08705
31.48227
32.74012
33.14947
33.24472
35.04276
35.57675
35.05167
33.36875
33.03225
31.30322
30.02574
29.28142
30.46612
29.31674
31.40928
33.24531
32.66892
32.92614
32.25228
33.11860
30.85269
30.25257
31.83627
30.58729
32.00963
32.41939
32.49087
32.32053
32.64559
32.59760
32.23933
31.60365
31.61914
32.27125
33.16318
33.45956
31.79630
31.27480
31.87158
31.43242
30.78742
29.63174
30.82743
30.79600
29.46278
29.38398
29.37203
28.96518
31.92851
33.07907
34.60459
33.91619
34.57199
34.67320
34.69401
34.72088
34.82594
34.64025
34.59497
34.78044
34.91525
34.83614
34.83544
34.82144
34.65690
34.91063
34.75780
34.53679
34.52651
34.59553
34.59097
34.45263
34.48827
34.35129
34.30307
33.99066
34.00918
33.81973
32.85632
33.07650
33.81322
34.01871
34.19761
33.66236
33.68362
33.87973
33.79663
33.72814
33.43170
34.72170
35.77277
35.63350
36.48053
36.97830
36.93819
36.68414
37.24415
36.68258
36.42597
40.26172
32.88534
31.27873
32.67584
38.90082
43.68847
39.58900
37.87416
38.83412
38.61779
38.40574
38.11138
38.03826
37.89722
37.74237
37.44992
37.26979
37.16634
37.17086
37.13318
37.13513
36.95376
36.87290
36.73871
36.68763
36.65678
36.61529
36.51944
36.43859
36.35479
36.29942
36.21519
36.17460
36.09927
36.04551
35.97421
35.91385
35.84638
35.80304
35.72901
35.66357
35.59461
35.55072
35.49666
35.44880
35.38994
35.34596
35.29882
35.26327
35.20973
35.16711
35.10502
35.11307
35.47262
35.47773
34.97426
34.79800
34.76894
34.69195
34.65762
34.62511
34.58492
34.54176
34.52904
34.51272
34.44582
34.47231
34.57075
34.44208
34.38808
34.32585
34.31223
34.30973
34.62638
34.99249
34.76573
34.28085
34.42288
34.14113
34.29963
34.54324
34.15284
34.25276
34.11533
34.07769
33.99764
34.24450
34.34234
34.28456
34.15826
34.09995
34.02010
34.00443
33.94935
33.93490
33.86846
33.87149
33.81177
33.80126
33.73279
33.74731
33.67854
33.69837
33.59598
33.90623
33.97813
33.92256
33.71044
33.88908
33.92229
33.63480
33.45797
33.50203
33.51088
33.55103
33.44937
33.50180
33.66762
33.64556
33.40419
33.47667
33.29910
33.39679
33.22265
33.33747
33.12744
33.28868
33.04881
33.25054
32.94794
33.23927
32.83977
