7.42275
6.98806
7.31202
7.02346
7.23678
7.03839
7.16988
7.01215
7.12295
6.99990
7.09109
6.99415
7.04964
6.96327
7.01418
6.93406
6.97318
6.90500
6.94361
6.88652
6.91648
6.87480
6.90598
7.00418
7.22103
7.30975
7.38733
7.37635
7.37497
7.33362
7.31165
7.30237
7.39037
7.42761
7.44312
7.41319
7.39300
7.36594
7.35751
7.29614
7.27831
7.24284
7.22773
7.19589
7.20819
7.17809
7.16794
7.15789
7.14320
7.13228
7.10898
7.12629
7.14062
7.15704
7.15824
7.14509
7.14931
7.12408
7.09252
7.08399
7.11070
7.26368
7.41889
7.50394
7.54200
7.54728
7.54428
7.54125
7.69568
7.90863
8.03150
8.08239
8.07961
8.04623
8.00111
7.95554
7.89817
7.85469
7.80697
7.76988
7.73630
7.70424
7.67209
7.64356
7.61508
7.59434
7.59889
7.60529
7.59310
7.57800
7.58728
7.60407
7.60099
7.58725
7.56237
7.53527
7.50697
7.48133
7.45618
7.44054
7.44608
7.45931
7.54583
7.72974
7.87324
7.92678
7.94610
7.95380
7.91979
7.88888
7.87408
7.86774
7.85762
7.85096
7.86862
7.92565
8.01533
8.05869
8.06610
8.05431
8.00256
7.95878
7.99028
8.00017
8.32402
8.78887
9.04744
9.19583
9.21790
9.24225
9.19413
9.21789
9.21348
9.14921
9.07602
9.15985
9.32545
9.39316
9.37854
9.39806
9.55608
9.67427
9.67183
9.61253
9.50956
9.42651
9.39272
9.34572
9.30929
9.26561
9.30116
9.32865
9.34349
9.34502
9.46811
9.57847
9.66026
9.87267
9.97137
9.93024
9.77433
9.68724
9.57304
9.51151
9.47808
9.44556
9.44936
9.46178
9.25071
9.25200
9.41382
9.44558
9.35904
9.26640
9.32397
9.39643
9.49427
9.52689
9.59318
9.55198
9.38583
9.36303
9.26046
9.65135
9.85717
10.10557
10.22644
10.32738
10.36758
10.24548
10.22424
10.37446
10.59404
10.67153
10.66413
10.75116
10.69584
10.58021
10.52492
10.51833
10.63199
10.65730
10.63312
10.63619
10.69652
10.75416
10.75809
10.83910
10.80563
10.82522
10.51990
10.44082
10.52455
10.64776
10.98066
11.09081
11.13640
11.07249
11.04430
11.07500
11.11657
11.18405
11.13107
11.01051
10.95042
10.90777
10.83699
10.75435
10.73082
10.75346
10.73158
10.68621
10.66509
10.66607
10.62460
10.62175
10.58094
10.54605
10.61889
10.61167
10.62486
10.67490
10.66056
10.52348
10.54006
10.65763
10.65444
10.59635
10.55110
10.74250
11.10158
11.26489
11.40972
11.43918
11.36449
11.33048
11.26916
11.26784
11.30247
11.52448
11.68090
11.73787
11.67268
11.70114
11.80007
11.87546
11.89365
11.97381
12.08598
12.00373
11.89197
11.83959
11.77040
11.70214
11.62371
11.58015
11.30916
11.27168
11.16005
11.19467
11.10898
11.13228
11.22912
11.19618
11.21022
11.26612
11.30931
11.26564
11.02529
11.25344
11.24417
11.30472
11.38038
11.44354
11.42633
11.39033
11.38036
11.35656
11.30600
11.29294
11.28243
11.26923
11.21781
11.28113
11.15512
11.12437
11.13341
11.21613
11.21751
11.12110
11.31657
11.39877
11.58085
11.64244
11.59883
11.65224
11.85071
11.97812
12.18196
12.14532
11.95141
12.07277
12.01752
12.16356
12.08646
12.07351
12.15717
12.12335
12.24206
12.23067
12.25694
12.18046
12.11837
12.05758
12.15333
12.13637
12.08136
12.00465
11.94995
12.00795
12.11640
12.27502
12.34799
12.33810
12.40821
12.53869
12.73627
12.80917
12.76048
12.64975
12.82609
13.07482
13.19190
13.15063
13.04118
13.06333
13.25908
13.31726
13.27939
13.37011
13.33097
13.42222
13.14252
12.70912
13.03912
13.33194
13.62807
13.51745
13.62996
13.86734
14.27040
14.15173
13.20793
12.99444
13.14087
13.37400
13.73649
13.13164
13.26536
13.37436
13.49699
13.79748
13.73357
13.85075
13.85572
13.91226
14.12753
14.32765
14.34252
14.37999
14.32610
14.59401
14.81942
14.90692
14.83074
14.70223
14.48959
14.32735
14.46584
14.73824
14.78134
14.74397
14.61208
14.58714
14.61896
14.56774
14.47425
14.35289
14.21943
14.10149
13.98638
13.87727
13.79322
13.71354
13.63154
13.54625
13.50495
13.44484
13.35915
13.35327
13.46115
13.51948
13.54263
13.49098
13.49134
13.49945
13.50426
13.44848
13.36567
13.30871
13.22848
13.15997
13.10642
13.06070
13.00463
12.95673
12.90768
12.85634
12.81629
12.77373
12.73716
12.70315
12.66030
12.61876
12.58093
12.54405
12.52155
12.53355
12.54277
12.51793
12.48958
12.44554
12.42432
12.41728
12.38655
12.38093
12.38107
12.35787
12.35873
12.34283
12.31517
12.29163
12.25005
12.22385
12.24295
12.32471
12.39632
12.48216
12.49610
12.49738
12.45386
12.41916
12.38457
12.35270
12.32142
12.27439
12.24210
12.20885
12.20561
12.18712
12.13574
12.12055
12.13441
12.15245
12.15890
12.13580
12.11630
12.09282
12.06567
12.04934
12.07199
12.10800
12.11354
12.10975
12.16627
12.44511
12.71024
12.87879
12.97840
12.96846
12.89881
12.82022
12.76089
12.71557
12.64941
12.61667
12.56752
12.52039
12.46404
12.40676
12.43450
12.73979
13.01239
13.09186
13.08910
13.04074
12.94160
12.84179
12.75728
12.69395
12.65316
12.59187
12.52477
12.47522
12.42345
12.37226
12.32330
12.31590
12.32893
12.31590
12.28784
12.25446
12.19434
12.16057
12.12163
12.07672
12.04166
11.98765
11.95096
11.91005
11.87596
11.83849
11.80988
11.77504
11.75717
11.77121
11.77112
11.75268
11.72513
11.69074
11.65827
11.61763
11.59015
11.55362
11.51273
11.48195
11.44788
11.41743
11.38678
11.36127
11.32971
11.30201
11.28262
11.26584
11.24758
11.23809
11.22458
11.24483
11.28307
11.30060
11.28419
11.26422
11.22918
11.22782
11.18071
11.13824
11.11361
11.11132
11.09598
11.07670
11.06609
11.04986
11.02778
11.01129
11.00961
10.96926
10.95172
10.92463
10.90321
10.91134
11.00627
11.09671
11.15644
11.26017
11.39613
11.46932
11.50933
11.53406
11.54911
11.57437
11.57890
11.57638
11.54721
11.51148
11.49346
11.46697
11.43938
11.41647
11.38434
11.32962
11.27538
11.35929
11.63270
11.81387
11.93083
12.06590
12.16442
12.18399
12.15917
12.10158
12.04134
12.04810
12.22717
12.41049
12.50112
12.56950
12.59339
12.56426
12.63974
12.84699
12.96518
13.03925
13.05665
13.00699
12.90916
12.78788
12.67010
12.57586
12.49176
12.41980
12.35726
12.30162
12.24805
12.19411
12.14649
12.10518
12.05398
12.01776
11.96911
11.90882
11.87392
11.83275
11.79827
11.75344
11.71872
11.67919
11.64670
11.61212
11.57914
11.54576
11.53636
11.48141
11.45358
11.41993
11.39306
11.36655
11.34560
11.34360
11.62203
12.16427
12.73502
13.19174
13.46944
13.57291
13.53831
13.43806
13.30610
13.25890
13.22236
13.16125
13.15955
13.23238
13.25444
13.25062
13.20553
13.11608
13.05133
13.02614
13.02434
13.00771
12.99979
12.96559
12.91495
12.85056
12.79401
12.72986
12.67345
12.62559
12.57716
12.53740
12.50715
12.46490
12.42437
12.40915
12.42273
12.41417
12.41487
12.36396
12.34087
12.29991
12.29034
12.31004
12.33153
12.31676
12.27512
12.25091
12.21885
12.22679
12.25646
12.29604
12.31281
12.27574
12.25161
12.21712
12.21088
12.18861
12.13908
12.12658
12.12339
12.13581
12.12213
12.15027
12.19653
12.26459
12.51578
12.82866
13.04110
13.18054
13.14717
13.13117
13.15390
13.12559
13.06928
13.00847
12.96363
12.93203
12.90990
12.91142
12.87322
12.84460
12.82511
12.77877
12.75678
12.74682
12.75023
12.73260
12.70890
12.68900
12.65890
12.64693
12.64765
12.62198
12.60826
12.58644
12.67209
12.94207
13.16535
13.27658
13.30586
13.28418
13.25814
13.19289
13.15271
13.08540
13.02658
13.01543
13.04479
13.03545
13.00995
12.97707
12.92580
12.88245
12.83511
12.81878
12.77633
12.72559
12.69294
12.66921
12.63647
12.59737
12.58614
12.55125
12.51280
12.49411
12.46764
12.46376
12.46455
12.46465
12.45302
12.44610
12.42790
12.41580
12.37851
12.34523
12.31832
12.29544
12.27280
12.27618
12.25027
12.24401
12.23428
12.22520
12.21409
12.17061
12.16191
12.14203
12.13056
12.11820
12.11094
12.09103
12.07478
12.04926
12.04470
12.03657
12.03238
12.01789
11.99584
11.96551
11.95957
11.93474
11.91154
11.89665
11.88313
11.86279
11.85907
11.84591
11.82806
11.83159
11.81345
11.79434
11.76697
11.75460
11.73456
11.72197
11.70439
11.69427
11.68206
11.67294
11.65179
11.64194
11.63097
11.60673
11.62561
11.65323
11.66113
11.70184
11.79855
11.89027
11.95297
11.98307
11.98324
11.96707
11.95345
11.92116
11.89516
11.86349
11.84812
11.80676
11.80820
11.77569
11.73830
11.72029
11.69816
11.67603
11.65897
11.66244
11.72498
11.83274
11.87592
11.88777
11.86853
11.83796
11.79843
11.77362
11.75298
11.74911
11.72615
11.75487
11.88915
12.06541
12.15159
12.21766
12.20176
12.20818
12.15196
12.13633
12.06894
12.05508
11.98749
11.98724
11.92064
11.93614
11.95966
12.11868
12.11991
12.18246
12.09857
12.13575
12.03805
12.14356
12.03589
12.12529
12.00785
12.13063
11.96012
12.10726
11.89091
12.10117
11.79669
