12.84974
12.18582
12.73605
12.27997
12.70204
12.45919
12.77195
12.53898
12.71192
12.45359
12.73625
12.67423
12.81548
12.66075
12.75097
12.61582
12.69105
12.61426
12.69990
12.59639
12.66194
12.59349
12.61633
12.55308
12.62476
12.60508
12.61927
12.55637
12.56497
12.56746
12.70525
12.71948
12.69651
12.70397
12.72937
12.77759
12.81101
12.81626
12.92500
12.97465
12.99318
13.00214
12.98965
12.93026
12.89386
12.86443
12.82963
12.80044
12.81004
12.81393
12.80234
12.80553
12.81155
12.79421
12.77449
12.75687
12.74240
12.72360
12.71065
12.69373
12.69526
12.68474
12.67404
12.67753
12.65954
12.65954
12.66517
12.65516
12.63444
12.61305
12.59282
12.58964
12.59600
12.59538
12.58885
12.56713
12.55537
12.53607
12.51508
12.51336
12.49745
12.48043
12.46652
12.49615
12.51662
12.50235
12.47400
12.43369
12.39675
12.37360
12.34382
12.32807
12.32192
12.29862
12.27691
12.25286
12.22517
12.20786
12.18995
12.16594
12.14113
12.11474
12.10801
12.08527
12.05548
12.03479
12.01888
12.00840
12.01056
11.99088
11.96856
11.95445
11.92931
11.90434
11.89549
11.88376
11.86214
11.84618
11.82714
11.81020
11.78363
11.76664
11.74914
11.72219
11.68654
11.65725
11.64778
11.63292
11.62153
11.58893
11.55857
11.54392
11.53397
11.52022
11.50494
11.47905
11.44666
11.41864
11.39343
11.37757
11.35868
11.34506
11.32460
11.29282
11.26858
11.24076
11.21326
11.20227
11.20229
11.18972
11.17616
11.17589
11.15762
11.13369
11.11149
11.09249
11.07070
11.05440
11.04524
11.02652
10.99890
10.98133
10.96446
10.94661
10.92525
10.91480
10.89639
10.87087
10.84414
10.83120
10.81306
10.79589
10.77071
10.74978
10.72337
10.72921
10.76219
10.77585
10.76024
10.77227
10.77667
10.76862
10.74530
10.75810
10.76970
10.79306
10.83554
10.95280
10.96282
10.92311
10.99719
10.97238
10.91597
10.87444
10.84155
10.87173
10.96512
10.97797
10.95612
10.94562
10.96588
10.92853
10.89549
10.92591
10.90243
10.88640
10.90549
10.88232
10.87448
10.84864
10.82675
10.80260
10.77435
10.74209
10.73899
10.69841
10.70282
10.72566
10.72989
10.73224
10.73503
10.72929
10.69127
10.66086
10.67522
10.65925
10.68536
10.73861
10.75444
10.72835
10.74963
10.76223
10.75739
10.75348
10.74403
10.72310
10.70431
10.66551
10.66598
10.68222
10.70913
10.72183
10.72930
10.72397
10.70114
10.67688
10.62820
10.64226
10.65970
10.67877
10.68804
10.66644
10.65208
10.70006
10.70396
10.67990
10.64442
10.67548
10.66395
10.66954
10.68397
10.70950
10.67737
10.63559
10.59979
10.59761
10.59638
10.61960
10.60484
10.62666
10.64043
10.62205
10.62039
10.62087
10.61720
10.65644
10.66740
10.68029
10.64378
10.61132
10.62748
10.64376
10.62256
10.65038
10.67413
10.69389
10.69457
10.68425
10.66915
10.64936
10.63267
10.61677
10.59889
10.56941
10.54902
10.51994
10.53492
10.59965
10.63755
10.65641
10.63994
10.67655
10.67358
10.65258
10.63090
10.59948
10.56692
10.53866
10.51951
10.50198
10.46727
10.44901
10.43681
10.42012
10.39961
10.38562
10.36308
10.37332
10.39283
10.38892
10.38174
10.37369
10.36028
10.34975
10.38970
10.39512
10.37635
10.37043
10.37343
10.35981
10.36018
10.36369
10.44342
10.44776
10.45092
10.42362
10.41146
10.38031
10.38793
10.38899
10.40666
10.42922
10.43690
10.43817
10.43301
10.42647
10.39598
10.36376
10.33791
10.32375
10.29863
10.27021
10.27079
10.25049
10.23831
10.21260
10.19285
10.14916
10.18870
10.19791
10.17182
10.18975
10.22215
10.26866
10.35610
10.40843
10.42659
10.44948
10.42652
10.40864
10.40022
10.36238
10.34333
10.32104
10.29928
10.26389
10.25047
10.22644
10.22367
10.21228
10.22142
10.23652
10.22537
10.20854
10.19009
10.17618
10.19614
10.18500
10.17862
10.09028
10.07076
10.05629
10.06244
10.13230
10.13121
10.12061
10.09279
10.06862
10.05697
10.03761
10.03612
10.06408
10.06463
10.05541
10.09127
10.10868
10.09649
10.05806
10.04207
10.03520
10.01379
10.03252
10.01978
10.05359
10.09417
10.15200
10.18875
10.15871
10.12678
10.10372
10.08149
10.09989
10.13387
10.17005
10.17838
10.17479
10.18321
10.18394
10.19452
10.20154
10.21454
10.22760
10.18902
10.16696
10.16122
10.17527
10.16604
10.13473
10.16087
10.16990
10.16196
10.14092
10.12093
10.10867
10.09829
10.09159
10.08202
10.07188
10.06863
10.06083
10.04633
10.03099
10.01479
9.99982
9.98739
9.98309
9.99166
10.10987
10.26140
10.38786
10.52485
10.55967
10.49954
10.50819
10.61237
10.74838
10.88375
10.86535
10.79813
10.74366
10.69385
10.65462
10.63584
10.65264
10.64883
10.67469
10.72007
10.65976
10.70713
10.77843
10.83972
10.94734
10.95770
10.95668
10.92778
10.89131
10.87727
10.95922
11.11454
11.16114
11.14289
11.09992
11.06223
11.03075
11.04091
11.05084
10.98126
10.95996
10.88089
10.90042
10.92165
10.96494
10.95792
10.98279
11.00239
11.01337
10.99599
10.97800
10.90462
10.90353
10.92622
10.95491
10.93054
10.91288
10.91731
10.93890
10.98198
11.03108
11.05468
11.10976
11.13557
11.14126
11.10875
11.10458
11.08702
11.04646
11.02310
11.04659
11.02015
11.02168
11.05983
11.05564
11.05685
11.06644
11.07710
11.06089
11.02592
11.03207
11.01971
11.00664
10.97164
10.97583
10.98362
10.98199
10.96098
10.94878
11.01567
11.11292
11.14865
11.15323
11.21971
11.23477
11.25678
11.39883
11.49150
11.48608
11.38774
11.39026
11.36369
11.34593
11.25797
11.15173
11.20917
11.34777
11.45842
11.45721
11.47992
11.46191
11.42130
11.40360
11.39881
11.36496
11.31816
11.31441
11.35037
11.35531
11.35819
11.45168
11.47565
11.51101
11.46972
11.41195
11.44297
11.41100
11.38920
11.30290
11.36786
11.47635
11.54514
11.60583
11.85804
12.14868
12.29264
12.27826
12.22294
12.14761
12.06646
11.97017
11.91326
11.94945
11.88699
11.87613
11.83954
11.81058
11.76448
11.76245
11.78122
11.83329
11.95563
12.07904
12.11738
12.08876
12.03491
11.99978
11.94283
11.81243
11.78708
11.76263
11.82918
11.87388
11.94170
11.98780
12.03904
12.03819
12.01048
12.00492
12.00965
12.00496
11.97134
11.94457
11.91380
11.86284
11.79558
11.88303
11.88012
11.86650
11.83983
11.84736
11.83665
11.81303
11.80527
11.79481
11.86642
11.91513
11.91434
11.89246
11.82874
11.83519
11.83854
11.80211
11.79027
11.78038
11.77816
11.77437
11.77467
11.73410
11.68782
11.65381
11.64710
11.63000
11.62348
11.61552
11.59740
11.56762
11.54349
11.50144
11.48159
11.58952
11.69549
11.68955
11.70247
11.75806
11.71291
11.74585
11.76693
11.80504
11.78200
11.80346
11.97895
12.40274
12.70142
12.79414
12.76928
12.69270
12.60032
12.60495
12.77430
12.84297
12.83197
12.82504
12.82156
12.78987
12.72560
12.68720
12.63100
12.59473
12.58129
12.62083
12.66122
12.64227
12.65001
12.71873
12.83754
12.87083
12.93539
12.99953
13.01067
12.95379
13.06941
13.25601
13.27156
13.23808
13.13409
13.16630
13.28026
13.29333
13.23597
13.17726
13.12109
13.12986
13.24788
13.28509
13.21273
13.17332
13.12275
13.25790
13.58872
13.70733
13.72746
13.64710
13.58263
13.54472
13.46761
13.40799
13.35254
13.30409
13.29023
13.27696
13.32808
13.37121
13.36375
13.34470
13.30302
13.30716
13.44246
13.49794
13.50635
13.51854
13.47826
13.42871
13.53227
13.64638
13.71052
13.76750
13.72272
13.71962
13.66907
13.59279
13.58572
13.57889
13.55349
13.56901
13.52558
13.51575
13.50521
13.50319
13.47897
13.47523
13.51710
13.54012
13.52969
13.47741
13.45866
13.42628
13.43246
13.42591
13.43101
13.39414
13.37663
13.36606
13.37325
13.33095
13.32286
13.38612
13.39446
13.40325
13.39983
13.39929
13.39126
13.39571
13.41662
13.43649
13.52508
13.71634
14.11562
14.35864
14.42383
14.42405
14.36066
14.34652
14.31064
14.27413
14.11718
14.10775
14.13495
14.07969
13.99113
13.87566
13.78339
13.76313
13.81841
13.95432
14.02572
14.05803
14.11025
14.10721
14.12974
14.15315
14.14931
14.16577
14.18976
14.16733
14.13166
14.03544
13.94331
13.94192
13.89434
13.75472
13.63351
13.64938
13.78324
13.84834
13.84494
13.85069
13.80989
13.78219
13.78589
13.68540
13.59298
13.56901
13.58269
13.56910
13.70457
13.69618
13.69064
13.73271
13.74383
13.77454
13.80882
13.82939
13.83385
13.61009
13.81628
14.13885
14.09090
14.06569
14.05218
14.04524
14.03629
14.05352
14.14781
14.20260
14.18050
14.16360
14.12253
14.24627
14.31661
14.32551
14.32234
14.28753
14.23377
14.18606
14.13833
14.09603
14.05819
14.02866
14.00240
13.98278
13.95269
13.92545
13.89957
13.87516
13.85223
13.82720
13.80372
13.78433
13.76275
13.74004
13.71468
13.69137
13.67365
13.65983
13.66375
13.65777
13.64935
13.62732
13.60542
13.58121
13.55420
13.53636
13.51550
13.49589
13.47745
13.46281
13.45811
13.48363
13.65190
13.81140
13.87918
13.88600
13.83954
13.77994
13.73027
13.69340
13.65157
13.61225
13.57731
13.54321
13.51107
13.48609
13.45910
13.43341
13.40971
13.38655
13.37221
13.35704
13.33512
13.31032
13.28398
13.25739
13.23999
13.22834
13.21285
13.19605
13.17644
13.15277
13.13184
13.10502
13.08285
13.05744
13.04179
13.01519
13.01001
13.00539
13.01432
13.00433
13.01119
12.98514
12.97817
12.93579
12.92812
12.88377
12.88559
12.84296
12.86523
12.82934
12.85059
12.79868
12.83574
12.80540
12.86368
12.88230
12.99964
12.94711
13.00924
12.90870
12.97068
12.84946
12.91458
12.77640
12.86973
12.70744
12.82782
12.64783
12.78376
12.66623
13.13570
12.98365
13.27878
12.88173
13.22565
12.65647
