28.73755
27.04277
28.14811
27.04351
27.76097
26.98934
27.59438
27.01075
27.44851
27.14335
27.72309
27.38230
27.63360
27.37269
27.66209
27.38638
27.55140
27.29639
27.43492
27.36471
27.57806
27.39485
27.44783
27.26576
27.33459
27.21460
27.28956
27.17829
27.21069
27.09486
27.11050
27.02901
27.07151
26.99780
27.00541
26.93109
26.93504
26.88583
26.90033
26.85169
26.83248
26.78213
26.76833
26.73459
26.71888
26.69160
26.68274
26.71513
26.73414
26.71272
26.67622
26.64098
26.61001
26.58531
26.55694
26.52988
26.51134
26.48872
26.46177
26.43524
26.41100
26.39262
26.38168
26.36871
26.34389
26.33123
26.31197
26.30339
26.34946
26.37083
26.35162
26.33129
26.29964
26.27869
26.23772
26.21199
26.20043
26.36159
26.53666
26.56355
26.51893
26.44292
26.38449
26.33312
26.28964
26.25114
26.21860
26.18876
26.15582
26.12230
26.09391
26.07454
26.12433
26.22491
26.27641
26.26478
26.23234
26.19367
26.15500
26.12015
26.08819
26.05846
26.02794
26.00071
25.97403
25.94421
25.91331
25.88699
25.86756
25.86241
25.83904
25.83002
25.83238
25.82737
25.81406
25.78814
25.76291
25.73936
25.72943
25.74145
25.73577
25.71157
25.71632
25.84111
26.24987
26.77550
27.16789
27.69943
27.90458
28.03654
28.03398
28.52650
28.48397
28.70804
29.06315
28.77972
28.74199
28.69728
28.26399
28.37728
28.79154
29.01752
29.07404
29.20329
29.10552
29.75477
29.93714
30.01331
29.70320
29.19239
29.19941
29.45679
29.72177
29.86693
29.70070
29.26484
29.08981
29.30616
29.07390
29.18825
29.35582
29.14644
29.22413
29.03499
29.03110
28.85868
28.79408
28.78848
28.53224
28.26401
29.05727
29.25668
29.52230
29.65427
29.55099
29.40388
29.58107
29.59732
29.50821
29.46647
29.40257
29.19719
28.98220
29.43633
30.03096
30.19215
30.12201
30.21173
30.06351
29.71011
29.53757
29.71555
29.92358
29.98867
30.17247
30.68043
30.66115
30.68628
30.63759
30.66896
30.61685
30.50992
30.14797
30.20079
30.10320
30.24029
30.42435
30.28074
30.33646
30.41840
30.82333
31.30806
30.87836
30.94733
31.19630
31.09390
31.05389
30.98223
31.00619
30.99327
30.98934
30.89674
31.06256
31.37139
31.34436
31.54735
32.18220
32.29643
32.25741
32.05622
31.98976
32.04490
31.86082
31.78650
31.90753
32.06771
32.17661
32.12392
32.04106
31.90593
32.10194
32.37723
32.49783
32.25943
31.91904
32.15520
32.00151
32.22511
32.30372
32.49028
32.35695
32.29831
32.08258
33.38833
33.12401
32.87004
33.31249
33.18872
33.62458
34.32928
34.25267
34.19887
34.30116
34.45167
34.13061
34.30211
34.14733
33.90661
33.68291
33.87958
33.98697
33.69047
33.70521
33.45130
33.62787
33.81003
33.85760
33.80840
33.96454
33.94442
34.16954
33.92275
33.70087
33.54287
33.93012
33.69687
33.74864
34.73111
34.39752
34.27183
34.34468
34.21136
34.08117
33.98318
34.05926
34.27611
34.21122
34.15225
34.07828
34.07691
34.04782
33.96527
34.03290
34.12502
33.46968
33.68650
34.13369
33.81220
33.59305
34.17271
34.06878
34.09388
34.60312
34.71761
34.77638
34.72900
34.62715
34.44349
34.28863
34.06348
34.14972
34.16541
34.40237
34.16918
34.10303
34.12185
34.08984
34.05413
34.13268
34.31581
34.35079
34.19113
34.07914
34.09908
33.80474
33.46211
33.42947
33.31946
33.29902
33.18242
33.18163
33.20746
33.18131
33.23225
33.11238
32.97053
32.91809
32.71666
32.91284
32.71761
32.53572
32.52305
32.68145
32.85874
32.66106
32.59047
32.48461
32.45147
32.38872
32.33584
32.25545
32.21270
32.13781
32.14084
32.06324
32.20089
32.15505
31.93782
32.07037
32.05310
32.14276
32.18296
32.09473
32.38584
33.18514
33.52448
33.50906
33.32298
33.13414
32.95020
32.82326
32.71056
32.63091
32.51624
32.47937
32.49292
32.42742
32.36145
32.30490
32.25750
32.38704
32.48737
32.29413
32.33128
32.32205
32.24108
32.17845
32.12697
32.08617
32.00603
31.95542
31.95237
31.98710
31.96439
31.92403
31.86703
31.83641
31.84490
32.19205
32.27713
32.28562
32.27085
32.24855
32.23693
32.23253
32.21495
32.23689
32.17578
32.11123
31.99935
31.88678
31.75135
31.70236
31.66241
31.63784
31.66585
31.63206
31.64591
31.60356
31.60072
31.55497
31.53986
31.51346
31.50736
31.48035
31.46203
31.41007
31.36522
31.29153
31.10229
31.06876
31.04432
31.08237
31.19109
31.06552
31.21544
31.27394
31.20414
31.14318
31.08960
30.97002
30.85504
30.85358
30.77823
30.70442
30.65463
30.56127
30.52270
30.72155
30.76572
30.81812
30.82714
30.82794
30.88847
30.91393
30.90837
30.88352
30.89895
30.93120
31.05702
31.30716
31.69258
31.86456
31.81776
31.69118
31.94807
32.15975
32.06839
31.99911
31.88817
31.74672
31.98952
32.68975
33.29745
33.78950
34.29491
34.27964
34.20551
33.87165
33.82058
33.92469
33.55123
33.70145
33.54208
33.54171
33.43995
33.41994
33.58872
33.36199
33.47552
33.39962
33.36619
33.22728
33.41817
33.59369
33.37399
33.25392
33.42408
33.74831
33.85341
33.78851
33.65349
33.66066
33.41487
33.45956
33.35948
33.20626
33.15621
33.52868
33.48810
33.43706
33.26461
33.40647
33.23717
33.38727
33.51311
33.67150
33.74621
33.82316
33.73227
33.75080
33.69048
33.56501
33.47048
33.41408
33.39975
33.44362
33.51722
33.36360
33.38403
33.22727
32.97534
33.64939
33.79413
33.70131
33.60855
33.43922
33.42159
33.13119
33.16459
33.61349
33.63641
33.41056
33.23402
33.24488
33.37494
33.29519
33.26625
33.28592
33.33497
33.33656
33.28034
33.24408
33.20946
33.26389
33.35763
33.38252
33.33928
33.36040
33.34735
33.34501
33.27360
33.13318
33.03338
33.07729
33.12136
33.11294
33.14163
33.11341
33.03360
32.98853
32.96404
32.93471
32.92789
32.87528
32.75243
32.73087
32.58816
32.58661
32.58585
32.68159
32.95735
32.97355
33.01918
33.04666
33.00558
32.87575
32.77017
32.62941
33.25452
33.90184
34.13849
34.06475
33.97513
33.86891
33.79845
33.63092
33.69474
33.72045
33.72430
33.74110
33.60432
33.74039
33.85484
33.75461
33.59519
33.68591
33.86894
34.00497
33.85435
33.47298
33.80805
33.89806
33.80871
33.77429
33.60611
33.60252
33.62226
33.31638
33.24864
33.29531
33.34566
33.73057
33.98080
34.11570
33.70589
34.35022
34.69512
34.65438
34.82171
34.54744
34.57118
34.53521
34.76924
35.17127
35.25587
35.44207
35.29477
34.99450
34.94720
35.02415
35.04424
35.09350
35.29666
35.18287
35.11559
35.12255
35.12060
35.26569
35.11172
35.28276
35.47932
35.43480
35.47171
35.31888
35.15378
35.81997
35.78986
35.72457
35.78669
36.15973
36.22441
35.99425
36.16730
36.07805
35.92729
35.71152
35.10543
35.09823
35.09056
35.22765
35.13508
35.14894
35.09710
35.10424
34.94047
35.19293
35.40658
35.45292
35.30378
35.12967
35.35319
35.41996
35.39777
35.96651
36.05031
36.25986
36.83157
36.74828
36.79351
36.76605
37.00841
37.00364
36.89943
36.91040
36.53250
36.73460
37.19473
37.19464
36.86935
36.76528
36.85873
36.74157
36.57477
36.63084
36.67931
36.35593
36.36199
36.70401
36.85834
36.94247
36.91727
36.67681
36.35231
36.33626
36.48645
36.56103
36.54499
36.48160
36.36962
36.26176
36.23158
36.12710
36.06770
36.06099
36.20136
37.33420
38.26235
38.46041
38.31165
38.00406
37.70227
37.63951
37.72035
37.58003
37.46750
37.32130
37.21518
37.08931
37.08386
36.97608
37.08840
37.04905
36.97073
37.09690
36.92469
36.97553
36.97867
36.86784
37.03718
37.97378
38.80140
39.38513
39.37407
39.12311
38.77124
38.51262
38.24536
38.23444
38.84440
39.56206
40.06573
40.21807
39.99222
39.72182
39.45754
39.24793
39.06870
38.95440
38.86020
38.78253
38.69537
38.62169
38.53841
38.47155
38.39899
38.33611
38.29525
38.24734
38.17212
38.09692
38.01427
37.93966
37.86594
37.79390
37.71392
37.66299
37.60320
37.54049
37.47965
37.41563
37.34970
37.29315
37.24177
37.18530
37.12972
37.07572
37.01687
36.96014
36.90460
36.85106
36.80261
36.75337
36.70487
36.66109
36.61709
36.57103
36.52630
36.48642
36.45072
36.41437
36.37240
36.32860
36.28430
36.24858
36.20882
36.16563
36.12450
36.08244
36.05488
36.03683
36.00490
35.96438
35.92231
35.88572
35.84768
35.80726
35.76547
35.72936
35.69288
35.65221
35.61529
35.57524
35.54164
35.50386
35.46465
35.42471
35.38900
35.35649
35.31695
35.28036
35.23328
35.20124
35.17263
35.15370
35.11381
35.09145
35.04579
35.02508
34.97259
34.95669
34.90382
34.89053
34.83173
34.82498
34.75983
34.76050
34.68860
34.69828
34.61670
34.63197
34.54656
34.57505
34.48100
34.52002
34.40559
34.45993
34.32873
34.40176
34.25242
34.34463
34.17666
34.29411
34.10050
34.25173
34.01887
34.20897
33.92640
34.17076
33.81924
34.14729
33.70010
34.16220
33.52841
