35.43013
33.71155
35.05669
33.67477
34.53597
33.60601
34.37003
33.69056
34.22929
33.64211
34.21220
33.83639
34.11244
33.68909
33.97904
33.63395
33.85356
33.58285
33.75272
33.50794
33.69583
33.50486
33.58888
33.39721
33.46556
33.44903
33.86719
33.91337
33.96755
33.79831
33.80221
33.65545
33.65385
33.53780
33.53285
33.44274
33.42895
33.35374
33.35950
33.30580
33.29359
33.29586
33.36486
33.31870
33.26234
33.21092
33.17570
33.23382
33.28951
33.21265
33.15488
33.09285
33.04507
32.99035
32.94881
32.90168
32.86171
32.82370
32.82888
32.78378
32.74348
32.70327
32.66280
32.66416
32.68054
32.62960
32.61963
32.64704
32.62825
32.57775
32.55402
32.48152
32.47611
32.39759
32.75126
33.50670
33.66515
33.52457
33.40243
33.33172
33.27536
33.19781
33.24234
33.25059
33.29795
33.46632
33.50906
33.67840
33.58435
33.52503
33.45664
33.39896
33.43517
33.40458
33.30269
33.36306
33.54073
33.43114
33.64611
34.60921
35.22424
35.29941
34.97023
34.74794
34.59711
34.57519
34.91811
35.06772
34.91534
34.85735
34.77352
34.67208
34.60375
34.55506
34.44911
34.57689
34.64026
34.55317
34.41741
34.33096
34.23297
34.20387
34.29364
34.29365
34.25131
34.27968
34.10438
34.44633
35.49167
35.61563
35.50298
35.70573
35.80928
36.14921
36.72046
36.65587
36.43869
36.20397
36.08992
35.96376
35.84800
36.08348
37.01882
36.89687
36.60810
36.25830
36.23025
36.19310
36.41523
36.69622
36.48207
36.26151
36.47966
36.67289
36.47087
36.30522
36.44995
36.72220
36.50227
36.33329
36.20379
36.14901
36.09107
35.99891
36.02655
36.09355
36.02814
36.08537
35.98257
35.92643
36.04879
35.92601
35.82005
35.70410
35.64450
35.55656
35.60338
35.55210
35.76511
35.80944
35.71894
35.40547
35.30221
35.35510
35.97801
37.10662
36.97358
36.71930
36.34897
36.12374
35.93738
36.04897
36.33277
36.28596
36.09424
35.94970
35.88335
35.76723
36.02410
36.17657
37.50942
38.87022
38.61310
38.18713
37.80058
37.73980
37.45936
37.75653
38.82479
38.95226
38.69311
39.05526
38.94065
38.96558
38.92365
38.64720
38.44158
38.33027
38.18176
38.04777
37.90985
37.83151
37.75754
37.73038
37.44409
37.36670
37.30392
37.15144
37.02639
36.92865
36.84905
36.77607
36.74565
36.67474
36.63864
36.52122
36.70780
36.92868
36.79886
36.85324
36.72364
36.65603
36.56998
36.52209
36.43841
36.35968
36.48548
36.90383
36.92022
36.89392
36.79040
36.57493
36.51805
36.73509
36.70336
36.62297
36.60322
36.42968
36.33693
36.91287
37.19068
37.00612
36.76478
36.71621
36.77196
37.03107
37.05407
36.85008
36.58388
36.73153
36.62263
36.50089
36.36165
36.31229
36.30753
36.30654
36.23939
36.29061
36.33162
36.37239
36.07940
36.48308
36.94127
37.45457
38.55263
39.40536
39.66221
39.67404
39.68040
39.23691
39.00483
38.98839
39.18991
38.98650
38.80784
38.82028
38.75539
38.60583
38.52743
38.48047
38.61990
38.56543
38.55050
38.63319
38.74370
38.67389
38.47053
38.01867
38.04823
38.03249
38.00713
38.04280
37.92963
37.60904
37.32146
37.10292
37.32551
37.55116
37.42789
37.33521
37.25330
37.20853
37.15801
37.06001
36.85685
36.91904
36.87707
37.08134
37.15878
37.14212
37.12051
37.04900
36.78467
36.78114
36.80447
36.71479
36.70122
36.69559
36.61191
36.71918
37.19298
37.15521
37.02095
36.95508
36.89221
36.78324
36.71259
36.62848
36.61176
36.61673
36.59974
36.47218
36.41678
36.27599
36.61898
37.15594
37.02928
36.86234
36.85820
36.83270
37.16634
37.73844
38.04204
38.08282
37.91575
37.72862
37.64426
37.13621
37.17961
37.29358
37.13336
36.99340
37.04598
37.25445
37.02396
36.68613
36.77645
36.90745
36.75271
37.08193
37.34973
37.30097
37.49938
37.88348
37.81822
37.62682
37.89517
37.98596
37.96671
37.84597
37.95575
39.36440
40.11760
39.73293
39.63319
39.61419
39.73688
39.51717
39.25737
39.32681
40.04323
39.91857
39.96759
39.82035
39.76041
39.88883
40.47034
40.58041
40.41619
40.39332
40.03078
39.61966
39.82310
39.84773
39.67029
39.66136
39.44132
39.21791
38.73558
39.15676
39.49184
39.25850
39.30260
39.23778
39.07680
39.25224
39.15893
39.18068
39.06658
39.01813
39.08222
39.13564
39.18840
41.30732
42.82042
42.48350
42.07930
41.69124
41.45739
41.23631
41.16161
41.08367
40.88570
40.82492
40.51778
40.62899
41.01898
41.27824
41.53466
40.85385
40.83097
41.68207
42.96192
43.03702
42.73406
44.18505
44.32569
43.91912
43.53708
43.19485
42.93733
42.87944
42.88030
43.04683
42.91037
42.68008
42.45417
42.27214
42.08471
41.97963
41.71629
41.55470
41.43524
41.76584
42.55948
42.17792
42.38973
42.93173
42.71393
42.37771
42.18583
42.02819
41.91609
41.77400
41.65787
41.59402
42.04137
42.05710
41.78067
41.57325
41.49047
41.35721
41.41348
41.48961
41.25378
41.26315
41.35390
41.33115
41.28853
41.59830
41.58920
41.40553
41.15379
41.03576
40.99337
40.87780
40.83789
40.72545
40.48178
40.26175
40.23399
40.44008
40.42923
40.09582
39.67854
40.10282
40.34737
40.66498
41.40496
42.41239
42.58571
41.93563
41.66682
41.73086
41.14439
41.01808
41.36787
41.37047
41.19761
41.07600
40.91674
40.54133
40.62651
40.70234
40.70255
40.60820
40.58452
40.48215
40.40411
40.33328
39.97603
40.05488
39.75479
39.93814
40.26916
40.60862
40.71765
40.53388
40.35764
40.18818
40.05929
39.88342
39.80474
40.06587
40.01507
39.79982
39.71898
39.75373
39.96387
39.90361
39.78673
39.79302
39.58311
39.56535
39.35356
39.92791
40.90756
40.65599
40.26623
40.58523
41.37348
41.02916
40.73533
40.65497
41.03272
41.04169
40.66779
40.50549
40.35557
40.32610
40.12743
40.74266
41.31927
41.16489
41.34245
41.38367
41.30496
40.94296
40.93587
40.82796
40.72138
40.49109
40.37708
40.25033
40.19015
39.96205
40.36614
41.26479
41.00269
40.63390
40.57609
40.36204
40.11857
40.09592
40.00476
39.95206
39.82401
39.73173
39.58056
39.48630
39.30536
39.15911
39.10415
39.77340
40.31483
39.83755
39.90404
39.62385
39.83108
39.74552
39.23845
39.35860
39.44969
39.42320
39.78495
40.07960
40.35519
40.49976
40.30324
39.97872
39.56877
39.77316
40.28454
40.41557
40.71593
40.82891
40.56079
40.70382
40.97616
40.91738
40.58900
40.44553
40.20433
40.17502
40.07412
40.09236
39.71269
39.76535
39.72056
39.42904
39.72286
41.57568
43.24715
45.15723
45.95956
46.47963
45.79498
45.42623
45.00635
46.03375
47.18966
46.33449
46.06464
45.53750
45.32082
45.37699
45.24986
45.07676
44.75117
44.03893
43.85394
44.35594
44.60812
44.23625
44.01133
44.31469
44.18504
43.73945
43.48893
43.49367
43.37310
43.37498
43.23748
43.09120
42.64277
42.55358
42.63949
42.43898
42.25634
42.21641
42.76762
43.02060
42.92902
42.80414
42.77431
43.06600
43.68705
43.95544
44.01623
43.76730
44.78030
45.85797
45.23053
45.13644
44.90522
45.05760
45.01314
44.07056
44.12188
44.33255
44.26902
44.04511
44.01593
44.17156
43.65228
43.31868
43.16350
43.35731
43.25136
43.10869
43.32312
43.03277
43.86362
44.12425
43.65101
43.58773
43.38544
43.22588
43.04563
42.86445
43.28103
43.27322
42.85776
42.89908
42.36302
42.03695
42.39299
42.97183
41.83725
43.99123
46.36701
46.25751
46.56590
45.99976
45.91315
46.55846
46.71776
46.46337
46.47890
46.58878
47.28709
47.72387
47.67100
47.76981
47.82395
47.44946
47.09378
47.43226
47.56670
47.29750
47.33089
46.96310
46.76251
46.56652
46.42607
46.42388
46.45026
46.15626
47.34987
47.76440
47.56879
48.34061
47.99440
47.73864
47.72983
47.34029
47.03812
46.94042
46.62655
46.34458
46.29963
46.41442
46.95015
46.69306
46.34025
46.30137
46.17958
45.95747
45.84640
45.70616
45.62667
45.66739
45.58451
45.36727
45.26108
45.09393
45.31640
45.56089
45.31149
45.09995
44.95281
44.87562
44.78069
44.63068
44.69849
45.45457
45.42454
45.07682
44.86396
44.73693
44.66825
44.57993
44.47031
44.41817
44.33434
44.28375
44.21492
44.13015
44.07478
43.95579
43.84092
43.72257
43.67228
43.58649
43.46567
43.37805
43.34883
43.24665
43.12164
43.00627
42.89136
42.78666
42.67797
42.59833
42.51574
42.41474
42.31498
42.23387
42.16978
42.05223
41.95702
41.84726
41.75037
41.65113
41.56650
41.48159
41.56226
41.48025
41.51190
41.75779
41.72999
41.56964
41.76182
42.28850
42.25358
42.14778
42.09100
41.96025
41.85223
41.75301
41.65192
41.56343
41.47336
41.38879
41.34413
41.25928
41.18333
41.16883
41.06822
40.94874
40.83519
40.72893
40.62231
40.58427
40.63061
40.55279
40.44878
40.35674
40.27286
40.19767
40.13780
40.06335
40.13280
40.18601
40.12230
40.03202
39.92630
39.83791
39.75300
39.68521
39.58995
39.52066
39.42095
39.35642
39.29229
39.47529
39.61075
39.53923
39.46568
39.52324
39.97694
40.04517
39.90263
39.81304
39.77130
39.78121
39.73083
40.00699
40.17012
40.09226
39.96918
39.92515
39.87959
39.79158
39.70177
39.65051
39.56537
39.50787
39.40936
39.34821
39.24641
39.66570
39.68864
39.75288
39.82439
39.81060
39.94674
39.76513
39.75348
39.60956
39.63263
39.49707
39.58567
39.51126
39.47601
39.54578
39.65905
40.02292
42.00963
43.58476
44.99477
45.46802
45.38148
44.89298
45.88713
46.46539
46.36176
46.46632
47.26893
47.14427
46.91658
46.31209
47.10221
47.34074
47.59227
