7.42873
6.99741
7.31474
7.08205
7.35629
7.26631
7.48796
7.38889
7.59117
7.53195
7.64471
7.52611
7.58770
7.51082
7.61285
7.60454
7.66576
7.63618
7.74828
7.72220
7.75116
7.70289
7.69905
7.63084
7.64308
7.57301
7.57595
7.52446
7.60399
7.66202
7.74350
7.79709
7.79788
7.76669
7.74711
7.70200
7.69329
7.64680
7.61075
7.59827
7.55207
7.52599
7.53845
7.55513
7.55722
7.55140
7.53978
7.54019
7.55652
7.56260
7.57130
7.57840
7.57785
7.56722
7.54633
7.52602
7.51333
7.48962
7.47163
7.45681
7.44398
7.43232
7.41899
7.40268
7.39261
7.38354
7.37633
7.37791
7.38042
7.36461
7.36043
7.35850
7.35766
7.35471
7.37231
7.34452
7.31493
7.30500
7.30643
7.29533
7.39116
7.45895
7.47333
7.47939
7.44985
7.43949
7.42340
7.40649
7.38942
7.35439
7.33449
7.31863
7.30445
7.29105
7.27132
7.25517
7.24522
7.23758
7.23985
7.23178
7.22133
7.20476
7.19288
7.17404
7.17179
7.16166
7.14215
7.12734
7.12349
7.12306
7.11429
7.07345
7.05367
7.05268
7.04527
7.05074
7.04786
7.04821
7.03057
7.05815
7.10062
7.09825
7.11704
7.12006
7.11769
7.10417
7.09501
7.07346
7.06406
7.04375
7.04497
7.03798
7.00917
6.99758
7.00121
7.01015
6.99675
7.02155
7.02755
7.03528
7.04173
7.05220
7.04121
7.05173
7.05602
7.05068
7.02954
7.01756
6.99466
6.99326
6.96827
6.95955
6.96010
6.93696
6.91349
6.89928
6.88631
6.87805
6.85666
6.87168
6.83616
6.83099
6.82443
6.87595
6.98347
7.67009
8.45114
8.93088
9.26940
9.52169
9.72121
9.87230
10.00726
10.11834
10.27540
10.32338
10.29844
10.22607
10.16320
10.14293
10.03092
10.23403
10.79247
11.39931
11.96820
12.13496
12.31879
12.70037
12.78314
12.68713
12.70184
12.46520
12.37183
12.31310
12.20617
12.19412
12.12139
11.98427
12.18549
12.76258
13.29631
13.71097
13.83039
13.73075
13.47261
13.23255
13.16178
13.03408
13.47786
14.03163
14.24240
14.18360
14.03152
13.78889
13.56078
13.44387
13.40158
13.39902
13.58700
13.76420
13.72438
13.63057
13.49476
13.37358
13.21839
13.14366
13.18260
13.72048
14.40246
14.66209
14.61923
14.48557
14.31414
14.09766
13.86827
13.69094
13.57847
13.45189
13.34409
13.24735
13.07553
12.98808
12.97653
13.09042
13.21018
13.29339
13.23975
13.22812
13.36014
13.56827
13.96622
14.22041
14.23358
14.20671
14.08857
14.05382
13.98117
13.91656
13.89442
13.90231
13.88544
13.91135
13.96652
13.97023
13.92861
13.90576
13.91022
13.87219
13.87332
13.87065
13.88039
14.20030
14.46060
14.52193
14.52991
14.48253
14.49362
14.36942
14.25558
14.17958
14.15147
14.09098
14.01302
13.99499
14.56702
15.46498
15.66160
16.03933
16.25957
16.13760
15.88077
15.65058
15.43921
15.24011
15.03808
14.86250
14.74689
14.67266
14.61275
14.57441
14.51284
14.52410
14.58585
14.55160
14.49425
14.46752
14.46930
14.49946
14.52406
14.88962
15.50841
15.68206
15.78991
15.66158
15.45252
15.26009
15.10421
14.99407
14.89213
14.85624
14.79073
14.74945
14.71000
14.58453
14.49031
14.48635
14.49110
14.45934
14.47244
14.44183
14.39500
14.39761
14.39260
14.38891
14.41061
14.46275
14.49726
14.50233
14.48808
14.48807
14.46192
14.44297
14.43514
14.42206
14.44916
14.47852
14.47485
14.46203
14.44575
14.43930
14.46391
14.46543
14.40681
14.35581
14.30582
14.43230
14.60364
14.74714
14.79827
14.79532
14.75521
14.72536
14.65414
14.53296
14.50938
14.44963
14.43414
14.45262
14.39933
14.34625
14.31969
14.26612
14.29637
14.28210
14.22999
14.23781
14.29373
14.32509
14.23008
14.16404
14.15262
14.08870
14.08996
14.09673
13.82849
13.86491
13.94545
13.87788
13.81356
13.77414
13.83702
13.93586
13.93654
13.96069
13.89558
13.94010
14.32874
14.58693
14.58214
14.45746
14.34093
14.19346
13.98852
13.86791
13.93441
14.07467
14.07457
14.00070
13.94463
13.91177
13.83954
13.79557
13.73233
13.59576
13.51997
13.51342
13.46422
13.41039
13.41133
13.34928
13.29703
13.26882
13.28597
13.27732
13.21146
13.16035
13.11776
13.07719
13.04904
13.03655
13.00207
12.97571
12.94151
12.89320
12.81245
12.79774
12.74400
12.68044
12.75218
12.65079
12.57256
12.56547
12.53715
12.62263
12.53056
12.53076
12.58872
12.59330
12.58038
12.56512
12.52163
12.46199
12.41776
12.35898
12.32364
12.28767
12.24989
12.24080
12.24877
12.22637
12.18345
12.15310
12.08573
12.05242
12.00504
11.95995
11.91566
11.87947
11.85872
11.97312
12.25440
12.42483
12.44624
12.41870
12.35305
12.30156
12.24578
12.19982
12.11941
12.17010
12.65703
12.90050
13.01146
13.10727
13.26385
13.35223
13.28466
13.22084
13.24955
13.42046
13.48569
13.46780
13.38201
13.28840
13.19848
13.11839
13.02627
12.98007
13.03468
13.08185
13.04844
13.00572
12.95958
12.90264
12.84112
12.79953
12.78334
12.88838
12.99240
13.47547
13.98520
14.14793
14.07175
13.90024
13.71897
13.54794
13.40424
13.29709
13.22427
13.15321
13.10226
13.03604
12.98622
12.94294
12.86935
12.85637
12.86888
12.85950
12.83188
12.90534
13.15583
13.30999
13.33181
13.30472
13.24017
13.18908
13.08487
12.98878
12.96773
12.94402
12.97545
12.99354
13.00427
12.96863
12.98764
12.88546
12.85596
12.79942
12.91447
12.78328
12.79392
12.84380
12.77459
12.85579
12.85470
12.87581
12.85214
12.85423
12.84845
12.81020
12.76725
12.75122
12.73091
12.68183
12.62485
12.64045
12.67571
12.65184
12.61630
12.61246
12.58330
12.56571
12.52051
12.51434
12.50711
12.54814
12.51890
12.49155
12.51117
12.49356
12.43458
12.42565
12.42407
12.42189
12.40641
12.33877
12.33349
12.30786
12.29625
12.27690
12.23229
12.20213
12.17761
12.14760
12.15517
12.10761
12.06037
12.07928
12.07900
12.03846
12.02038
11.96298
11.93488
11.97732
12.00027
11.96044
11.94881
11.93306
11.96718
11.91565
11.86785
11.85919
11.86435
11.81363
11.76949
11.76367
11.83424
11.96660
12.01023
12.02625
12.01191
12.00979
12.00776
11.99736
11.98598
11.94102
11.95462
11.91922
11.88435
11.82287
11.85519
11.84503
11.73580
11.79203
11.75507
11.94312
12.35217
12.62059
12.74021
12.72492
12.69058
12.60256
12.54931
12.55486
12.95936
13.92326
14.74641
15.22325
15.40421
15.52366
15.55909
15.59450
15.51754
15.42057
15.51147
15.50848
15.43833
15.33213
15.34429
15.33853
15.29941
15.30400
15.26593
15.23370
15.21878
15.14137
15.12764
15.12326
15.09141
15.02060
15.01169
14.89793
14.85743
14.83812
14.84744
14.89331
14.87549
14.82701
14.77439
14.74895
14.69530
14.67495
14.64339
14.59223
14.60544
14.57463
14.55801
14.52929
14.47873
14.53373
14.58193
14.56925
14.63417
14.81228
15.02071
15.06423
15.10009
15.03494
14.87556
14.71223
14.67378
14.85486
14.84081
14.83521
14.80129
14.70785
14.56088
14.49078
14.43241
14.41484
14.38854
14.36370
14.32862
14.29781
14.22076
14.18769
14.10789
14.08176
14.05917
14.09534
14.06216
14.01312
13.99362
13.96553
13.95418
13.95336
13.92702
13.90588
13.88760
13.87728
13.85075
13.84118
13.81063
13.77754
13.70039
13.68540
13.66824
13.60716
13.56207
13.52188
13.47823
13.46926
13.41525
13.32680
13.29633
13.39340
13.30126
13.23465
13.20871
13.18850
13.16188
13.12325
13.07480
13.03886
13.00627
12.97150
12.95780
12.94559
12.90710
12.87042
12.85309
12.94536
13.07423
13.09504
13.11240
13.40453
13.48544
13.71625
13.91584
14.22981
14.48610
14.60022
14.69593
14.68311
14.78398
15.24026
15.92700
17.01718
17.87223
18.21435
18.24424
18.16222
18.08143
18.25757
18.41074
18.43325
18.42198
18.43275
18.58273
19.02761
19.24536
19.46582
19.55635
19.40664
19.20740
19.12611
19.06443
18.92703
19.01041
19.10723
18.98165
18.88255
18.73035
18.60840
18.46003
18.34290
18.19560
18.01998
17.97731
17.98164
17.94211
17.88861
17.83385
17.88000
18.06056
18.11395
18.06657
17.97632
17.85966
17.79491
17.72381
17.63016
17.53569
17.51339
17.60817
17.61548
17.56866
17.51786
17.45910
17.41988
17.36595
17.26194
17.21873
17.19519
17.17552
17.09834
17.06962
17.02584
17.65799
19.14134
20.10086
20.30609
20.06084
19.70811
19.32676
19.13589
19.10627
18.93994
18.74536
18.54216
18.38499
18.20775
18.05979
17.96595
17.89311
17.77121
17.67870
17.58322
17.53504
17.54563
17.69068
17.78174
17.76167
17.70171
17.59652
17.50123
17.42037
17.36152
17.31264
17.30137
17.30733
17.32654
17.27325
17.24728
17.19512
17.16130
17.09279
17.05288
17.01608
17.00450
16.94636
16.90955
16.85474
16.85590
16.84518
16.87255
16.84195
16.85473
16.88387
16.98983
16.93015
16.89141
17.07150
17.65621
17.87144
17.88790
17.71108
17.59867
17.35427
17.26922
17.11391
17.11777
16.95803
16.98094
16.84021
16.92530
16.85846
16.98127
16.85167
16.99690
17.29894
17.96766
17.68167
17.86378
17.54154
18.01976
17.98896
