10.78286
10.18988
10.73538
10.60837
11.09239
10.91399
11.15960
10.98691
11.17548
10.98677
11.08934
10.91944
11.03372
11.00000
11.14218
11.06739
11.13333
11.03803
11.08230
10.99992
11.04753
10.99821
11.08422
11.06968
11.12988
11.10328
11.14161
11.11026
11.14783
11.13062
11.15675
11.12916
11.18964
11.22847
11.25124
11.23902
11.24939
11.23762
11.23902
11.22169
11.21812
11.22171
11.32886
11.41225
11.43940
11.45467
11.44234
11.42297
11.39623
11.40294
11.42792
11.42778
11.41610
11.40333
11.39909
11.43025
11.45261
11.44388
11.43370
11.42038
11.42416
11.43619
11.43231
11.42480
11.41587
11.41754
11.43382
11.44194
11.43900
11.44081
11.44454
11.44128
11.45201
11.48665
11.50325
11.50154
11.49321
11.48264
11.48136
11.48862
11.48320
11.47580
11.46420
11.45105
11.44261
11.44609
11.45573
11.45497
11.45326
11.45082
11.45042
11.45328
11.45438
11.44697
11.43828
11.42775
11.42885
11.43573
11.43080
11.42207
11.40698
11.39612
11.38927
11.38646
11.37846
11.37078
11.35984
11.35393
11.33995
11.33514
11.32437
11.31331
11.30483
11.29785
11.28814
11.28389
11.28546
11.27403
11.26256
11.25050
11.24072
11.22429
11.20800
11.25553
11.34672
11.45605
11.43346
11.59334
11.71366
11.73495
11.73058
11.70094
11.68900
11.65832
11.63552
11.65145
11.67097
11.66149
11.67110
11.66590
11.64889
11.62863
11.61536
11.59078
11.61180
11.70678
11.72509
11.72672
11.76380
11.76567
11.75386
11.74270
11.74266
11.70002
11.67521
11.64828
11.63905
11.63341
11.63327
11.63874
11.58082
11.52739
11.46740
11.47858
11.49635
11.45340
11.45484
11.44784
11.39284
11.35156
11.33266
11.35156
11.35680
11.34914
11.39426
11.40863
11.38017
11.34196
11.32406
11.36316
11.38053
11.35839
11.34840
11.34369
11.35942
11.37222
11.37556
11.36132
11.36375
11.30781
11.26270
11.34237
11.33978
11.33629
11.37805
11.37770
11.36113
11.37647
11.35169
11.36968
11.36278
11.35211
11.33616
11.33582
11.31479
11.31557
11.33879
11.34202
11.33862
11.33546
11.29354
11.30542
11.29909
11.29400
11.27603
11.24696
11.22784
11.22330
11.25042
11.29197
11.30616
11.32729
11.37080
11.36974
11.36249
11.36246
11.36226
11.32734
11.32048
11.31405
11.31587
11.28924
11.26587
11.27908
11.29800
11.29811
11.29829
11.27933
11.29377
11.28896
11.27722
11.25813
11.24503
11.24763
11.32921
11.46852
11.54449
11.54512
11.53900
11.53039
11.52617
11.51192
11.47928
11.46270
11.43805
11.42010
11.40103
11.38935
11.39995
11.39573
11.38543
11.37724
11.35973
11.35038
11.33405
11.32548
11.29399
11.26388
11.27550
11.24409
11.22470
11.31081
11.32151
11.34696
11.35542
11.34166
11.34711
11.33583
11.31886
11.30223
11.30447
11.28566
11.27437
11.25568
11.23379
11.22027
11.21096
11.19998
11.24692
11.32892
11.50509
11.93652
12.31193
12.44358
12.52040
12.45972
12.29348
12.18786
12.16293
12.12549
12.18100
12.14911
12.11732
12.10339
12.07422
12.06126
12.00764
12.00116
11.99234
12.01867
12.01193
11.99968
11.98015
11.95059
11.92895
11.88938
11.86297
11.84284
11.82414
11.80440
11.77876
11.75972
11.74203
11.72293
11.70879
11.69201
11.67058
11.66121
11.63849
11.58595
11.55122
11.56143
11.57400
11.63061
11.65950
11.64527
11.60925
11.59216
11.61202
11.61278
11.60977
11.58761
11.57515
11.55338
11.49558
11.53858
11.52982
11.51264
11.49443
11.46061
11.42785
11.38016
11.37588
11.37439
11.37713
11.33649
11.31904
11.29880
11.26449
11.25084
11.21759
11.24677
11.23909
11.24535
11.25468
11.24902
11.23672
11.20144
11.20755
11.20656
11.21299
11.20622
11.19286
11.15953
11.14137
11.14670
11.11111
11.10228
11.08319
11.06371
11.03849
11.02055
11.01752
11.00101
10.98815
10.94916
10.93298
10.93925
10.94414
10.90535
10.89895
10.73124
10.67682
10.67732
10.66469
10.65927
10.62558
10.60036
10.59548
10.56411
10.54208
10.55097
10.59078
10.57590
10.56786
10.54943
10.53199
10.48892
10.43953
10.40608
10.40284
10.38092
10.36425
10.37999
10.37336
10.37303
10.35795
10.33415
10.32329
10.31444
10.30877
10.29558
10.27887
10.26984
10.24550
10.21933
10.21509
10.19168
10.17000
10.15875
10.13874
10.11980
10.10835
10.08450
10.05515
10.03614
10.01057
9.99492
9.97192
9.96488
9.94344
9.92730
9.90147
9.87910
9.84766
9.83106
9.81064
9.80735
9.81570
9.81624
9.80082
9.85618
9.92927
9.96456
9.99019
9.97182
9.95414
9.92482
9.89557
9.88631
9.89497
9.87033
9.88174
9.88226
9.88298
9.88448
9.87760
9.87481
9.87979
9.87042
9.87774
9.87678
9.87695
9.88231
9.86236
9.85704
9.87069
9.85488
9.80751
9.78640
9.76274
9.73847
9.72058
9.70937
9.69570
9.68323
9.66548
9.67903
9.66896
9.64893
9.62922
9.60078
9.61920
9.60810
9.58123
9.57132
9.55087
9.53807
9.52660
9.52408
9.51165
9.50306
9.48823
9.47793
9.45832
9.45630
9.43995
9.46128
9.41492
9.37737
9.38343
9.38436
9.39632
9.39177
9.38286
9.37840
9.36574
9.36689
9.35610
9.34814
9.35629
9.33178
9.31633
9.31011
9.30807
9.30190
9.28945
9.27319
9.27021
9.26364
9.24657
9.23773
9.23448
9.21274
9.18947
9.18287
9.16753
9.19720
9.19871
9.20787
9.24872
9.24844
9.26096
9.27008
9.24659
9.23776
9.24039
9.23458
9.23849
9.22341
9.21561
9.21660
9.21837
9.20937
9.20080
9.20416
9.20445
9.20146
9.20137
9.19577
9.18303
9.16296
9.15308
9.14762
9.15362
9.13596
9.13154
9.10723
9.10432
9.11458
9.12055
9.11211
9.11363
9.10185
9.11061
9.12250
9.20684
9.32407
9.39970
9.47436
9.48774
9.48632
9.49355
9.49162
9.49347
9.48339
9.46769
9.45761
9.44663
9.44414
9.44133
9.42118
9.42672
9.47695
9.51610
9.55357
9.54982
9.54752
9.53572
9.52641
9.51773
9.51277
9.51259
9.51342
9.52962
9.54657
9.52908
9.49975
9.48017
9.48996
9.47981
9.46409
9.49403
9.49463
9.44637
9.45302
9.46874
9.44830
9.43618
9.40192
9.42245
9.46218
9.45625
9.47639
9.48052
9.47706
9.46833
9.60807
10.00312
10.40156
10.57795
10.68765
10.75597
10.77696
10.75999
10.68625
10.66377
10.63319
10.55355
10.47226
10.48110
10.48519
10.52636
10.55570
10.60155
10.62036
10.63742
10.59338
10.58164
10.55234
10.59328
10.69104
10.69609
10.70206
10.69425
10.71197
10.71323
10.67928
10.67600
10.68077
10.70480
10.71088
10.66800
10.69938
10.77017
10.75372
10.73691
10.72995
10.77323
10.82288
10.82896
10.82521
10.83413
10.85682
10.85902
10.85183
10.83733
10.92272
10.96286
10.94729
10.92189
10.89204
10.87996
10.88892
10.89925
11.00023
11.15643
11.22966
11.25464
11.24745
11.25883
11.30491
11.32538
11.32181
11.31784
11.45580
11.53265
11.56854
11.58679
11.68450
12.09933
12.39548
12.48110
12.61804
12.64079
12.58554
12.44668
12.43244
12.36192
12.31644
12.32862
12.35125
12.42110
12.44144
12.51508
12.64282
12.68012
12.69352
12.65778
12.74255
12.80495
12.78776
12.78735
12.76645
12.75562
12.75110
12.75331
12.75150
12.76221
12.80449
13.05593
13.33743
13.47027
13.55566
13.55451
13.49501
13.45494
13.46424
13.41591
13.69887
14.17046
14.44963
14.55285
14.52551
14.48801
14.41007
14.34673
14.29132
14.23823
14.21813
14.22670
14.21026
14.19441
14.16956
14.16223
14.18185
14.21182
14.22148
14.21259
14.21963
14.25779
14.26614
14.28291
14.27952
14.29056
14.33319
14.33945
14.33278
14.32107
14.29928
14.28030
14.26830
14.25386
14.24065
14.21975
14.21258
14.21382
14.20662
14.19923
14.18725
14.18073
14.17509
14.17687
14.16823
14.15909
14.15925
14.15555
14.13863
14.15808
14.18990
14.20699
14.20441
14.20833
14.20832
14.19775
14.18703
14.21512
14.25642
14.26871
14.26797
14.25349
14.24363
14.22884
14.23416
14.34157
14.43699
14.46111
14.45913
14.44535
14.42375
14.39472
14.37599
14.36859
14.35498
14.34887
14.35062
14.34008
14.32973
14.31083
14.28965
14.26882
14.25210
14.24159
14.22205
14.20261
14.19585
14.18186
14.17152
14.15718
14.13965
14.12859
14.12563
14.11586
14.10435
14.09081
14.07337
14.06170
14.05619
14.05500
14.04411
14.02968
14.01470
14.00553
13.98804
13.97329
13.95807
13.94425
13.92342
13.91641
13.90782
13.90205
13.88679
13.86874
13.84969
13.83084
13.81756
13.78962
13.79948
