20.46739
19.34527
20.27072
19.60013
20.23429
19.75342
20.22531
19.84897
20.23756
19.97176
20.31195
20.10669
20.37696
20.20321
20.40451
20.28281
20.46667
20.33720
20.52121
20.49678
20.69293
20.65931
20.78220
20.68895
20.79413
20.75068
20.82220
20.80429
20.87582
20.84572
20.90755
20.87895
20.92201
20.89722
20.92362
20.89595
20.90417
20.88449
20.89324
20.86552
20.89101
20.89193
20.90493
20.91220
20.97278
20.99075
21.00452
21.00403
21.02900
21.05178
21.08213
21.09549
21.08273
21.06970
21.06313
21.07113
21.08342
21.09200
21.08968
21.08664
21.08469
21.08838
21.09509
21.11702
21.12576
21.13604
21.13568
21.12719
21.13171
21.14076
21.14930
21.14037
21.15841
21.18698
21.19503
21.20207
21.20676
21.20835
21.20347
21.19960
21.19672
21.19431
21.18442
21.20434
21.22806
21.24118
21.25215
21.26749
21.27842
21.28916
21.28505
21.27959
21.28668
21.29954
21.29944
21.30466
21.31797
21.32804
21.32223
21.32388
21.33245
21.33890
21.34344
21.34927
21.34564
21.33868
21.33564
21.34611
21.36156
21.36793
21.37744
21.38027
21.37491
21.37611
21.38097
21.38409
21.38495
21.38790
21.37888
21.37372
21.37832
21.37835
21.39335
21.41914
21.43209
21.44174
21.44670
21.45038
21.44923
21.45105
21.45292
21.44882
21.43517
21.44226
21.45254
21.46456
21.46574
21.46566
21.47166
21.47966
21.48140
21.48207
21.47435
21.45934
21.45516
21.44964
21.45374
21.45682
21.45896
21.45586
21.45639
21.45343
21.45279
21.44019
21.41441
21.41464
21.43013
21.44125
21.44263
21.44124
21.43367
21.42890
21.42384
21.41617
21.39168
21.40612
21.42512
21.44031
21.45225
21.45784
21.53249
21.62928
21.65289
21.69415
21.75538
21.83927
21.95957
22.03527
22.11010
22.14569
22.22192
22.27864
22.28674
22.33152
22.41701
22.47882
22.50534
22.56111
22.63415
22.70028
22.67870
22.62972
22.72133
22.73557
22.72295
22.73006
22.77848
22.79777
22.82885
22.86558
22.94129
23.00526
23.05732
23.08760
23.10111
23.13204
23.18325
23.22353
23.22958
23.23758
23.25254
23.26414
23.29890
23.31187
23.32720
23.35633
23.34810
23.35426
23.35536
23.36479
23.36160
23.35867
23.36152
23.35956
23.38121
23.42166
23.39440
23.36535
23.36169
23.38873
23.41243
23.41984
23.42902
23.44875
23.43371
23.43477
23.43539
23.44294
23.44083
23.41220
23.42641
23.39170
23.34239
23.37477
23.35087
23.47437
23.46580
23.42256
23.41902
23.44614
23.42203
23.49573
23.50173
23.51166
23.51395
23.52232
23.52349
23.45288
23.46839
23.39059
23.40632
23.42495
23.40968
23.38015
23.41341
23.36521
23.40472
23.41009
23.45570
23.52980
23.55297
23.59846
23.57732
23.56800
23.58526
23.63521
23.63640
23.66817
23.66934
23.66190
23.65904
23.66724
23.68837
23.68940
23.69125
23.66169
23.66118
23.71579
23.74916
23.76710
23.76022
23.74272
23.73725
23.66194
23.62884
23.65356
23.61628
23.68473
23.74907
23.77394
23.83002
23.81428
23.79146
23.74622
23.73444
23.68862
23.82601
23.79077
23.75145
23.77067
23.72906
23.73692
23.78897
23.79991
23.74616
23.72293
23.78922
23.86793
23.93228
23.93616
23.87932
23.88132
23.94752
24.00258
24.02467
24.00493
23.99230
23.99105
24.01337
24.08981
24.09149
24.13061
24.19280
24.23519
24.24588
24.24864
24.16078
24.15990
24.15455
24.22180
24.26327
24.27925
24.29967
24.34076
24.35077
24.27879
24.27504
24.30644
24.31924
24.23416
24.20748
24.21801
24.28085
24.21555
24.05506
24.10559
24.15082
24.24981
24.30639
24.32023
24.22629
24.21951
24.23611
24.22278
24.28470
24.33809
24.35371
24.33039
24.24486
24.27999
24.25502
24.22548
24.12223
24.18176
24.32571
24.31845
24.39762
24.36700
24.35078
24.30855
24.35517
24.38305
24.38821
24.37830
24.37723
24.44805
24.42896
24.38684
24.38433
24.39802
24.35003
24.34058
24.38684
24.41336
24.38255
24.34096
24.36888
24.40203
24.33307
24.31388
24.39153
24.37797
24.29502
24.27859
24.28766
24.25536
24.27341
24.36569
24.40560
24.34591
24.37732
24.35538
24.37995
24.40421
24.43795
24.37536
24.35527
24.38783
24.43618
24.49866
24.52412
24.51769
24.46086
24.41738
24.38884
24.44728
24.50625
24.42932
24.37540
24.37661
24.42713
24.47502
24.41743
24.39506
24.44455
24.50560
24.64192
24.68554
24.69248
24.68921
24.68568
24.78225
24.72200
24.70641
24.71902
24.65901
24.70328
24.72448
24.74496
24.76780
24.79509
24.79685
24.79215
24.72612
24.62863
24.60122
24.63444
24.70720
24.70752
24.72581
24.73697
24.65331
24.65683
24.68334
24.73599
24.75563
24.74691
24.76519
24.77864
24.80255
24.76724
24.70335
24.64463
24.68255
24.63010
24.64158
24.57093
24.60925
24.71291
24.70606
24.68222
24.61320
24.60622
24.57450
24.54211
24.56831
24.54087
24.48549
24.47736
24.46991
24.51150
24.49478
24.45846
24.40034
24.43699
24.44854
24.48641
24.59602
24.70495
24.74786
24.86030
24.85841
24.84482
24.87092
24.95266
24.96101
24.96288
25.08514
25.07076
25.07194
24.99257
25.19401
25.33278
25.44054
25.37780
25.32688
25.30930
25.10985
25.39753
25.50808
25.47102
25.21663
25.18187
25.15873
25.30648
25.32152
25.31091
25.25656
25.19434
25.31938
25.51208
25.53294
25.48000
25.43116
25.42076
25.37522
25.41225
25.54492
25.61178
25.67419
25.61563
25.67159
25.63748
25.58932
25.56762
25.50124
25.37928
25.34839
25.44337
25.50919
25.60074
25.56049
25.57974
25.55331
25.57944
25.63371
25.69752
25.76676
25.85220
25.90167
25.89385
25.87224
25.86403
25.88339
25.89638
25.90414
25.90381
25.90302
25.89204
25.85429
25.77603
25.75589
25.75633
25.76024
25.76599
25.74353
25.71689
25.70386
25.63116
25.58816
25.53350
25.46805
25.50061
25.50669
25.46488
25.44026
25.42558
25.43765
25.46454
25.48659
25.49524
25.49027
25.49195
25.50682
25.51672
25.52484
25.52616
25.52566
25.52323
25.52265
25.51748
25.52143
25.49474
25.39558
25.34711
25.31041
25.29727
25.30774
25.32188
25.34684
25.36307
25.37682
25.37879
25.38339
25.39536
25.40387
25.39913
25.32881
25.30340
25.31560
25.34256
25.35732
25.35349
25.32109
25.32049
25.32424
25.32890
25.32856
25.33679
25.28778
25.20930
25.19380
25.20798
25.18034
25.16326
25.18530
25.19441
25.21810
25.24229
25.23612
25.16283
25.16550
25.19342
25.21678
25.23268
25.24059
25.24134
25.21904
25.09776
25.05106
25.05412
25.08354
25.02855
24.98624
25.02671
25.10185
25.15401
25.12342
25.02715
25.06716
25.15953
25.20976
25.17457
25.13533
25.16841
25.21065
25.26745
25.31246
25.30185
25.28914
25.30592
25.32240
25.28863
25.27871
25.22066
25.24629
25.28642
25.29072
25.29702
25.31000
25.31599
25.33582
25.35949
25.35945
25.36007
25.35199
25.34739
25.33633
25.32937
25.31956
25.31202
25.30398
25.29399
25.27573
25.21538
25.16326
25.16492
25.17959
25.20279
25.21296
25.21570
25.21469
25.20822
25.19411
25.18477
25.17728
25.16832
25.15880
25.14738
25.13462
25.12214
25.10820
25.09710
25.07995
25.04055
25.02643
25.02717
25.02708
25.02662
25.01990
25.01344
25.01519
24.98805
24.93564
24.89862
24.88604
24.89504
24.87650
24.87241
24.89005
24.91200
24.89502
24.83075
24.79628
24.82172
24.79689
24.75677
24.78578
24.82495
24.81475
24.77642
24.78121
24.82213
24.86932
24.84730
24.81690
24.82655
24.84706
24.86445
24.91352
25.00904
25.02838
25.01824
25.03270
25.10613
25.14446
25.14249
25.10465
25.05689
25.09815
25.13707
25.15461
25.16659
25.16406
25.12837
25.13948
25.14620
25.14698
25.17601
25.20271
25.19008
25.31469
25.36246
25.35083
25.33257
25.39156
25.41921
25.40205
25.44482
25.48872
25.51071
25.54288
25.55287
25.57176
25.60792
25.63777
25.66316
25.67702
25.65356
25.66053
25.65845
25.60209
25.58636
25.57852
25.60899
25.63415
25.61463
25.61268
25.64427
25.62776
25.63838
25.64375
25.61679
25.62463
25.63437
25.62142
25.62244
25.63290
25.63451
25.62988
25.62467
25.62063
25.60144
25.59145
25.58938
25.58429
25.57820
25.56607
25.54979
25.52873
25.52115
25.52301
25.51113
25.50161
25.49610
25.48930
25.47812
25.46751
25.45656
25.44552
25.43313
25.42206
25.40860
25.39640
25.38304
25.37322
25.35432
25.33441
25.32594
25.31848
25.31869
25.31483
25.30371
25.29567
25.28615
25.27416
25.24914
25.24656
25.23523
25.19803
25.19928
25.21626
25.22639
25.22807
25.22657
25.22272
25.21373
25.20552
25.19982
25.19272
25.18670
25.18334
25.17844
25.17522
25.16489
25.13872
25.13459
25.13717
25.13191
25.12217
25.11177
25.08996
25.06712
25.06842
25.06814
25.05617
25.02918
25.00668
25.00182
24.99872
24.99353
24.98305
24.97194
24.96356
24.95178
24.92885
24.90997
24.90250
24.90735
24.89960
24.88973
24.87104
24.85422
24.84192
24.83121
24.82126
24.81062
24.80059
24.78488
24.77102
24.75991
24.75823
24.74140
24.71475
24.70017
24.68618
24.68032
24.67103
24.66487
24.65644
24.65127
24.62990
24.61370
24.60608
24.59533
24.58011
24.56544
24.54820
24.52887
24.51734
24.50296
24.51095
24.51823
24.53496
24.50157
24.54644
24.70036
24.84222
24.87363
24.90313
24.88792
24.89625
24.86738
24.89508
24.92735
24.99106
24.99296
25.04898
25.00836
25.03267
25.02459
25.09555
25.11512
25.21389
25.10085
25.15230
25.14150
25.22380
25.19046
25.29570
25.16984
25.25865
25.22043
25.35988
25.23254
25.35813
25.19321
25.40111
25.15023
