32.45031
30.24116
31.61807
30.40468
31.43975
30.37138
31.07486
30.13239
30.97486
30.76682
31.24612
30.45864
30.19252
29.85704
30.03210
29.72893
30.34946
31.01864
31.26156
30.79538
30.62165
30.22078
30.41991
30.34771
30.37473
30.28873
30.35858
30.09038
30.01876
29.82419
29.77080
29.59327
29.54895
29.41799
29.42961
29.56097
29.75418
29.97701
30.17509
30.01868
30.10890
31.05591
31.33287
30.98631
30.63291
30.37933
30.22139
30.12533
29.96119
29.81130
29.68809
29.61915
29.55236
29.47364
29.40906
29.32038
29.26629
29.20860
29.27723
29.28912
29.20620
29.13253
29.07112
28.98265
28.89101
28.83281
28.85636
28.93694
28.92257
28.82276
28.70011
28.60894
28.50177
28.41231
28.33966
28.26447
28.18607
28.11000
28.02706
27.94910
27.87519
27.80727
27.73712
27.65698
27.60587
27.58229
27.53392
27.50244
27.48606
27.46365
27.54271
27.74884
27.77218
27.82798
27.86606
27.89392
27.86519
27.78554
27.69304
27.69824
27.97665
28.08047
27.92308
28.06002
29.77312
30.99020
31.07820
31.00246
30.74206
30.44814
30.16109
29.97898
29.85044
29.77733
29.63936
29.58970
29.49906
29.51274
29.42928
29.38274
29.27620
29.26797
29.12681
29.08509
28.93425
28.99213
28.78130
28.92406
27.93792
28.75741
29.19206
28.94503
29.01099
28.86445
28.85184
28.68874
28.65850
28.54316
28.55238
28.44651
28.40914
28.25400
28.29579
27.78147
26.04117
27.57885
28.03254
30.79001
34.27323
35.89177
37.57210
38.97717
39.83233
40.15500
40.27206
39.83938
40.90447
41.32704
41.20166
40.52072
41.49217
41.84606
42.25691
42.08463
41.20376
40.54330
39.99991
39.48061
39.20579
38.90009
38.73898
38.41765
38.24755
37.90331
38.60386
39.49247
39.45707
38.90943
39.09884
39.43372
39.02217
40.26925
40.98389
40.43926
39.72326
39.51308
39.86137
39.71150
39.24092
38.83648
38.61151
38.65085
39.48952
39.68618
40.70112
40.43759
39.66498
39.46462
39.53088
39.24537
38.91235
38.57836
38.29523
38.76513
38.76363
38.56743
38.33413
38.00846
37.82855
37.58333
38.31523
39.75490
39.68856
39.65004
39.39051
38.94826
38.54003
38.38415
38.14556
38.12126
38.37385
38.38556
38.13529
37.87332
37.80263
37.61868
37.40776
37.29189
37.23684
37.10504
36.97911
37.30089
37.43528
37.15564
37.20045
37.48896
37.56480
37.53663
37.90258
38.28070
37.85626
37.44639
37.17288
37.03128
36.97765
37.12349
36.95657
36.74250
36.54017
36.48512
36.43696
36.42754
36.79578
36.74875
36.55837
36.53135
36.36586
36.19749
36.10065
36.21760
36.32214
35.94442
36.01192
35.99302
35.74408
35.65956
36.71952
37.61006
37.07587
37.08882
36.85991
36.29959
36.32687
36.57304
36.64788
36.43953
36.33362
36.18287
36.01854
35.75701
35.60744
35.67393
35.74115
35.54404
35.35438
35.26275
35.40332
35.16453
35.47599
36.22873
35.68404
36.74302
36.89319
36.73263
36.51338
36.12935
35.75829
35.65992
35.50421
35.43725
35.40983
35.27168
35.77155
36.05617
36.00642
35.76954
36.03264
36.57618
36.30970
35.84150
35.62146
35.45798
36.46082
36.44349
36.69170
36.45492
36.02432
36.44158
37.45378
37.31764
37.54574
38.37923
37.71694
37.41854
37.19672
37.00098
36.71244
36.60415
36.29807
36.53334
36.60609
36.02252
36.11493
36.69741
36.87645
36.88330
37.49063
38.08277
38.34669
37.50362
36.77439
36.63672
36.49717
36.50445
36.58869
36.42192
36.27267
36.06231
36.04603
36.11651
36.33852
36.32408
36.66255
36.80616
36.69342
36.64902
36.43487
36.28105
36.25696
36.18075
36.21884
36.17719
36.14304
35.66195
35.13927
35.17620
35.50319
36.04889
36.78427
36.65929
37.11745
36.92769
36.26208
36.57999
36.80609
36.68198
36.62504
36.57713
36.59138
36.83144
36.63047
36.55669
36.44611
36.65673
36.83206
36.85632
36.79628
36.61666
36.67344
36.59463
36.91931
37.65466
38.37782
38.61333
38.49639
38.21007
37.82640
37.57410
37.34095
37.21453
36.99207
36.98700
36.98264
37.01326
37.22367
37.67262
38.25792
38.08043
37.97691
37.61431
37.29734
37.24307
37.08378
37.29395
37.64987
37.72094
37.29468
35.08375
35.64175
37.07634
36.48450
36.24905
36.30411
36.20230
36.33462
36.23045
36.08770
36.03598
35.95716
35.90256
35.82520
35.72103
35.73206
36.27742
36.07728
35.97760
35.75875
35.68638
35.68031
35.33580
35.16460
35.49034
35.66364
35.78129
35.60986
36.17550
36.19014
36.61566
36.88444
37.88963
39.12585
40.06332
40.04180
39.74030
40.19254
40.97932
40.91231
40.47849
39.80348
40.07045
40.04701
39.81548
39.57411
39.40628
39.07332
38.95516
38.78775
38.76357
38.56458
38.61704
38.29289
38.25903
38.00123
38.17960
37.02846
37.32138
38.28144
38.37837
38.57505
38.28916
38.11706
37.94961
38.11682
37.72259
38.11973
39.03475
39.42537
39.17418
38.79806
38.47444
38.33825
37.99145
37.80295
37.64359
37.59152
37.53592
37.44299
37.33897
37.14014
37.67984
38.81126
38.98457
40.46531
41.28712
41.92972
42.03870
42.34328
40.31541
37.95228
37.99488
38.17141
36.50462
39.07622
39.90854
38.25688
37.01857
38.28754
39.61869
40.33252
40.42615
40.27346
39.89055
39.78076
39.53107
39.61800
40.44924
40.76107
40.34547
39.96176
39.59378
39.40673
39.53213
38.71079
38.68803
38.73429
38.20538
38.41251
38.74355
42.08543
40.55132
37.77813
37.10990
37.24467
39.62816
39.36696
39.28048
38.87871
38.89939
38.37017
37.85746
37.70679
37.52999
37.92321
38.95206
38.51188
38.78028
38.13455
38.89817
38.06351
39.29320
39.88780
38.44799
38.75758
38.62520
38.64248
38.26916
37.75265
36.16548
36.16499
37.39667
38.16888
37.64844
37.63629
36.65639
34.34835
35.02209
34.37210
34.07592
33.67462
33.57092
33.68569
33.62953
33.25755
33.06345
32.89002
32.81641
32.66518
32.48084
32.31254
32.17294
32.01853
31.88430
31.78817
31.72792
31.68827
31.58319
31.55229
32.19101
34.94050
34.33864
35.19438
34.45296
36.92918
41.67891
42.71190
43.02613
42.26103
42.03635
41.37830
41.11688
40.77495
41.43039
41.64856
42.90053
44.49968
44.45806
44.60188
44.41927
43.59656
42.62857
42.19762
42.12441
42.03856
41.66781
41.32344
41.05448
41.31755
41.51604
41.20421
40.95448
40.65918
40.47175
40.26053
40.09387
39.98554
39.85531
39.65298
39.41634
39.31617
39.40024
40.38696
41.30225
40.87181
40.65676
40.42795
40.81521
41.71994
42.27865
42.06856
41.58915
41.08970
40.79068
40.53039
40.99783
41.54499
41.44712
41.08939
41.65129
42.77214
42.72068
42.21766
41.67428
41.33770
41.13403
40.95066
40.79641
40.64044
40.47237
40.34885
40.22371
40.10850
39.97873
40.27005
40.97294
40.95681
40.71067
40.31436
40.12230
39.90578
39.85296
39.70462
40.30011
40.58404
40.43868
40.04755
39.88211
39.62989
39.56928
39.39904
39.43500
39.14581
39.03099
38.68837
38.73225
38.34571
38.47661
38.04043
38.17558
37.57157
37.96873
36.49383
37.37334
38.14789
36.23099
35.47457
33.36394
35.37868
34.62299
35.54202
35.40138
35.89849
35.28110
35.45290
34.99672
35.33243
35.40393
35.13391
34.83460
34.85987
34.97063
35.38683
35.18341
35.25334
35.04353
35.11944
34.97872
35.01220
34.82257
34.85234
34.66239
34.72396
34.21929
35.59960
35.88186
35.97953
36.45469
36.78067
36.95785
37.08998
37.04076
36.79202
36.65492
36.73911
34.71254
34.27964
35.20323
37.10942
37.28928
37.26680
37.25488
37.07686
37.02058
36.83752
36.79325
36.61144
36.59926
36.23096
36.10010
35.81557
35.77091
35.63246
35.72680
35.53133
35.58350
35.31330
35.38282
35.08589
35.25009
34.87340
35.19793
34.65639
35.25620
31.92179
29.94438
30.93404
32.59200
32.10747
30.20831
30.73028
30.26003
30.82447
30.68087
31.14516
32.56578
33.17521
32.82224
32.96348
32.72335
32.77441
32.57820
32.63643
32.51585
32.58188
32.43626
32.44413
32.31457
32.30145
32.18875
32.20677
32.12231
32.09947
32.00120
31.98247
31.99234
32.05477
32.01044
32.02078
31.93004
31.89220
31.81553
31.77069
31.68767
31.64708
31.57196
31.53811
31.48322
31.43223
31.38593
31.36378
31.31267
31.25769
31.20003
31.14974
31.09689
31.05800
31.00609
30.94857
30.89950
30.85143
30.81687
30.77118
30.73855
30.71792
30.65064
30.61097
30.56892
30.51950
30.48204
30.43872
30.39927
30.35004
30.31396
30.27133
30.23111
30.19172
30.19152
30.29586
30.30254
30.26422
30.21630
30.18576
30.11566
30.06191
30.03836
30.00839
30.01396
30.03202
30.02481
29.95659
29.92264
29.86070
29.84423
29.78118
29.76888
29.73824
29.92199
29.93096
29.92389
29.80050
29.81688
29.71099
29.75492
29.63261
29.71120
29.59194
29.68639
29.54003
29.65216
29.46578
29.60415
29.35128
29.53010
29.26370
29.51442
29.23155
29.50104
29.14733
29.49596
29.11761
29.70550
29.19043
29.74842
29.05106
29.75798
28.82078
29.84147
28.51162
30.54741
