21.76114
20.52374
21.39618
20.91457
22.10922
21.62813
21.98773
21.40450
21.94171
21.94188
22.33871
21.95548
22.02835
21.67637
21.91949
21.97245
22.12366
21.82567
21.85566
21.61221
21.71231
21.71313
21.92413
21.84162
21.80768
21.64342
21.73529
21.71769
21.80233
21.69550
21.72964
21.78113
21.75515
21.63406
22.05620
22.66464
22.82442
22.91090
22.94123
22.94685
23.19264
23.32875
23.40843
23.55981
23.59476
23.49606
23.76279
23.78738
23.62767
23.72819
23.66966
23.64152
23.75861
23.67799
23.51949
23.39988
23.30020
23.24684
23.21028
23.14983
23.06273
23.11946
23.30518
23.27715
23.15440
23.05587
22.96777
22.89413
22.81494
22.77947
22.83250
23.09140
23.20577
23.44600
23.79925
23.91298
23.75080
23.53392
23.39000
23.29433
23.20229
23.23796
23.52624
23.51932
23.39566
23.41736
23.34910
23.43052
23.77245
23.73179
23.55574
23.41962
23.52685
23.53669
23.41452
23.38046
23.34632
23.24913
23.17866
23.11343
23.05604
23.00514
23.04766
22.99514
22.92918
22.85657
22.93647
23.03514
22.97768
22.96643
23.08032
23.14044
23.05552
22.95161
23.02338
23.27447
23.23511
23.36527
23.79146
23.98370
23.90198
23.65469
23.56361
23.58448
23.65223
23.70286
23.58790
23.60849
23.48665
23.48193
23.55862
23.66083
23.84883
23.70926
23.77961
23.96263
23.85017
23.73812
23.59623
23.50565
23.39271
23.48497
23.72423
23.99161
24.00075
24.08201
24.08249
23.90280
23.75075
23.81014
23.92126
23.84372
23.96323
24.06518
23.93637
23.80425
23.71127
23.69817
23.70349
23.72618
23.84052
23.93752
23.89566
23.79130
23.68860
23.83508
23.91895
24.20256
24.32369
24.45340
24.66033
25.09185
25.55928
25.97093
26.27872
27.14891
27.63072
27.55187
28.79465
28.81040
28.59593
28.81261
28.95230
29.40079
29.20095
29.73782
29.81256
29.67182
29.86704
29.93073
30.00585
30.14269
30.17418
30.22535
29.83828
28.93885
29.38146
28.92405
29.05681
29.36256
28.23315
28.22306
28.89206
29.00174
29.02768
30.49892
29.87174
29.76128
28.72049
29.52370
28.27210
28.96164
29.92588
29.12173
29.90333
28.93877
29.61842
29.37242
29.03244
28.80717
29.08863
28.83429
29.47242
29.39611
29.43783
29.76980
29.75969
29.43206
30.52282
32.88662
33.19391
32.77991
32.81819
32.36316
31.65286
30.73853
31.15024
30.17195
28.73301
28.66407
28.56160
28.71024
28.71794
28.63921
28.92751
29.47126
29.51358
30.83644
31.43451
31.29681
30.95648
31.03629
31.03023
31.06229
30.53175
30.48990
30.74372
30.47529
30.12335
30.04470
30.12671
29.39969
28.21699
28.38328
28.19165
28.23482
28.21939
28.57698
28.52880
28.19148
28.23934
28.57158
28.29283
29.11025
29.37109
28.36012
28.43135
28.95886
29.48802
30.20073
30.49401
30.18826
30.47489
30.59237
30.14796
30.58878
29.09078
28.59885
28.66284
28.74767
28.96170
29.02161
29.57935
29.42844
29.14062
29.76137
29.42719
29.38148
29.48475
29.25325
30.51209
31.37195
30.93175
31.37299
30.36790
29.32095
29.61304
29.44311
29.39741
29.51334
29.36636
30.24882
31.12091
31.70385
30.27837
29.52398
30.13512
30.46080
30.45494
30.33058
30.32294
30.16597
30.15356
30.09430
30.20169
30.23379
30.05070
30.12393
31.15124
30.14115
30.31195
29.82980
30.70250
32.33711
31.90004
30.44349
30.29644
30.19769
30.01517
30.01430
30.23361
30.70384
30.29148
30.98436
30.57696
30.23834
30.39984
30.17948
30.12622
30.22511
30.25642
30.20196
30.17880
29.79410
30.17917
29.74271
29.70903
29.93096
29.82407
29.72860
29.62965
29.39855
29.44078
29.71555
29.66475
29.65609
29.61879
29.57026
29.49540
29.54911
29.45870
30.64071
30.94991
30.20739
31.68854
31.89948
32.03608
31.47958
30.11982
29.32176
29.66681
29.54720
29.70949
30.95536
32.64468
29.91930
30.46011
30.71893
30.46516
30.50355
30.04722
30.33514
29.99501
29.91627
29.83399
29.81585
29.59559
29.63654
29.45988
29.49555
29.65027
29.71486
29.58889
29.78914
29.78915
29.96714
29.86465
29.94619
30.39477
29.94135
29.55219
29.53108
29.48567
29.48938
29.54685
29.56356
29.49676
29.42046
29.39296
29.30103
29.39182
29.46555
29.56738
30.04810
29.69581
29.67051
29.63261
29.65171
29.77675
29.56742
29.79410
29.74464
29.76361
29.64293
29.60993
29.74678
29.87648
29.93764
30.04697
29.85991
29.95010
30.11010
29.47488
29.44868
30.11340
29.83330
30.00443
30.05713
29.43570
29.17102
29.65308
29.70141
30.00107
30.12728
31.20797
31.67970
29.94514
29.74400
29.64812
29.34592
29.66444
29.43215
32.40845
32.13686
31.70854
32.70297
32.48877
32.52172
32.22864
32.16643
32.77268
33.15370
31.91890
31.87084
32.04771
32.19168
32.35864
32.45592
33.28637
32.95253
32.77272
32.79055
32.87243
30.42236
29.55311
29.63131
30.28166
31.36908
31.46653
31.42866
31.58279
31.71224
31.66115
31.12298
30.03330
30.58606
30.39128
29.43745
29.31799
29.60327
28.93902
30.97900
31.26746
31.64534
31.99881
31.53688
32.10778
31.83566
31.11637
31.18576
32.06671
32.14088
31.00873
30.97701
30.60112
30.08894
30.58517
30.02051
30.94773
31.51655
29.87751
30.10951
29.95333
30.13573
30.23948
30.03122
30.44038
29.84183
31.29105
31.24914
32.36139
32.97405
32.15162
32.89315
32.31270
32.51539
32.33058
32.23253
31.03730
30.44912
30.42366
30.59386
30.34347
30.66250
30.95451
31.28482
31.53485
31.67563
31.32860
31.17511
31.12025
31.31570
31.13181
31.28558
31.54848
31.48786
31.26638
31.15963
30.95863
31.05508
31.38048
33.13871
31.50758
31.28331
31.23178
30.96822
31.13161
31.40749
31.41701
31.67165
31.66532
31.63923
31.39123
31.42305
31.47699
31.29988
31.16153
31.06635
30.99988
31.00323
31.01954
30.54780
31.05709
31.61579
31.22457
31.46469
31.37044
31.47038
31.28212
31.17007
31.21018
31.22498
31.22805
31.70095
31.90219
31.35324
30.99293
30.99414
31.01192
30.82473
31.01426
31.01817
31.00632
31.25726
31.28819
31.27208
31.38580
31.24727
31.15994
31.22508
31.20773
31.12870
31.35634
31.30816
31.21220
31.29159
31.26119
31.13981
31.31502
31.64165
31.66951
31.64718
31.55584
31.55502
31.53500
31.32663
31.34053
31.19060
31.17912
31.26890
31.39986
31.43565
31.56187
31.42877
31.39264
31.28150
31.59280
31.58229
31.59359
32.07497
31.64493
31.90838
31.74112
31.63486
31.67762
31.68624
31.50846
31.54147
31.68884
31.65848
32.45252
32.28515
32.24120
32.39850
32.42742
32.34746
32.49440
32.25237
32.22518
32.16110
31.58173
31.63203
31.63747
31.93951
31.94340
31.82977
32.04991
32.23815
32.32801
32.47927
32.62703
32.32081
32.25920
32.29450
31.99124
32.50008
31.85636
32.70938
32.98581
31.92638
31.73940
32.23253
32.01892
33.16340
35.20737
33.75271
32.96529
32.86203
32.90600
33.11433
33.08342
32.14525
32.36481
36.37646
33.21027
31.87277
35.46566
36.55298
35.66527
36.25463
33.51220
32.27821
32.11106
31.58586
31.45810
30.76815
31.08931
30.82515
31.41389
34.57561
37.26690
35.81747
35.84080
35.06934
36.16109
33.97568
32.14221
32.24295
32.98210
32.58930
35.08236
34.34720
32.18940
33.78854
33.65701
34.65575
34.67646
36.06651
35.43174
36.33647
36.15116
36.16345
36.38369
36.52230
36.56812
36.70421
36.91932
37.11844
37.12258
37.41276
37.53430
36.61457
36.70151
37.14002
36.88734
37.50624
37.81561
38.10878
37.91545
37.89471
36.66515
36.26890
37.07326
35.50743
37.62527
34.71656
36.33016
34.08347
33.10491
32.94445
33.88223
33.16858
33.14182
32.54677
34.16072
35.32349
36.81447
34.52042
33.57564
34.28661
33.93539
32.89895
32.77435
33.65940
33.60548
33.73700
33.11206
33.14150
33.06570
33.34935
33.37351
33.26624
32.97139
32.93188
32.87813
32.83086
32.93024
33.03337
32.84110
32.88773
32.76275
32.74652
32.72596
32.79619
32.68917
32.63127
32.54898
32.57746
32.56642
32.53101
32.62425
32.62057
32.62534
33.07355
32.89881
32.57326
32.37187
32.31282
32.22939
32.14439
32.05590
31.98929
31.90802
31.88017
32.01448
31.98745
31.82967
31.76555
31.72558
31.68931
31.63998
31.74458
31.81007
31.87385
31.88962
31.60821
31.54100
31.42301
31.26691
31.40679
31.36784
31.09738
30.92811
30.84863
30.90069
30.82626
30.72669
30.65302
30.64547
30.66651
30.59446
30.61049
30.70478
30.60250
30.51288
30.44846
30.38891
30.34545
30.31615
30.42608
30.57733
30.51872
30.45480
30.39813
30.36579
30.34103
30.30626
30.25987
30.34520
30.58796
30.53272
30.48898
30.57728
30.56409
30.48247
30.48364
30.44114
30.52356
30.54370
30.47785
30.42497
30.37812
30.40917
30.47152
30.49502
30.68928
30.71037
30.62167
30.58715
30.63046
30.70634
30.66098
30.63512
30.84577
30.85195
30.69987
30.68198
30.64328
30.52222
30.46170
30.38909
30.45494
30.55689
31.02129
31.68997
31.62623
31.32297
31.06623
31.13441
31.25583
31.12213
30.95899
30.87842
30.78105
30.91825
30.99903
30.93989
30.84108
30.70617
30.66656
30.58090
30.56024
30.50241
30.50071
30.47825
30.48277
30.48233
30.43795
30.40608
30.40124
30.37284
30.31756
30.41034
31.23887
31.97343
32.40152
32.84764
33.30857
33.48336
33.17112
33.03449
33.07281
32.79509
32.99246
33.65741
33.98544
34.08427
34.03723
33.97443
33.92894
33.97995
33.85630
33.76023
33.62692
33.57145
33.97514
34.39786
34.58815
34.75072
34.47245
36.80934
37.28178
35.31831
35.47604
35.39852
35.27301
34.69264
35.12674
34.86591
34.98994
36.01672
35.34422
35.03954
36.90577
37.30190
40.20156
40.19634
40.29104
36.57842
39.68988
39.33837
