18.12822
17.26818
18.42267
17.98914
18.39194
17.56264
17.54168
17.29720
17.94787
17.65229
17.80565
17.48230
17.56606
17.32961
17.44298
17.51550
17.60240
17.89857
18.53157
18.24690
18.12966
17.77064
17.67894
17.49282
17.51842
17.51417
17.52993
17.51062
17.53807
17.41239
17.41454
17.39503
17.53148
17.45027
17.37368
17.49489
17.78041
17.66713
17.53120
17.36934
17.32358
17.24172
17.32209
17.50185
17.49755
17.94717
18.09292
17.65528
17.84165
18.23207
17.97706
17.66651
17.42101
17.29719
17.20831
17.12603
17.07179
17.02495
17.11111
17.19327
17.08994
17.04373
17.08928
17.32624
17.46464
17.38818
17.44347
17.38811
17.22824
17.12152
17.03625
16.97851
16.94166
16.97531
17.07764
17.07351
17.03415
17.20411
17.51814
17.42022
17.20339
17.06161
17.00000
16.95131
16.93095
16.88951
16.83990
16.89512
16.94884
16.95396
16.98910
16.94398
16.84828
16.77387
16.70074
16.64372
16.59547
16.58588
16.65088
16.63082
16.54115
16.47929
16.43604
16.38837
16.34318
16.28193
16.26006
16.34204
16.37208
16.29489
16.31112
16.33816
16.40181
16.45755
16.46497
16.37339
16.25963
16.19925
16.17605
16.10402
16.05376
16.05838
16.12958
16.15947
16.12187
16.03429
16.40958
16.75149
16.66232
16.58464
16.55420
16.40237
16.32034
16.23158
16.32480
16.36567
16.44591
16.45754
16.70310
16.80969
17.15199
17.56774
17.26906
16.79933
16.55669
16.40243
16.50454
16.92972
16.79985
16.86581
16.89765
16.87451
16.95288
17.44339
17.55673
17.48072
17.28648
17.52106
17.75144
17.70840
17.55620
17.50289
17.31350
17.26771
17.41101
17.54655
17.55747
17.45761
17.28358
17.25199
16.98146
17.20363
17.23878
17.20705
17.07272
17.02049
16.91057
16.87349
17.05080
17.34598
17.45671
17.42645
17.38939
17.56311
17.96245
17.96706
17.78601
17.47707
17.28601
17.05250
16.99951
17.03592
16.85534
16.96260
17.59738
17.97872
18.01359
17.76147
17.35765
17.07547
17.16207
17.12025
17.28529
17.54897
18.21824
18.76280
18.47446
18.30329
18.16420
18.49703
18.83529
18.64253
18.47396
18.41019
18.28531
18.19581
18.15528
18.05200
17.90173
18.05209
18.44162
18.34125
18.19336
18.37890
18.59972
18.47082
18.36790
18.38656
18.57223
18.91529
18.88860
18.63625
18.49614
17.99675
17.02581
17.15918
17.31547
17.21027
17.18517
16.94437
16.58517
16.54209
17.12849
17.53189
17.65059
17.53709
17.79928
18.71113
18.66075
18.24803
17.95885
17.83898
17.71137
17.61180
17.58430
17.74171
17.79543
17.71206
17.64820
17.64714
17.63202
17.76284
18.01220
18.08403
17.83805
17.83494
17.80539
17.93190
17.87323
18.06147
18.43341
18.62849
18.82999
19.27662
19.02071
18.64602
18.74216
19.41885
19.37498
19.08608
18.69567
18.34784
18.64043
18.27468
17.08451
16.53266
16.26265
16.23339
17.39902
17.73524
17.90149
18.36019
17.98970
17.65743
17.80542
17.77047
17.86002
18.11870
18.56642
18.67849
18.68672
18.84257
19.16809
18.96406
18.77328
18.87522
18.92094
18.85931
18.99738
19.75122
19.80687
19.58592
19.97432
20.22954
19.95790
20.00922
20.00003
19.74787
19.79176
19.67286
19.53475
19.67698
20.20832
20.18495
19.82794
19.56089
19.66140
19.61167
19.73200
19.89543
19.66129
19.41585
19.30140
19.27087
19.21788
19.18202
19.10672
19.13161
19.11062
19.05456
18.99658
19.63263
20.00038
19.62450
19.40423
19.58396
19.58235
19.35568
19.33856
20.06414
20.13922
19.61095
19.28798
19.06358
19.10070
19.29602
19.36350
19.27008
19.71165
19.66975
19.38550
19.40114
19.41699
19.64354
19.51356
19.35706
19.22535
19.11730
19.02643
19.17567
19.23350
19.02637
19.03589
19.05808
19.07273
19.05406
19.29327
19.32136
19.59693
19.26943
19.55318
19.64408
19.39200
18.63531
18.07700
17.50432
17.46261
18.01575
19.02908
20.07606
19.75150
19.72376
19.32993
18.98932
18.90835
19.08891
19.05993
19.08019
19.28146
20.00775
20.02401
19.84324
19.57513
19.85087
19.91502
19.21803
19.55958
19.05660
19.26139
19.77671
19.67486
20.18122
20.31558
19.65270
19.26097
19.17841
19.16506
19.17828
19.31629
19.62372
19.72421
19.36440
19.90214
19.94811
19.63358
20.11583
18.81765
18.57199
18.47339
18.88599
19.34979
19.07244
18.65025
19.30703
19.48620
19.38064
19.42665
19.31685
19.68438
19.73847
19.52814
19.81377
20.23837
20.02197
19.97961
19.72825
19.50436
19.48612
19.37407
19.33348
19.51843
19.58137
19.31324
19.19577
18.96388
19.48040
20.23468
19.92106
19.51444
19.65216
20.20208
19.91082
19.87120
19.45506
19.41711
19.55388
20.14029
20.42014
19.85787
19.50070
19.06428
19.22421
19.63241
19.11122
19.39899
19.62449
19.31089
18.28181
17.61403
17.62303
17.56039
17.04787
17.70333
17.95760
17.77567
17.76102
17.47140
17.18314
16.75865
16.56182
17.21546
17.10500
16.44741
16.90535
17.93768
17.62063
17.13422
16.76198
16.22863
16.30627
16.87214
17.56477
18.11359
17.38847
16.76473
16.88213
18.34282
18.77749
18.70038
18.39935
17.97987
18.03375
18.16740
18.32917
18.05031
17.71580
17.90113
18.40877
18.57857
18.99071
19.13762
18.74641
18.55543
18.38393
18.41924
18.34127
18.24163
18.21220
18.76001
19.47394
19.44388
19.28102
19.65808
19.86500
19.52638
18.73623
18.71152
19.41830
19.62538
19.24369
19.08100
18.85043
18.78328
18.70576
19.01817
19.03813
18.77481
18.67345
18.46849
18.33436
18.11755
17.94616
18.10628
18.14944
18.14316
18.91463
19.25922
17.92854
18.33985
18.84247
18.99989
18.92018
18.99666
19.27562
18.93647
18.36158
18.61496
18.95125
18.60594
17.56153
17.39576
18.23135
17.84478
17.28000
17.08657
17.21284
17.31757
16.92442
16.45099
16.19238
16.37307
16.71324
16.98720
18.45729
18.46600
18.69447
18.79020
19.00483
18.91670
18.67403
18.78961
18.94763
18.83573
18.58779
18.50033
18.34056
18.35228
18.39360
18.79727
18.67294
18.43537
18.15828
18.10630
18.10866
17.98605
17.55391
17.86082
18.36936
18.21745
18.02056
17.88598
17.75600
17.78499
18.43225
18.31762
18.09545
18.16358
17.86217
18.25333
18.74286
18.82508
18.62595
18.39329
18.20197
17.80369
17.57131
18.06377
18.80366
18.44632
18.18378
18.36045
18.12532
18.08359
18.18340
18.33062
18.49400
18.59394
18.93069
18.73335
18.41449
18.22010
18.68575
19.05996
18.77500
18.42010
18.54850
18.98661
18.59371
17.65124
17.56189
17.80232
18.15916
18.26293
17.33647
17.19469
17.52604
18.29865
18.19736
18.21647
18.22220
18.35452
18.12607
18.36424
18.52253
18.65076
18.86372
18.69832
18.74360
18.77353
18.57592
17.95601
16.61874
16.86779
16.35724
17.18536
17.14414
18.25733
17.91748
17.92320
18.52424
19.38489
18.76243
18.69244
18.73346
19.23061
20.17935
19.78884
19.86779
19.07561
19.53564
19.18864
18.85771
18.92554
18.54424
18.58905
18.70748
18.61736
18.47936
18.51234
18.34412
18.25753
17.73029
18.69429
19.21146
19.43131
20.31224
20.39888
20.13824
19.04555
19.48564
19.63188
19.87284
19.66133
19.54200
19.35293
19.30627
19.25395
19.24249
19.29516
19.44253
19.23362
19.34667
19.87196
19.88189
19.56147
19.75602
19.33809
18.42080
18.42538
18.55968
19.38582
19.62198
19.55598
19.30886
19.13459
19.38134
18.79028
17.22848
16.42469
16.18035
16.07380
16.13423
16.71053
16.95743
17.15980
17.34697
17.26690
17.10622
16.66684
17.87555
18.15957
18.02248
18.43705
18.12109
18.20673
17.79396
17.98597
18.29056
18.97900
19.15115
18.86744
18.83603
18.83573
18.24740
18.07754
17.77744
18.45840
18.73140
18.23759
18.34680
18.78883
18.91918
19.22462
18.92318
18.65166
18.46498
19.00477
18.22880
18.59201
18.60275
17.04260
16.83655
16.73513
16.69346
16.30386
16.41956
16.89978
17.01247
16.57810
16.39284
16.23091
16.15386
16.06720
16.12060
16.06059
16.02394
16.07231
16.08340
15.90382
15.91322
15.89247
16.01446
16.10184
15.90407
15.68244
15.69226
15.97660
16.04960
16.21688
16.93196
16.65948
16.15054
15.89572
15.84626
15.86807
15.69908
15.63400
15.51706
15.61288
16.07881
16.19687
15.95162
15.69683
15.40007
15.40125
15.27381
16.13499
16.74683
17.52283
18.62451
18.48451
18.60638
18.41533
18.46876
18.44241
18.72893
19.59829
20.23128
19.67589
19.27187
18.90357
18.71753
18.50827
18.50255
18.73803
19.45283
19.67921
19.25379
18.93925
18.75489
18.56178
18.98247
19.77393
20.02222
19.57999
19.10719
18.87759
18.70119
18.80861
18.76395
18.67511
18.61037
18.70798
18.64264
18.55608
18.52838
18.88937
19.34932
19.27804
19.45758
19.16394
18.97959
19.00975
18.85427
18.66380
18.92407
19.46124
19.21716
18.93253
18.80192
18.81096
18.89515
19.01539
19.35608
19.14400
18.87798
18.73699
18.62280
18.50641
18.45007
18.49752
19.32728
19.53255
19.01845
18.71429
18.49498
18.42603
18.36114
18.43183
18.59320
18.50139
18.47979
18.53890
18.85707
18.85202
18.70025
18.57182
18.65981
18.70674
18.63816
18.65599
18.65717
18.56786
18.88298
19.54714
19.28815
18.92858
18.73251
18.68972
18.57935
18.53373
18.44831
18.37278
18.30733
18.26932
18.24019
18.21339
18.17172
18.35905
19.35321
19.68969
19.17758
19.15305
19.53684
19.23002
18.92079
18.92912
19.57811
19.64333
19.13989
18.94928
18.86213
18.89039
18.84889
18.78084
18.57027
18.62908
18.57930
19.02202
19.54784
19.25404
18.85101
18.69513
18.70990
18.77050
18.54562
18.60886
18.53425
18.51389
18.34081
18.40489
18.24220
18.34488
18.17735
18.32219
18.21707
18.64022
18.83527
19.29307
19.06969
19.25155
18.74190
18.97691
18.53021
18.94214
18.23523
18.92675
18.27762
