17.46152
16.32333
16.90199
16.32059
16.44386
16.48282
18.42100
17.57559
18.62840
18.65375
19.54171
18.40775
17.52232
16.88563
16.79827
16.35420
16.28403
16.03084
15.89102
15.67209
15.78362
15.35034
15.44643
15.65800
15.50778
15.07540
15.20608
16.82872
17.13388
16.04471
15.77983
15.36072
16.51187
17.08534
16.47054
16.13630
16.33586
16.09076
15.98320
16.43599
16.52074
16.59950
15.91956
15.66947
15.38568
15.18795
15.37049
16.97270
16.76442
16.01957
15.53699
15.49026
16.42688
17.28482
17.66311
16.79605
18.04743
19.14604
19.87214
18.84987
17.71892
17.25835
16.76639
16.57317
16.35307
17.53124
17.50986
16.59763
16.19633
15.92028
15.71532
15.59011
15.46247
15.29342
15.12182
15.17284
15.65775
16.90329
16.74649
16.13913
15.99159
15.57551
15.38760
15.17500
15.14706
15.55367
15.41153
15.05498
14.88946
14.73943
14.62095
14.50030
14.38294
14.31759
14.23717
14.13667
14.06614
14.08097
14.12091
14.36626
14.13144
15.21770
16.33920
16.60616
17.38977
16.76613
15.90096
15.85189
15.81162
15.45008
15.43301
15.38498
16.01678
16.15271
15.50332
15.20099
14.89494
15.86006
16.11895
15.73525
15.13701
16.49356
18.79814
20.81242
22.13937
22.11021
21.34094
21.58152
22.33894
21.87566
21.73644
21.04479
21.11056
21.26773
21.47019
24.06386
23.99789
22.42695
21.38696
21.01238
20.39401
21.36899
21.92426
20.57775
19.97750
20.13702
21.60521
21.64280
21.43054
20.48098
20.22730
19.69297
19.51011
20.68268
20.75406
20.75512
21.34816
20.74447
19.97199
20.02702
19.65172
19.25605
18.75901
18.40855
19.98250
21.92820
21.55405
20.56232
19.87047
19.54822
19.25153
18.96431
20.46819
21.69817
21.31083
21.89025
21.61115
20.31021
20.69392
22.11566
21.78097
21.86898
21.12659
20.44035
20.12643
20.77725
21.14278
20.27936
19.73162
19.51031
19.65929
19.47264
19.47349
20.06350
19.69889
19.23516
19.04463
19.81393
20.63892
20.22638
19.51540
19.12398
18.88844
19.01337
19.13733
18.67760
20.06666
21.78299
22.16954
21.46957
22.77310
24.01584
24.77220
23.56310
22.34840
21.80421
21.20183
21.27212
21.99802
22.64008
23.31358
21.91946
21.55697
21.66415
23.17132
24.16373
24.65259
25.66448
26.59367
26.99900
26.59381
25.53413
25.55424
25.64798
25.16246
25.09506
23.88514
22.95963
22.43474
23.64666
23.59568
22.99629
22.87014
22.02867
21.93298
22.27341
23.90491
23.83059
23.29873
23.44404
22.80342
23.20619
22.71832
22.44913
22.16546
21.67899
22.42157
22.49319
21.71940
21.58735
22.21920
21.90480
21.19953
21.08607
20.86972
20.51523
20.66238
21.38526
21.00386
21.11682
20.88246
20.41930
20.24482
21.29919
21.15054
20.41901
20.12128
19.98759
20.58254
20.61347
20.04679
19.83253
20.20309
20.01357
20.40291
20.45401
21.01958
20.39360
19.95254
19.51932
19.86704
21.01321
20.47897
19.88048
19.53011
19.23623
19.12324
18.89583
18.88385
18.82586
20.20025
20.61882
19.84676
19.46759
19.07951
18.94167
18.76333
18.69136
18.51040
18.53095
18.39772
18.21993
18.53439
18.90008
18.46825
18.20654
18.08609
18.24439
18.12559
17.95439
17.72928
18.15253
19.69652
19.67204
19.24321
19.11703
19.60289
19.32621
18.79527
18.59482
18.41432
18.29326
18.08112
17.92759
17.80152
17.90538
17.80569
17.54022
17.41299
17.33778
17.45532
17.30643
17.22512
17.07129
17.83206
19.66338
21.70057
22.30328
21.19134
20.44324
19.94060
19.81953
19.54144
19.22357
18.90195
18.67986
18.44435
18.23680
18.01313
17.80890
17.61441
17.47902
17.37527
17.25063
17.12896
16.95226
16.85428
16.72357
16.65477
16.51602
16.48319
16.37130
16.35062
16.22050
16.31954
16.65813
17.47804
17.97445
17.75127
17.84768
19.35223
20.43095
19.60076
19.15077
18.73251
18.79344
18.81881
18.51448
18.38470
18.41282
18.11846
17.88717
17.71881
17.60330
17.42850
17.28920
17.20613
17.30489
17.50841
17.88418
17.71585
17.43650
17.38593
17.13312
17.05063
16.91613
17.15097
17.96292
18.25428
17.71428
18.04127
18.48435
18.84125
19.69194
19.35032
18.52023
19.10824
20.48976
19.74037
19.09717
18.82549
19.19022
20.49501
19.79458
20.18439
20.92336
19.97323
19.55003
20.03853
19.77198
19.25122
18.95922
19.34953
20.48134
19.73319
19.81506
19.57288
19.23100
18.95471
19.94350
21.02377
20.22318
19.71705
19.41849
19.26331
19.10952
18.97750
18.80079
18.93776
19.83748
19.71265
19.31361
19.70826
19.43957
19.12065
18.90891
18.81635
18.63241
19.11325
20.28054
20.00473
19.36782
19.77337
20.98082
20.68381
19.98232
19.61095
19.40825
19.27675
19.12457
18.92780
18.78844
18.63106
18.50049
18.37219
18.25869
18.27145
18.86723
18.72333
18.37269
18.22103
18.07412
18.41869
19.03465
18.94748
18.68548
18.63743
18.38439
18.38806
18.46718
18.29045
18.09476
17.97202
18.02119
18.01248
17.86749
17.70091
18.07437
20.02845
19.99966
20.05102
20.12906
19.41744
19.17483
18.97835
19.00792
18.77802
18.49093
18.32958
18.20207
18.16507
18.14664
18.19954
17.92865
17.82910
17.65058
18.63719
19.26558
18.66218
18.35305
18.15983
18.03547
17.93475
17.82698
17.74754
17.63065
17.59417
17.44411
17.42917
17.17146
18.38205
21.25443
21.61817
23.19606
25.50234
24.31874
23.38522
23.42619
23.81027
23.45408
24.22430
23.87401
23.14543
22.38248
21.75735
23.22655
23.59173
23.46473
25.90825
25.22209
23.72565
22.83390
22.20381
21.83952
21.50394
21.47560
21.24642
21.02278
20.68129
20.36388
20.07122
19.81580
19.59107
19.35426
19.17505
18.98398
18.96409
18.87884
18.69622
18.42040
18.96608
19.45332
18.99209
18.70980
18.60547
18.45192
18.65708
19.67154
22.11518
23.37687
24.43536
24.04340
22.16578
21.46574
20.87628
22.51079
23.88618
24.99343
25.03259
24.42737
23.86307
25.20381
24.95628
24.41099
23.98255
23.34554
23.33786
23.02766
22.70995
22.34337
22.39223
24.31285
25.71707
24.59217
23.73256
23.16730
23.00744
22.55670
22.40896
22.05091
23.66871
24.60617
23.28356
22.93076
22.56412
23.74555
23.43926
22.63820
22.28082
22.00920
21.77634
21.60082
21.37499
21.33944
21.39770
21.19612
20.89320
20.85587
20.75804
20.75213
21.54574
21.67375
21.14498
20.87338
20.56084
20.46671
20.19083
20.22222
19.89474
21.13105
24.28085
25.89603
25.66898
25.43298
26.61341
26.46220
28.41057
27.96720
26.68365
26.94130
27.28474
27.00690
27.18801
26.65485
25.14710
24.98235
24.53676
24.28258
24.10328
24.18058
23.62330
24.45910
24.81377
23.76584
23.35803
22.87638
22.68388
22.36644
22.22696
22.31191
22.46698
21.95573
24.93283
26.43530
24.93851
24.12771
23.53009
23.26193
22.89395
22.69034
22.42061
22.26917
21.98296
21.78617
21.50978
21.37100
21.12892
21.09283
20.94108
20.82018
20.55684
20.54000
20.21400
20.89642
22.42579
25.35449
27.76654
29.15801
29.03412
27.38186
27.01197
26.58368
25.56336
24.76782
24.42962
25.22524
25.88416
24.80409
24.02980
23.46376
23.12742
22.78237
22.84289
22.88886
22.42273
22.02597
21.79077
21.55276
21.45023
21.32082
21.09460
20.92327
21.27203
22.33673
23.61229
23.84646
25.25048
26.79975
26.26602
24.94215
25.37658
25.34408
24.78016
25.13095
26.34325
27.17412
26.38157
25.59748
25.69693
25.40902
25.28170
24.78456
24.21683
24.17957
24.01511
23.82862
23.40221
23.36736
23.73772
24.47780
25.00348
26.50611
26.75152
27.50053
29.17327
27.94006
29.32909
30.02747
29.90340
30.53496
31.77647
32.43851
30.65109
28.73721
27.92961
27.30394
29.04852
31.16243
30.38353
30.39256
29.31516
28.00497
27.76886
27.50262
26.79866
26.47947
26.32027
25.94250
25.54770
25.44008
25.11526
24.91878
25.91402
27.13543
28.53655
27.26016
26.49593
25.78065
26.69407
28.35437
27.25409
26.21917
25.91826
25.67734
25.42863
24.91350
26.90819
28.85191
27.47659
26.53592
25.82100
25.82498
25.39346
25.12915
24.74158
24.59111
24.16637
24.25871
25.29011
25.70975
25.71324
25.97777
27.58239
26.50543
25.45932
25.36464
25.66163
25.34114
25.00887
24.48564
24.65879
26.46310
25.98104
24.95267
24.59247
24.23127
24.07648
24.12984
25.38542
26.58617
25.65570
24.79430
24.37967
24.11512
23.86093
23.78567
24.00658
23.76107
23.43374
23.18384
22.99067
22.82706
22.68290
22.53393
22.37724
22.22045
22.08165
21.96951
21.85652
21.78266
21.82300
21.66134
21.50578
21.36730
21.26553
21.24613
21.79176
22.06305
21.91279
22.14242
21.81025
21.93324
22.34894
21.90082
21.86270
21.76844
21.84907
21.57237
21.38287
21.14244
21.20318
20.99348
20.91926
20.70339
20.73639
20.60119
22.02312
22.21992
21.73485
21.26081
21.74008
22.26416
22.40460
21.98448
21.70140
21.20601
21.30530
21.01934
21.48629
21.31709
21.44215
20.80595
21.49438
