35.26559
34.05736
35.49662
34.39504
36.14650
36.42904
37.10140
35.96458
35.70344
34.55705
34.55965
35.14145
36.45343
36.07439
36.67011
36.12302
36.48329
36.15719
36.02107
35.32952
36.34752
37.05441
36.68934
36.03760
35.66094
35.06202
35.14917
35.01620
35.11623
35.51601
35.30697
34.84751
34.54128
34.50732
34.39528
34.53373
35.19221
35.14248
34.66172
34.73066
35.40354
35.06180
34.63240
34.16033
33.85138
33.60913
33.86198
34.04522
33.84941
33.59159
33.41313
33.36494
33.19887
33.03164
32.90871
33.03163
33.14814
33.05986
32.96697
32.94453
32.87656
32.88184
32.81093
32.65483
32.48645
32.43126
32.38193
32.24025
32.11917
31.97004
31.90352
32.03695
32.40457
33.05346
33.06136
33.00870
33.22346
33.03121
32.63183
32.53667
32.35323
32.07880
31.81712
31.65255
31.46654
31.54641
32.21895
32.89336
33.39993
33.20600
32.81432
32.94891
32.88038
32.55519
32.37318
32.41112
32.30391
32.37318
32.76005
32.67970
32.43202
32.38383
32.77653
32.90254
32.77735
32.47831
32.27624
32.47573
32.45797
32.28227
32.03226
31.83516
31.64801
32.00400
33.09437
33.12309
33.31217
33.30201
32.95255
32.64793
32.88832
32.86643
32.64155
32.29498
32.01801
31.80500
31.64690
31.49663
31.45556
31.39789
31.33892
31.45260
32.05363
32.09360
32.26920
32.37190
32.25419
31.96096
31.93151
32.15569
32.30391
32.21548
32.87037
32.50124
33.18723
35.27487
35.61360
36.47452
38.13733
39.39619
39.50062
39.58581
39.60737
39.37028
40.83939
41.75839
41.77651
41.56407
40.39249
40.16302
39.71152
39.36689
38.74139
39.61414
40.32701
40.13165
40.33801
40.54002
41.32511
40.69047
40.44236
39.53768
38.88767
39.26917
39.52313
39.84956
40.53283
41.10882
40.76891
40.20319
40.07185
40.10316
40.22111
41.60157
42.44975
41.64717
40.92572
39.55166
38.38648
37.98708
39.82390
40.10719
39.44214
39.69528
39.32231
39.75897
39.79873
38.25724
38.45987
38.21266
38.45806
38.82366
38.23116
38.87875
38.76427
38.74649
38.25268
38.48790
37.67214
37.05822
37.50578
37.35119
37.26971
37.36564
37.51007
37.62305
37.58346
37.57373
37.00306
37.19180
37.19221
37.30536
37.43336
37.21446
37.16766
37.48705
37.69412
37.98042
37.97174
37.81360
37.66350
37.45239
37.78616
38.26661
37.84269
37.03736
37.13548
36.80016
37.23446
37.87074
37.93806
38.03996
37.15522
37.73510
38.23274
37.89998
38.11254
38.18742
38.32619
37.97158
37.56329
37.24978
37.31279
38.00496
38.36090
38.81647
39.66145
39.56443
39.29424
39.09147
39.11072
39.04228
39.52164
39.42092
39.04370
38.64144
38.32952
38.09754
38.89466
39.45661
39.64889
39.92240
39.56466
39.34595
39.03112
39.49834
39.71875
39.93604
39.88882
39.90418
39.21917
38.71826
39.20756
39.81404
40.08508
40.26519
40.19558
38.86580
39.05138
39.76283
40.20934
40.01633
39.84305
39.65283
39.65562
39.70306
39.57480
39.13260
39.09846
40.83531
41.43656
40.77422
40.31643
39.67731
39.34103
38.91623
38.63282
38.45329
38.76701
39.00298
39.01119
39.94917
40.56210
40.80557
41.07332
40.80154
40.46014
40.12133
41.01716
41.59034
41.10040
40.33902
39.85795
40.35180
40.19036
40.53739
40.97588
41.04367
41.06031
40.42288
40.65075
40.92745
40.81202
40.63175
40.80154
40.62083
40.55351
40.56620
40.66579
40.64907
40.92912
41.06985
40.97385
40.72371
40.51421
40.66875
41.19261
41.36893
41.31422
41.05916
40.82116
40.32614
39.81459
39.23238
39.17324
39.69025
40.21827
39.97320
40.05580
40.16338
40.44758
40.82591
41.59935
41.89741
41.65540
41.44863
41.67308
41.74594
42.24013
42.34810
41.61026
42.51592
42.66009
42.26199
42.03050
41.93475
41.03215
41.04269
41.29595
41.27618
41.65600
42.24056
42.53723
42.79725
42.65656
42.28499
42.31530
42.33840
42.25709
42.04764
42.00828
41.80179
42.11709
42.21474
42.26634
42.28421
42.44318
42.59342
42.39275
42.31483
42.40843
42.37622
42.29858
42.18960
42.19043
42.23575
41.77582
41.61088
41.66471
41.68338
41.05150
41.67261
41.84413
41.81491
41.65018
42.22255
42.38568
41.75123
42.00234
42.85149
43.41079
43.28969
42.43709
42.11640
42.05725
41.87796
41.84614
41.64968
41.61254
41.46192
41.55382
41.32620
41.92864
41.45388
40.66587
42.23876
43.62074
42.78016
42.33516
42.10631
41.95720
42.34334
42.00425
41.20442
42.21269
41.66481
40.66382
41.44785
43.11104
43.71857
42.45132
41.76297
42.05618
42.05351
41.92806
42.81129
42.68752
43.86001
43.95806
43.82329
43.68848
43.24259
43.61477
43.28487
42.30422
41.82692
42.00294
42.15893
41.56809
41.61672
41.13670
41.41360
41.32733
41.24867
41.25278
42.12155
43.67301
43.71172
43.64690
44.33881
44.87504
45.25981
44.63582
45.29443
46.54554
46.17206
45.74416
45.35951
45.48296
45.41748
45.65568
45.64593
45.56126
44.54888
43.81120
43.57174
43.52511
43.63007
43.49908
43.92785
45.28936
45.81672
46.06548
45.28968
45.60321
46.16036
45.98620
45.59698
45.19161
44.53922
43.82048
43.53073
43.48339
44.98195
45.50670
44.92094
43.79172
43.48013
43.26619
43.09243
42.84294
42.84233
43.42453
43.27628
43.69464
44.07859
43.77267
44.50687
43.49723
43.04962
43.54767
44.20891
44.44013
44.80757
44.52280
45.29846
44.92837
44.97459
45.49683
43.92608
44.61110
43.71792
45.78472
47.15767
46.66663
46.76209
46.09239
46.08619
45.52644
45.68463
45.56247
45.76774
45.69685
45.54900
45.58708
45.53890
45.67076
45.86036
46.37376
45.54685
44.09607
43.88439
43.89644
44.43878
44.39317
44.59416
45.16732
45.11881
44.90299
44.66976
44.48005
44.55816
44.89468
44.79571
44.93982
45.48682
46.14841
46.25511
46.44059
46.06388
45.99984
45.75622
45.75191
46.05621
46.45781
47.00089
47.10416
47.00142
47.08568
46.99314
47.24185
47.33947
47.23086
47.13735
47.18212
48.02961
48.75512
48.94423
48.93340
48.45641
48.44432
48.11496
49.28622
50.04664
50.00510
49.84958
49.69813
48.73643
47.21287
48.18529
48.01550
48.15404
47.82712
47.95331
48.57552
48.32550
48.30661
47.77217
47.83100
47.98949
47.27473
48.19498
48.24896
48.22245
48.29047
48.47920
47.68171
47.07341
47.31728
47.32089
46.67913
46.70195
46.94399
46.95692
47.32780
47.18669
45.75762
46.14651
45.61671
46.50602
47.23269
47.36943
47.90471
49.44055
49.98596
49.95993
50.01486
49.88414
49.77450
48.92802
48.77899
48.56999
47.61873
47.44846
48.78486
49.06264
48.88940
48.37744
47.84593
47.24326
46.75384
47.37123
47.87942
47.64125
47.66970
47.21408
47.19306
46.74573
45.53525
45.76978
45.14354
44.73030
44.76136
44.63878
45.00839
46.43528
47.98791
47.65464
47.75563
47.55484
47.53028
47.81070
47.32361
47.30282
46.89480
46.71499
46.62025
46.86336
46.85716
47.22069
47.72719
47.64731
48.38495
48.10517
46.81872
46.52728
46.71074
47.92560
47.79809
47.61937
47.15017
46.74200
46.26657
46.66048
47.31067
47.73906
47.39254
47.27317
47.21948
47.06018
46.71823
47.85106
48.94943
48.25244
48.58032
48.78850
48.38671
48.01788
48.39864
47.97396
48.62888
49.79912
49.61379
49.13589
48.56996
48.15831
47.66230
47.54942
47.36228
47.18220
47.63810
48.22628
48.11062
47.93114
47.81237
47.83086
47.56946
47.40559
47.23641
47.35349
47.30316
47.20679
47.03553
47.45629
47.66122
47.41108
47.11794
46.83406
46.61204
46.39963
46.19943
46.02199
45.89149
45.75644
45.64879
45.58889
45.47796
45.36253
45.25387
45.13134
45.11521
45.71534
45.95713
45.79271
45.58622
45.37695
45.21098
45.03979
44.84339
44.70937
44.61823
44.51762
44.41812
44.35003
44.41940
44.39041
44.26756
44.16884
44.05715
43.92646
43.84770
43.75906
43.62583
43.46193
43.32316
43.21519
43.14648
43.15703
43.13639
43.06622
42.98907
42.91328
42.82852
42.73352
42.66230
42.60349
42.53923
42.48428
42.42534
42.36714
42.31446
42.25689
42.20055
42.14413
42.09812
42.04360
41.96855
41.90935
41.87834
41.84254
41.80610
41.79182
41.78347
41.73719
41.70228
41.65402
41.60475
41.55545
41.50806
41.45487
41.39912
41.33378
41.27715
41.20493
41.13719
41.09628
41.04893
41.01472
41.07213
41.12470
41.11036
41.06924
41.02766
41.00686
40.98458
40.95938
40.91889
40.86049
40.81499
40.76450
40.70572
40.65555
40.61424
40.56930
40.52398
40.47704
40.46915
40.53341
40.54399
40.52269
40.48526
40.44161
40.39818
40.34817
40.30086
40.25157
40.21369
40.16373
40.12021
40.07833
40.08040
40.03680
40.01880
39.95157
39.93121
39.85657
39.85540
39.78403
39.78701
39.70798
39.71625
39.62376
39.65514
39.54533
39.58512
39.46293
39.52386
39.38794
39.47075
39.30777
39.41071
39.23353
39.37689
39.15889
39.32662
39.07103
39.27297
38.98056
39.24001
38.89056
39.19752
38.78562
39.17172
38.67167
39.16513
38.51591
39.18455
38.38694
39.46439
38.44253
