15.12340
14.21670
14.73304
14.13005
14.49575
14.08269
14.37142
14.04398
14.23108
13.95065
14.10008
13.86808
14.08589
13.94851
14.12312
14.14277
14.21393
14.02390
14.04062
13.89321
13.90926
13.78077
13.79089
13.69101
13.70247
13.61388
13.61436
13.54059
13.54296
13.46332
13.44807
13.38164
13.35713
13.29484
13.27529
13.22795
13.19917
13.14034
13.10957
13.05465
13.01636
13.02045
13.06554
13.16022
13.18085
13.11093
13.05492
13.00223
12.95477
12.96121
12.99446
12.95229
12.91929
12.86348
12.83197
12.82465
12.80419
12.76561
12.72608
12.68596
12.63772
12.58526
12.55564
12.53294
12.48298
12.43390
12.39297
12.34338
12.34927
12.41704
12.40452
12.34385
12.30059
12.28299
12.23917
12.20360
12.16752
12.12351
12.08422
12.04385
12.01588
12.01477
11.98604
11.94131
11.89811
11.85750
11.81331
11.76679
11.71697
11.67455
11.63049
11.58912
11.56243
11.52580
11.48331
11.43691
11.39240
11.35097
11.30840
11.26703
11.22902
11.19856
11.16602
11.12605
11.09022
11.05995
11.02824
10.99604
10.95562
10.91868
10.87782
10.84112
10.80221
10.76183
10.71895
10.67697
10.63132
10.59180
10.55371
10.51337
10.47648
10.44663
10.40327
10.38034
10.36181
10.32489
10.28122
10.28556
10.33409
10.32375
10.29173
10.33696
10.45223
10.59736
10.94452
11.41537
11.93023
12.42059
12.87366
13.35414
13.67350
13.89316
14.02912
14.10640
14.11797
14.25733
14.39009
14.52907
14.63247
14.76994
14.68344
14.80105
15.01379
15.10555
15.08305
15.20098
15.19771
15.19155
15.28020
15.33167
15.26304
15.26463
15.38146
15.34006
15.41840
15.29820
15.19950
15.14005
15.12019
15.16487
15.32810
15.38449
15.62723
15.71740
15.63844
15.44132
15.50268
15.79966
15.90729
15.98727
15.90266
15.88807
15.87293
15.86959
16.05925
16.14452
15.93797
15.80145
15.77143
16.30642
16.51122
16.47455
16.42795
16.21957
16.08298
16.05174
16.01977
15.89744
16.15066
16.48758
16.57879
16.70441
16.48059
16.41934
16.43781
16.67337
16.79612
16.62621
16.57639
16.51692
16.49353
16.67066
16.76023
16.70003
16.99241
17.05317
16.94185
17.04336
16.99088
17.00876
17.17730
17.32391
17.26287
17.55160
17.93206
17.59155
17.50323
17.35242
17.23146
17.26279
17.41804
17.29992
17.27268
17.36078
17.29580
17.20454
17.17347
17.09719
17.12248
17.08922
17.03754
17.07998
16.85683
16.72475
16.65798
16.73351
16.67538
16.69222
16.62771
16.64683
16.89157
16.81689
16.73961
16.70946
16.69001
16.72420
17.00825
17.53783
17.57886
17.36500
17.19332
17.04864
17.25704
17.46318
17.21361
16.98373
17.12228
17.41449
17.21738
17.21201
17.01004
16.88264
16.78791
16.86716
16.85043
17.08312
17.14895
17.19254
17.46977
17.33305
17.30521
17.08380
16.89671
16.72479
16.62661
16.56162
16.68269
16.74641
16.70046
16.59891
16.68626
16.77250
17.09034
17.44556
17.53276
17.69254
17.43768
17.38058
17.47564
17.65207
17.71044
17.80256
17.53445
17.47619
17.69399
17.32284
16.96756
16.70966
16.94023
16.92832
16.72873
16.60357
16.43060
16.37762
16.30432
16.30942
16.74592
16.95170
16.71415
16.49429
16.36445
16.32554
16.37275
16.56367
16.80618
16.70505
16.57755
16.50761
16.54945
17.07249
17.00965
16.76029
16.58933
16.86772
16.91079
17.13945
17.29775
17.07393
17.43565
17.40494
17.05345
16.81589
16.71049
16.64374
16.53461
16.67664
16.65642
16.90789
17.11652
17.18351
17.07384
16.77713
16.63699
16.56426
16.83409
16.78818
16.69137
16.59975
16.59059
16.93985
17.07806
17.02799
16.88404
16.72153
16.59100
16.69084
17.07513
17.28400
17.11751
16.90131
16.75307
16.84621
17.30111
17.32316
17.01659
16.80076
16.66324
16.61773
16.61034
16.54923
16.57279
16.60183
16.59613
16.61308
16.65940
16.70987
17.02536
17.66348
17.62428
17.46659
17.30915
17.45015
17.65080
17.45535
17.33304
17.26073
17.21326
17.16293
17.12609
17.21863
17.40858
17.57777
17.47811
17.46456
17.97446
18.05355
17.83616
17.78815
17.70709
17.64496
17.61107
17.58174
17.70376
18.08427
18.28985
18.13431
18.02029
17.97384
18.17738
18.38955
19.06656
19.17641
19.01416
18.84623
18.61159
18.48001
18.36717
18.74447
19.03061
18.78270
18.56223
18.40958
18.32794
18.25707
18.22594
18.15147
18.29531
18.45084
18.42129
18.39298
18.50930
18.51601
18.47994
18.42621
18.52034
18.50451
18.67590
18.91943
19.51988
19.68212
19.58143
19.35984
19.15401
19.22419
19.24089
19.10883
19.04503
19.01421
18.90550
18.84919
18.99942
18.94352
19.26149
19.76048
19.55249
19.67357
19.59508
19.50379
19.49422
19.28152
19.22084
19.28802
19.28239
19.22565
19.32782
19.56943
19.57532
19.56575
19.50182
19.37744
19.47700
19.57673
19.41145
19.35951
19.28143
19.28069
19.21384
19.49846
19.70230
20.17225
20.43235
20.14683
20.11473
19.92981
19.71154
19.57677
19.49712
19.47506
19.63161
19.65297
19.59793
19.44669
19.33020
19.24511
19.63302
19.77738
19.60826
19.41923
19.71150
20.31915
20.35199
20.40351
20.38639
20.52977
20.38227
20.23533
20.28159
20.10817
19.90273
19.76318
19.68142
19.62280
19.54995
19.49351
19.42938
19.41241
19.42907
19.60452
19.71317
19.86108
20.15217
20.05718
19.99729
19.80955
19.70689
19.61293
19.55703
19.50878
19.52206
19.45364
19.66759
20.21576
20.29304
20.21764
20.07892
19.95931
19.92391
19.84954
19.62136
19.47969
19.39538
19.38045
20.08217
20.62810
20.75518
20.78197
20.70979
20.38518
20.00717
19.82696
19.81979
20.19738
20.32768
20.09145
19.91329
19.78847
19.63837
19.57478
19.48520
19.60898
19.69094
19.60933
19.52021
19.48800
19.45024
19.65364
19.73900
19.61877
19.54001
19.51747
19.45788
19.40794
19.36078
19.33740
19.31535
19.53696
19.59346
19.51454
19.38606
19.36947
19.41412
19.95832
20.33142
20.18501
20.07258
20.35879
20.76347
20.85558
20.57662
20.34543
20.18380
20.33094
20.39939
20.21649
20.17222
20.09180
19.97970
19.97004
19.99486
20.70553
21.08592
20.93402
20.77000
20.49783
20.33440
20.54097
20.60378
20.41672
20.35440
20.48346
20.55336
20.37981
20.26041
20.08708
20.02465
19.92498
19.89087
19.83785
20.11926
20.20540
20.08198
19.93580
20.14546
20.35900
20.38884
20.30298
20.13774
20.05286
19.97256
20.00141
19.98023
20.04444
19.95568
20.52773
20.57442
20.63970
21.21974
21.23186
21.10961
21.34092
21.35185
20.98560
20.98482
20.97338
20.73906
20.61549
20.46136
20.44650
20.62697
20.94349
21.28091
21.14217
21.06684
20.82325
20.66505
20.60365
20.57404
20.43269
20.39924
20.34358
20.30192
20.28911
20.24605
20.22887
20.22250
20.14267
20.19772
20.24054
20.20984
20.08375
20.05503
20.19416
20.29372
20.21071
20.34725
20.55174
20.34604
20.27909
20.32416
20.23721
20.41474
20.64779
20.77442
20.60314
20.42122
20.33645
20.25372
20.18676
20.14313
20.19180
20.16591
20.06653
20.05559
20.32716
20.44274
20.48582
20.40894
20.24001
20.09492
20.05005
20.73428
21.05812
20.84492
20.64663
20.38596
20.24664
20.20438
20.18665
20.14973
20.09372
20.00303
19.96848
19.85237
19.91802
20.11859
20.03854
19.91275
19.86962
19.75048
19.69439
19.60579
19.59070
19.54622
20.21184
20.85673
21.09121
21.53503
21.77322
21.72993
21.59561
21.89492
21.86582
21.51915
21.18248
21.13523
21.15714
20.99971
20.89138
20.75811
20.71049
20.60242
20.62189
20.70351
20.58562
20.43284
20.76956
21.00899
20.84551
20.65802
20.46926
20.35338
20.53841
20.55197
20.36520
20.26616
20.16443
20.12336
20.07661
20.03176
19.97387
19.99703
19.98970
19.93886
19.94761
20.23149
20.19898
20.05329
19.97251
19.89260
19.82214
19.77945
19.73192
19.68204
19.63059
19.58515
19.53413
19.48677
19.43350
19.38181
19.32601
19.28431
19.23754
19.18121
19.14707
19.11462
19.06486
19.01615
18.99667
18.95249
18.91348
18.86307
18.83902
18.82556
18.78397
18.72064
18.67306
18.61431
18.57207
18.50698
18.62033
18.79209
18.71543
18.62583
18.55082
18.48479
18.43411
18.36991
18.32382
18.29147
18.34707
18.39945
18.31075
18.24197
18.17177
18.12584
18.07633
18.02196
17.96712
17.92459
17.91633
17.88060
17.88934
18.17639
18.23523
18.11909
18.01726
17.94054
17.87880
17.81801
17.76191
17.71117
17.66192
17.60594
17.56408
17.51962
17.47182
17.41494
17.41478
17.42150
17.35937
17.29751
17.24976
17.20225
17.14932
17.09306
17.03754
16.99208
16.95555
16.90494
16.86112
16.80349
16.77377
16.72817
16.67720
16.62026
16.57858
16.51065
16.63662
16.81332
16.75604
16.69922
16.76467
16.77091
16.68473
16.63036
16.59493
16.54681
16.50153
16.48062
16.46387
16.42931
16.37223
16.32926
16.27336
16.23670
16.21322
16.18465
16.17191
16.16065
16.09615
16.06877
16.00804
15.98111
16.01487
16.43661
16.62160
17.02560
17.42047
17.42178
17.31571
17.42796
17.48118
17.37877
17.29801
17.24301
17.18483
17.13715
17.07779
17.05863
16.99711
16.97185
16.87803
17.14154
17.65996
17.87043
17.91017
17.89824
17.72885
17.64539
17.66191
17.64694
17.56889
17.39123
17.34913
17.46973
17.79322
17.97906
17.85632
17.78884
17.61013
17.59522
17.57878
17.62220
17.50272
17.49675
17.40385
17.46004
17.32093
17.45811
17.29088
17.37736
17.17908
17.26093
17.08049
17.09674
16.75936
17.30980
17.09209
17.47914
16.80741
17.61846
11.58679
9.25203
9.73206
9.54395
9.59783
9.69683
9.53512
9.90494
9.28590
10.35446
3.56036
-1.11781
0.19999
-0.60528
-0.02204
-0.49027
-0.16052
-0.47741
-0.16652
-0.39735
-0.17827
-0.37180
-0.20076
-0.35382
-0.21667
-0.33868
-0.22888
-0.32963
