37.11458
35.11145
36.42815
34.81928
35.63793
34.75052
35.61646
34.84435
35.30908
34.58916
34.95429
34.76500
35.51046
35.11060
35.25820
34.98119
35.43757
35.09280
35.17744
34.74835
34.85470
34.65009
34.84899
34.65042
34.70885
34.57463
34.74727
34.56903
34.55840
34.37957
34.38694
34.25136
34.24272
34.11718
34.09679
34.08017
34.27655
34.22840
34.20654
34.08438
34.29986
34.56682
34.59380
34.44822
34.28503
34.19848
34.14915
34.10598
34.03251
33.96061
33.89572
33.84722
33.83612
33.78370
33.73731
33.69630
33.66045
33.61859
33.59302
33.56195
33.79788
33.98699
33.98355
34.02282
33.97012
33.89184
33.86176
34.32688
34.67766
34.70908
34.56850
34.37497
34.27726
34.16853
34.21089
34.29736
34.26935
34.18217
34.09329
34.02358
33.95597
33.91428
33.85998
33.79133
33.77698
33.71851
33.90088
34.41461
34.57321
34.49163
34.33365
34.16445
34.05655
33.98320
34.23455
34.58573
34.61443
34.51219
34.33625
34.23755
34.13554
34.06044
33.98336
33.93754
33.88876
33.84479
33.79387
33.75382
33.71133
33.67085
33.62634
33.58372
33.89562
35.17887
35.98566
36.06888
35.85335
35.46111
35.13219
34.91972
34.79226
34.73279
34.66169
34.57048
34.59175
35.13922
35.42357
35.31146
35.04670
34.79622
34.63579
34.58542
34.52884
34.42263
34.34519
34.26818
34.38277
34.34255
34.49226
35.09927
35.61048
36.56202
36.88052
37.15053
36.85876
37.14617
37.67228
37.60273
37.60016
37.98100
38.02613
37.66845
37.33572
36.90500
36.56426
36.23124
36.04667
36.95841
37.86384
37.79469
37.38437
36.82393
36.87142
37.34339
37.79144
38.07185
38.07121
37.80275
37.53284
37.16848
36.85180
36.73956
36.50678
36.30635
36.22683
36.03964
36.04994
35.94918
35.86546
35.81698
35.69983
35.62365
36.15295
36.77999
36.83223
36.62944
36.34877
36.27561
36.29313
36.14143
35.97024
35.99856
35.82565
35.78471
35.74323
36.41094
36.99862
36.99072
36.71822
36.39667
36.15003
35.97592
35.81303
35.80347
35.72150
35.96693
36.27552
36.32129
36.16071
36.11939
36.12515
36.08749
36.09591
36.02704
35.93093
35.87607
35.71935
35.95430
36.62078
36.70967
36.56478
36.13758
35.96026
35.81865
35.68201
35.63326
35.53222
35.50263
35.54847
35.80606
35.95572
36.13672
36.33292
36.22582
36.06782
35.89021
35.88078
36.91091
37.63541
37.63387
37.26457
36.81128
36.48379
36.23845
36.14454
36.07187
35.88806
36.20137
36.07970
35.85871
35.89501
36.10193
36.30698
36.16262
35.98864
35.80748
35.85774
35.74235
35.32676
35.43302
35.73398
35.60989
35.62126
35.50055
35.47604
35.46075
35.49622
35.45865
35.58608
36.21391
36.78635
36.73777
36.49769
36.52342
36.36735
36.19056
36.05651
36.24124
36.34908
36.30687
35.97097
35.75685
35.57667
35.32104
35.47685
35.60541
35.30005
35.17615
35.06655
35.43783
36.04615
36.16970
36.14285
36.64028
36.94719
36.84652
36.57573
36.24219
36.16186
35.99497
36.26548
36.86671
36.97905
36.81417
36.52496
36.30830
36.12872
36.01686
35.88594
35.93478
36.21345
36.29261
36.43378
36.45277
36.32519
36.16899
36.02589
35.92018
35.82569
35.85553
36.42010
36.65917
36.57226
36.31970
36.15877
35.96935
35.88409
35.94873
35.88722
35.87852
35.74639
35.64613
35.55724
35.54962
35.45601
35.48503
35.45188
35.52766
35.72702
35.82659
35.81343
36.15006
36.49171
36.52276
36.44832
36.31312
36.20365
36.03118
36.02651
35.97198
35.98011
35.82682
35.76679
35.59042
35.57119
35.47230
35.33535
35.24881
35.26703
35.64145
36.48003
37.01197
37.04210
36.82931
36.65104
36.60711
36.47267
36.32792
36.48776
36.67567
36.64348
36.84537
36.73771
36.59214
36.42253
36.46463
36.37917
36.37890
36.35512
36.31498
36.17020
35.97521
35.95226
36.33308
36.56967
36.58799
36.46154
36.24841
36.13225
36.05578
36.46244
37.20636
37.20667
37.12453
36.81043
36.61365
36.32510
36.12149
35.95694
36.01798
36.17301
36.20678
36.07170
36.03041
35.98375
36.00257
36.12196
35.98854
35.95941
35.93523
36.00012
35.93473
35.91862
35.94276
35.87612
35.74300
35.57360
35.59733
35.51018
35.70870
35.69850
35.81337
35.72035
35.71007
35.91272
36.30595
36.27960
36.49232
36.31888
37.17218
39.23639
40.25899
40.72931
40.27811
39.46556
39.08411
38.72747
38.42221
38.17375
37.98225
37.98294
37.84900
37.52440
37.29593
37.21023
36.93390
37.07493
37.39981
37.57188
37.38410
37.26643
37.13782
37.02734
36.85733
36.76751
36.67157
36.52493
36.34860
36.28765
36.10414
36.11048
36.09653
36.12727
36.04508
36.11120
36.06712
36.26418
36.26249
36.34756
36.49487
36.41498
36.34621
36.36828
36.17376
36.25367
36.43334
36.36031
36.46841
36.40121
36.31675
36.28233
36.26244
36.26508
36.06050
36.28326
36.47726
36.20368
36.03297
36.15127
36.32351
36.82349
38.26553
39.11236
39.10995
38.84599
38.51176
38.06038
38.25504
38.04880
37.99248
38.16550
38.74389
39.66277
39.81450
39.43486
38.96666
38.47563
38.26244
38.27650
38.69729
38.82253
38.39554
38.23914
38.28055
38.38200
38.25385
39.40079
40.47493
40.49359
40.18982
39.74105
39.40080
39.09868
38.85879
38.68585
38.54233
38.40666
38.29145
38.17188
38.04527
37.93493
37.82709
37.72446
37.64500
37.55421
37.48665
37.39892
37.31383
37.25870
37.21066
37.11690
37.07191
36.99778
36.95992
36.87512
36.79833
36.72270
36.66837
36.72295
36.65841
36.49336
36.48209
36.48035
37.49984
38.69032
39.24104
39.22331
39.48440
40.90821
41.28836
41.05330
40.29618
39.57278
39.04292
38.70684
38.43240
38.23887
38.04867
37.91805
37.77520
37.66750
37.53355
37.41035
37.31050
37.19901
37.11548
37.00916
37.11468
37.15983
37.04404
36.92658
36.86393
36.90961
37.27577
37.38390
37.36905
37.27301
37.05203
36.91260
36.76629
36.68347
36.31698
36.42124
37.38386
37.74069
37.67727
37.35405
37.06989
36.82475
36.62330
36.43247
36.21055
36.07977
35.95513
35.80799
35.74213
35.68375
35.55848
35.45204
35.37054
35.28246
35.19299
35.06499
35.04709
35.01761
35.04246
35.07010
35.00621
34.96030
35.18334
35.55852
35.61275
35.45650
35.31467
35.25728
35.18309
35.10976
35.02149
34.90859
34.89125
35.25629
35.49383
35.46490
35.30372
35.15460
35.04241
35.06008
35.20697
35.18927
35.11926
34.99889
35.14241
35.45556
35.48394
35.40237
35.22407
35.12189
35.01289
35.00865
34.95625
34.91248
34.82559
35.59597
36.68713
36.98229
36.97051
36.67628
36.40287
36.12628
35.93389
35.77233
35.70182
35.61519
35.57019
35.45538
35.49170
35.93398
35.90637
35.86156
36.09690
36.49230
36.50570
36.51219
36.40745
37.36753
38.68656
39.24775
39.24093
38.79770
38.41180
38.10471
37.92975
37.76109
37.64426
37.51613
37.42447
37.33579
37.37396
37.40704
37.24137
37.11285
37.05564
37.01525
36.96073
36.89643
36.82076
36.78762
36.72972
36.71349
36.62670
36.83681
37.37104
37.53115
37.46109
37.27301
37.11020
36.99814
36.87857
36.80315
36.74350
36.69291
36.68085
36.87299
36.96376
36.97858
37.03977
37.02888
37.04605
37.02436
36.97955
37.35210
37.84244
37.87378
37.74589
37.56998
37.38511
37.38007
37.30532
37.18199
37.10933
37.03815
37.09986
38.17534
38.95776
39.08030
39.89286
41.57136
42.46731
42.66964
42.71499
42.19666
41.50119
40.81776
40.43007
39.93765
39.56460
39.33208
39.14794
38.98677
38.86895
38.71519
38.60756
38.47066
38.62879
39.53459
40.04614
39.99061
40.24856
40.66455
40.56156
40.49233
40.56750
40.40450
40.08384
39.74795
39.55803
39.58991
39.66279
39.61086
39.50398
39.36696
39.20924
39.07660
38.96020
38.87056
38.77935
38.66806
38.55687
38.47388
38.38407
38.30476
38.22522
38.14181
38.05928
37.98636
37.91171
37.84266
37.77795
37.71069
37.63814
37.57324
37.53919
37.47974
37.39719
37.35046
37.28221
37.23386
37.18539
37.13676
37.08291
37.05245
36.99421
36.94618
36.89586
36.85579
36.81434
36.77345
36.74339
36.67644
36.62457
36.67363
36.68378
36.66005
36.60788
36.57413
36.51259
36.47637
36.42335
36.38565
36.46956
37.59297
38.81749
39.32689
39.61004
39.87369
39.79157
39.99796
41.04066
41.36986
41.13187
40.46568
39.86909
39.44785
39.16340
38.93714
38.81408
38.74031
38.63208
38.50995
38.38724
38.26923
38.14417
38.04678
37.94279
37.93554
38.11530
38.13288
38.02961
37.88794
37.75793
37.65305
37.55198
37.46599
37.37665
37.30369
37.21810
37.15706
37.07433
37.01195
36.93417
36.88054
36.80596
36.77374
36.68329
36.65165
36.54730
36.51802
36.42532
36.40133
36.31200
36.32673
36.19548
36.21304
36.10409
36.39230
36.85587
37.30831
37.49716
37.55808
37.16054
37.20797
