7.85975
7.44655
7.78171
7.49930
7.71447
7.53484
7.72145
7.57114
7.69658
7.55461
7.63511
7.51293
7.57689
7.47581
7.52706
7.44180
7.48293
7.41248
7.45733
7.39840
7.42576
7.37430
7.40439
7.37485
7.40011
7.36201
7.37921
7.35322
7.36728
7.34103
7.34499
7.32359
7.33902
7.32342
7.32262
7.30608
7.30114
7.28936
7.29111
7.27464
7.26259
7.25044
7.23560
7.22219
7.20550
7.19793
7.18763
7.18865
7.16441
7.18792
7.08684
6.94534
6.95760
6.93670
6.93597
6.91655
6.91753
6.90333
6.89467
6.88288
6.87735
6.88072
6.88970
6.88772
6.89547
6.89047
6.90435
6.90977
6.92364
6.93187
6.93069
6.93230
6.92839
6.92062
6.91504
6.90571
6.90330
6.89506
6.88404
6.87311
6.86768
6.89178
6.89828
6.88405
6.87868
6.86682
6.86611
6.85951
6.86380
6.85885
6.85953
6.84661
6.84431
6.83718
6.85010
6.84401
6.86406
6.87427
6.99733
7.25982
7.47467
7.71183
7.91382
8.10587
8.24526
8.33235
8.41198
8.45862
8.43068
8.37589
8.32231
8.29055
8.29187
8.34888
8.36612
8.33081
8.32915
8.31610
8.25501
8.24568
8.25493
8.28496
8.28913
8.28395
8.25918
8.25627
8.24883
8.25960
8.24401
8.18736
8.17232
8.21702
8.24877
8.31727
8.35013
8.34056
8.30014
8.23147
8.17357
8.12800
8.12487
8.12993
8.13888
8.12746
8.13610
8.13863
8.10117
8.08544
8.08794
8.10075
8.09468
8.14288
8.15756
8.13337
8.12164
8.12289
8.12788
8.14103
8.17540
8.19719
8.21686
8.26183
8.31947
8.36595
8.50536
8.67791
8.85450
8.91154
8.86060
8.78238
8.69121
8.63028
8.55323
8.45743
8.52084
8.56729
8.61346
8.62129
8.55419
8.53851
8.54037
8.50296
8.56194
8.59602
8.55766
8.56126
8.54763
8.53300
8.53541
8.54584
8.54690
8.59215
8.62866
8.62581
8.60774
8.55155
8.49911
8.53245
8.60477
8.69393
8.70956
8.69634
8.65291
8.64717
8.69990
8.79714
8.96092
9.06712
9.14351
9.14388
9.09231
9.00569
8.93247
8.85423
8.80594
8.77462
8.80829
8.78460
8.72221
8.70284
8.70865
8.74385
8.70541
8.71302
8.70352
8.71683
8.80207
8.86556
8.91488
8.89961
8.86819
8.85648
8.85058
8.87228
8.87591
8.89281
8.92935
8.93265
8.90962
8.90527
8.89079
8.90132
9.03954
9.16720
9.25434
9.24272
9.22229
9.21320
9.22064
9.17106
9.12620
9.08960
9.10307
9.05933
9.05068
9.04918
9.11412
9.20257
9.29438
9.42353
9.58228
9.76581
9.98592
10.18111
10.21800
10.14539
10.02811
9.93374
9.82020
9.76688
9.68529
9.62234
9.61516
9.61148
9.58859
9.57862
9.55099
9.50934
9.47656
9.44529
9.41572
9.40138
9.41759
9.40279
9.37963
9.35804
9.34254
9.32622
9.30874
9.30314
9.31044
9.36344
9.39018
9.41990
9.42878
9.40483
9.43081
9.49648
9.50973
9.53310
9.61919
9.77079
9.86072
9.85693
9.85322
9.83639
9.81972
9.93603
10.02389
9.99794
9.94383
9.89004
9.83783
9.82601
9.81248
9.83265
9.91360
10.04490
10.09489
10.04981
10.00036
9.92485
9.84771
9.81030
9.80885
9.78810
9.76387
9.72864
9.69796
9.66546
9.64145
9.61133
9.59784
9.55799
9.52800
9.50431
9.50179
9.48305
9.50072
9.54231
9.56013
9.56403
9.55133
9.52148
9.48634
9.46012
9.44003
9.42580
9.40787
9.39356
9.38079
9.36441
9.36514
9.36083
9.34524
9.34851
9.34172
9.34284
9.33542
9.33406
9.31852
9.31504
9.29705
9.26712
9.23596
9.23123
9.23750
9.22617
9.22039
9.21976
9.22981
9.25309
9.27362
9.24880
9.21441
9.19157
9.16378
9.12079
9.10747
9.10492
9.12025
9.12446
9.13429
9.11506
9.16168
9.17547
9.15225
9.17361
9.21519
9.22244
9.20153
9.17129
9.13637
9.09794
9.05370
9.01736
9.04229
9.01597
8.96540
8.97689
8.97046
8.95233
8.94088
8.94013
8.92917
8.92087
8.93074
8.96068
8.99895
9.10677
9.24084
9.35599
9.35722
9.29383
9.27571
9.23497
9.19276
9.11023
9.05250
9.01635
8.99244
8.96178
8.95224
8.94808
8.95844
8.99369
9.02132
9.05721
9.08342
9.08940
9.13987
9.15082
9.20431
9.26221
9.28754
9.28991
9.25932
9.22668
9.16816
9.14760
9.11441
9.09122
9.07412
9.05573
9.03180
9.01105
8.98804
8.97869
8.97128
8.96686
8.93713
8.91716
8.94058
8.93997
8.92669
8.91552
8.90933
8.88445
8.87402
8.85993
8.86576
8.88394
8.89050
8.90605
8.90542
8.89448
8.89979
8.89809
8.87683
8.87300
8.91217
8.93561
8.92903
8.90563
8.90655
8.90026
8.88520
8.90465
8.91122
8.92627
8.93142
8.94205
8.94790
9.01994
9.06532
9.12226
9.15297
9.11744
9.07934
9.03656
9.02025
9.00166
8.96409
8.93662
8.91463
8.88787
8.86462
8.84673
8.82671
8.79995
8.77878
8.76528
8.74965
8.72854
8.72330
8.71664
8.69763
8.67545
8.66219
8.65002
8.65433
8.64096
8.62420
8.61657
8.61037
8.59005
8.58006
8.56323
8.57883
8.57436
8.55964
8.54197
8.54121
8.57457
8.56712
8.56085
8.54879
8.55607
8.56589
8.56272
8.53644
8.58940
8.68616
8.84459
8.92083
8.93916
8.93756
8.92590
8.90278
8.87550
8.85022
8.80081
8.76349
8.76186
8.75358
8.73911
8.73205
8.73516
8.72806
8.72372
8.73616
8.77080
8.78415
8.79151
8.76934
8.75367
8.74634
8.71847
8.69929
8.68579
8.68275
8.69812
8.67263
8.67266
8.70392
8.76768
8.80711
8.84587
8.84475
8.84415
8.83019
8.79641
8.77284
8.76499
8.77197
8.79485
8.80703
8.79694
8.80052
8.78846
8.78142
8.77247
8.75437
8.74264
8.72447
8.70433
8.68510
8.67132
8.64970
8.61879
8.59617
8.58548
8.58625
8.58007
8.59809
8.64711
8.76751
8.89727
9.01777
9.07572
9.08552
9.07404
9.04886
9.00826
8.95611
8.91886
8.87345
8.84119
8.80877
8.80568
8.79105
8.78115
8.74679
8.74555
8.71688
8.71233
8.70033
8.67345
8.62929
8.61088
8.63431
8.60980
8.60752
8.59993
8.59266
8.60233
8.61352
8.61574
8.60294
8.59201
8.63414
8.69444
8.72698
8.74258
8.77080
8.79806
8.86117
8.89804
9.03416
9.34208
9.57765
9.60547
9.63909
9.74025
9.86277
9.97320
10.02512
10.03017
10.00880
9.95597
9.92731
9.93612
9.94752
9.94751
9.90903
9.83009
9.76359
9.72201
9.67714
9.62931
9.59463
9.57107
9.55425
9.53895
9.54284
9.53118
9.50951
9.49384
9.49313
9.50356
9.55804
9.53563
9.51362
9.65198
9.67746
9.88018
10.08760
10.21107
10.21616
10.08929
10.05122
10.05397
10.06610
10.05065
10.04655
10.07859
10.03859
10.04518
10.11102
10.13625
10.19168
10.39981
10.47669
10.53886
10.69087
10.63116
10.55123
10.48886
10.52646
10.52479
10.62129
10.68782
10.77414
10.78963
10.88148
10.97634
11.04236
11.05112
11.00109
10.95276
10.88676
10.82930
10.77689
10.72914
10.70105
10.67935
10.66047
10.63394
10.64938
10.68931
10.69294
10.68876
10.68289
10.67464
10.67526
10.67676
10.66392
10.65541
10.65925
10.65146
10.63575
10.62956
10.62495
10.62926
10.61623
10.59998
10.59555
10.58134
10.57697
10.56739
10.56185
10.55214
10.54270
10.54144
10.54896
10.58075
10.67509
10.75558
10.81473
10.86293
10.88226
10.86815
10.86725
10.90787
10.94546
10.95304
11.02933
10.99333
11.05990
11.11851
11.32353
11.70062
11.86934
11.87373
11.80447
11.68191
11.54488
11.41726
11.47661
11.66615
11.94658
11.99333
11.95279
11.87737
11.77443
11.70886
11.64429
11.60038
11.49438
11.43243
11.40395
11.37871
11.34159
11.30982
11.27742
11.25100
11.22847
11.20451
11.18670
11.18619
11.21038
11.23354
11.25145
11.27601
11.28142
11.27773
11.28110
11.28066
11.28665
11.29428
11.30847
11.36224
11.44162
11.50149
11.51696
11.49385
11.45855
11.40362
11.35586
11.31363
11.30627
11.27653
11.24896
11.24083
11.22071
11.20991
11.19289
11.18223
11.16825
11.16220
11.15514
11.13757
11.12321
11.09067
11.08146
11.08660
11.08694
11.11923
11.14538
11.15604
11.14563
11.13438
11.11391
11.10559
11.11892
11.12760
11.12393
11.11655
11.10374
11.10007
11.09112
11.08263
11.08653
11.08958
11.08974
11.08528
11.07598
11.06809
11.05385
11.04219
11.02392
11.00688
10.99365
10.97861
10.97139
10.97468
10.99568
10.99804
10.99837
10.97734
10.96762
10.94309
10.93509
10.90954
10.90826
10.88177
10.88214
10.85352
10.85924
10.83033
10.84442
10.81091
10.83347
10.80325
10.83513
10.79672
10.83556
10.79451
10.85072
10.79363
10.84431
10.77890
10.84225
10.76024
10.83658
10.74413
10.82566
10.71225
10.82087
10.69673
10.83946
10.67766
10.86988
10.69934
10.95734
10.70394
11.03585
10.63410
11.16868
