20.25971
19.15021
20.01468
19.28128
19.80298
19.25039
19.63901
19.22802
19.55134
19.23996
19.52346
19.29291
19.52126
19.33648
19.53426
19.35389
19.49337
19.33689
19.51438
19.44486
19.55110
19.43681
19.50653
19.43401
19.52016
19.45198
19.51935
19.47865
19.54926
19.49712
19.52428
19.47145
19.50066
19.46969
19.49119
19.45973
19.47449
19.44976
19.53490
19.61473
19.64171
19.63262
19.62946
19.64860
19.69065
19.68723
19.68562
19.66573
19.66212
19.68297
19.68702
19.67372
19.65539
19.63961
19.65387
19.65894
19.64769
19.64010
19.63105
19.62295
19.61494
19.62688
19.62685
19.61756
19.62559
19.62763
19.62940
19.63301
19.63191
19.66439
19.76681
19.82454
19.81517
19.78256
19.74831
19.72160
19.71340
19.69880
19.68196
19.67002
19.65488
19.64403
19.64774
19.66012
19.65861
19.65135
19.64963
19.64637
19.63813
19.64065
19.65997
19.68036
19.70854
19.72007
19.70457
19.68859
19.67529
19.66409
19.65136
19.65045
19.65195
19.64243
19.63903
19.63383
19.62621
19.61862
19.60937
19.60517
19.62809
19.65297
19.67424
19.67844
19.66688
19.66009
19.65183
19.64363
19.63935
19.65333
19.67543
19.69286
19.68712
19.68558
19.69380
19.69112
19.69233
19.69605
19.69114
19.68614
19.69263
19.69567
19.69433
19.68781
19.68238
19.68690
19.68560
19.67654
19.66611
19.67138
19.87435
20.29477
20.48347
20.43132
20.32961
20.20819
20.09640
20.01032
19.95209
19.91102
19.88878
19.87851
19.87191
19.86963
19.86664
19.88872
19.90985
19.90305
19.88409
19.86452
19.84761
19.83061
19.81985
19.81704
19.81683
19.81933
19.81173
19.80135
19.79081
19.79793
19.80787
19.84758
19.88456
19.92638
19.96059
19.95124
19.94468
19.93575
19.90848
19.88040
19.86114
19.83928
19.84487
19.84072
19.82906
19.80199
19.79229
19.83615
19.85715
19.86374
19.84691
19.85754
19.87959
19.88773
19.86670
19.84897
19.83498
19.83612
19.88101
19.89789
19.87185
19.86634
19.87926
19.86445
19.79947
19.85121
19.86870
19.89833
19.90974
19.92844
19.95875
19.94145
19.96457
19.95542
19.96449
19.87317
19.86601
19.93356
19.90334
19.86029
19.82724
19.80562
19.82119
19.79974
19.77589
19.77575
19.75163
19.75894
19.78454
19.78268
19.79641
19.80336
19.79494
19.80784
19.84432
19.83345
19.82546
19.83714
19.75790
19.80699
19.89358
19.87194
19.85249
19.83726
19.86734
19.90509
19.89688
19.89099
19.87918
19.84830
19.83777
19.84322
19.83740
19.83956
19.83211
19.81941
19.80085
19.79673
19.78145
19.77150
19.77178
19.78269
19.76927
19.75583
19.75826
19.76989
19.75301
19.73083
19.71595
19.70644
19.71788
19.71197
19.70245
19.73437
19.72162
19.73887
19.74085
19.71129
19.70803
19.71586
19.70488
19.70574
19.69644
19.72464
19.70710
19.71366
19.68649
19.68021
19.67447
19.68422
19.65452
19.67176
19.63650
19.69978
19.67252
19.58680
19.62452
19.60706
19.63574
19.62554
19.62654
19.61392
19.60884
19.59771
19.59349
19.58166
19.57400
19.55741
19.55131
19.54410
19.54436
19.52841
19.51996
19.50594
19.51869
19.51587
19.50933
19.49618
19.48332
19.46490
19.45348
19.46286
19.46089
19.45595
19.45039
19.44060
19.45024
19.47572
19.50350
19.49983
19.50266
19.48699
19.48271
19.47790
19.46418
19.44911
19.43540
19.42388
19.41427
19.39838
19.39147
19.36225
19.35733
19.36568
19.35668
19.34367
19.34043
19.34527
19.33693
19.33734
19.34004
19.33733
19.32998
19.32326
19.32291
19.34533
19.35781
19.34946
19.34933
19.33143
19.31478
19.30886
19.30506
19.29773
19.28557
19.28549
19.28375
19.28235
19.27312
19.26357
19.26563
19.25576
19.26093
19.25492
19.22814
19.23308
19.23946
19.23558
19.21309
19.21138
19.19482
19.17686
19.18774
19.20804
19.17705
19.18946
19.18408
19.16538
19.17092
19.16270
19.15280
19.14407
19.13125
19.13447
19.12417
19.10801
19.10386
19.17146
19.23832
19.22916
19.20888
19.17985
19.16940
19.15075
19.14590
19.16930
19.16953
19.23538
19.28987
19.28187
19.26018
19.23992
19.23193
19.22061
19.20160
19.19756
19.18465
19.17827
19.15433
19.13996
19.11336
19.08810
19.10903
19.07941
19.06789
19.05823
19.05792
19.08389
19.03883
19.04808
19.05598
19.03698
19.01570
19.02674
19.09482
19.14680
19.17097
19.23272
19.21900
19.23548
19.24479
19.49734
19.99795
20.41392
20.62615
20.81746
20.97378
21.02020
20.98032
20.84525
20.78128
20.72566
20.66021
20.57030
20.49356
20.44382
20.38780
20.34523
20.31710
20.27761
20.27109
20.21696
20.17982
20.19271
20.16934
20.15508
20.13277
20.09430
20.06356
20.04664
20.01743
20.01824
19.99292
19.97835
19.97448
19.94978
19.92401
19.92785
19.92904
19.92438
19.91182
19.89248
19.86756
19.84730
19.82205
19.79670
19.76516
19.74061
19.71076
19.69318
19.68039
19.67021
19.68039
19.66670
19.66255
19.66136
19.64669
19.62975
19.60827
19.58398
19.58663
19.56937
19.57454
19.56671
19.55830
19.54840
19.56462
19.59234
19.58064
19.56821
19.57294
19.54701
19.53268
19.52841
19.52829
19.52476
19.51382
19.49231
19.49351
19.53009
19.56194
19.56804
19.56421
19.57247
19.58659
19.58812
19.57968
19.56619
19.55263
19.54133
19.53203
19.52309
19.51573
19.50377
19.48494
19.47166
19.46210
19.45215
19.44628
19.44223
19.43622
19.42963
19.42534
19.42359
19.41313
19.39871
19.39344
19.39470
19.39348
19.40336
19.45618
19.48733
19.50824
19.51334
19.49842
19.48514
19.47221
19.45727
19.44591
19.43147
19.41854
19.41022
19.40608
19.39960
19.39208
19.38379
19.38750
19.39351
19.39041
19.38516
19.37616
19.36680
19.35667
19.34900
19.34347
19.33563
19.33115
19.32583
19.31759
19.31429
19.33123
19.34004
19.34016
19.33245
19.32222
19.31268
19.30377
19.29419
19.28725
19.27736
19.27047
19.26645
19.27573
19.28659
19.30442
19.30093
19.29951
19.28554
19.28902
19.29694
19.30601
19.31023
19.36118
19.37996
19.63263
20.19178
20.56163
20.78066
20.83692
20.77337
20.69019
20.62055
20.55114
20.51326
20.47263
20.44477
20.40476
20.37492
20.34398
20.31429
20.28248
20.25125
20.22219
20.19211
20.19507
20.21271
20.21344
20.21008
20.18571
20.16391
20.13947
20.13615
20.14217
20.11997
20.09328
20.06814
20.07254
20.09076
20.10663
20.08621
20.06574
20.05342
20.03315
20.00358
20.03622
20.08513
20.09081
20.10634
20.32013
20.58164
20.69764
20.79952
20.95438
21.00882
20.98885
20.90855
20.79522
20.71845
20.67183
20.64551
20.61482
20.58678
20.55619
20.53288
20.51625
20.51463
20.50500
20.51903
20.54043
20.62609
20.68006
20.67935
20.64780
20.62228
20.59584
20.57149
20.54739
20.52718
20.50761
20.48762
20.46597
20.45920
20.43937
20.42267
20.41112
20.39013
20.37302
20.36385
20.35909
20.35120
20.34022
20.32767
20.31347
20.31446
20.32964
20.34201
20.33758
20.32655
20.30964
20.29130
20.27443
20.27024
20.26492
20.26372
20.25080
20.24666
20.25646
20.26845
20.25115
20.24357
20.23639
20.23926
20.21640
20.23638
20.21843
20.22329
20.22466
20.20304
20.23951
20.23401
20.24133
20.23171
20.23118
20.22431
20.22027
20.20876
20.24309
20.28994
20.31590
20.31117
20.27865
20.31943
20.60521
20.89806
21.03129
21.07639
21.03308
20.95502
20.90795
20.84940
20.80622
20.77106
20.74922
20.74179
20.71730
20.71494
20.70870
20.69230
20.68481
20.67149
20.64864
20.63763
20.62719
20.61976
20.61225
20.60234
20.58756
20.56606
20.54863
20.53060
20.51644
20.49745
20.48533
20.45946
20.44902
20.42703
20.41485
20.39997
20.49440
20.68870
20.75961
20.78227
20.78267
20.80010
20.80476
20.77729
20.77395
20.76287
20.74238
20.71740
20.69924
20.67476
20.66635
20.66672
20.66286
20.64558
20.71603
20.82651
20.85141
20.82189
20.80278
20.78583
20.78952
20.76701
20.75093
20.73140
20.72322
20.66346
20.67136
20.67437
20.63855
20.60498
20.60111
20.60816
20.60246
20.62161
20.61661
20.60659
20.58937
20.57410
20.55342
20.54213
20.52562
20.50621
20.48465
20.47109
20.44843
20.43436
20.41590
20.40282
20.38764
20.37306
20.35971
20.34659
20.33311
20.31892
20.30526
20.30054
20.28469
20.26694
20.25235
20.23932
20.22491
20.21110
20.19772
20.18741
20.17511
20.16296
20.14702
20.13574
20.12785
20.11687
20.10523
20.09323
20.07761
20.06315
20.05071
20.04159
20.02849
20.01887
20.00493
19.99192
19.98362
19.97397
19.96398
19.94934
19.93914
19.92861
19.92155
19.90818
19.89564
19.88822
19.88016
19.87135
19.86783
19.85515
19.84859
19.84094
19.83003
19.81958
19.80799
19.79836
19.79106
19.78078
19.77041
19.75870
19.75454
19.74621
19.73897
19.73312
19.72311
19.71460
19.70157
19.70052
19.69525
19.68393
19.67269
19.66459
19.65507
19.64442
19.63708
19.62750
19.62510
19.61789
19.61269
19.59678
19.58827
19.57901
19.56881
19.55441
19.54649
19.53289
19.52634
19.51317
19.50831
19.50700
19.49922
19.49129
19.48610
19.47625
19.47283
19.45306
19.44726
19.43211
19.43093
19.40578
19.41232
19.38213
19.39235
19.35430
19.37137
19.33355
19.35412
19.30820
19.34046
19.29054
19.33578
19.26998
19.32898
19.25702
19.35153
19.31672
19.41300
19.34375
19.44889
19.49536
19.84406
19.87551
20.08899
19.94473
20.07482
19.85756
20.02931
19.88138
20.26552
20.06117
20.37107
20.00855
20.35022
19.89659
20.36830
19.78012
20.45626
19.61479
