49.94850
49.07445
50.75138
49.37508
50.53596
49.53587
50.41647
49.60384
49.81057
47.73786
47.56036
48.38254
48.98035
48.14329
46.39112
44.32457
43.99467
45.36697
45.56117
43.86741
43.37329
42.74846
42.47000
43.39933
44.45776
42.69451
42.31463
41.60816
41.64207
40.99571
42.62232
43.17299
44.78739
43.82739
42.74441
42.38554
43.15618
42.60801
41.74602
41.61984
41.86002
41.89245
41.38181
41.05778
40.88524
40.61425
40.71850
41.66510
41.25751
40.48702
40.31440
39.99981
40.29573
40.52853
40.67499
40.18437
39.85594
39.57725
41.04290
42.01049
40.79368
40.09219
39.52948
39.65326
39.55948
39.41093
39.24227
39.04676
39.25134
39.28465
38.87826
38.92822
39.13872
39.04539
38.66983
38.47289
38.40637
38.29479
38.06709
37.94760
37.82556
37.74842
37.59185
37.49522
37.35339
37.26481
37.17294
37.33945
37.26338
37.11892
37.06829
37.19185
37.21915
37.04605
36.97663
36.95937
36.81604
36.74361
36.64906
36.51055
36.41028
36.29688
36.20044
36.08598
35.96311
35.84957
35.80110
36.24589
36.25635
35.94853
35.82136
35.68728
35.61544
35.56895
35.51222
35.40388
35.30175
35.22465
35.24757
35.27860
35.40679
35.23166
35.41379
36.37532
36.40359
35.81500
36.32308
36.78322
36.25557
35.87661
35.64818
35.53704
35.49664
36.09287
36.34306
35.62097
36.21972
39.82993
44.92348
49.86860
49.96100
50.03561
49.96593
50.02488
49.97485
50.01793
49.98034
50.01355
49.98396
50.01062
49.98650
50.00844
49.98843
50.00683
49.98996
50.00562
49.99114
50.00462
49.99200
50.00387
49.99276
50.00325
49.99323
50.00263
49.99362
50.00246
49.99407
50.00231
49.99422
50.00223
49.99427
50.00228
49.99422
50.00237
49.99393
50.00282
49.99357
50.00304
49.99290
50.00402
49.99203
50.00517
49.99060
50.00682
49.98884
50.00085
49.90640
49.82461
49.58292
49.49328
49.27901
49.47388
50.04301
49.96883
50.01587
49.98623
49.99237
49.92325
49.81300
49.43739
49.88272
49.71655
49.56358
49.22632
48.80963
48.59936
48.39784
48.22209
48.07549
47.94681
47.85638
48.20090
49.12812
49.88564
49.56390
48.25627
47.48123
47.38814
47.33660
47.17117
46.99568
46.86803
46.71429
46.52477
46.15700
45.70393
46.11276
47.50558
46.91744
46.23293
46.15653
46.64740
46.68942
46.50394
46.48043
46.27634
45.36748
44.60705
45.99328
47.71445
47.10075
47.43811
46.79832
46.25675
46.48945
46.63620
46.45605
46.20171
46.58347
46.55656
46.33016
46.11007
46.04883
46.03069
45.96406
45.85106
45.74076
45.59098
45.55171
45.38799
45.72332
46.53822
46.18264
45.71106
45.45433
45.33132
45.36239
45.17298
45.06547
44.91876
45.12741
45.47825
47.40487
47.85951
46.80596
45.97967
45.60919
46.19202
47.33536
47.11008
46.34861
45.84806
45.65723
45.40685
45.43437
45.30647
45.91971
47.00634
46.53606
45.65604
47.82082
49.78316
49.29669
49.04805
48.72827
49.83997
50.02711
49.97907
49.91070
49.55793
49.60289
49.48914
49.55017
49.93655
50.14141
49.18826
48.93836
50.24003
49.84004
50.11690
49.58451
49.33060
49.45430
50.12782
49.86639
50.13221
49.83503
50.18787
49.20870
48.02329
50.14283
49.90911
50.05639
49.95390
50.03043
49.97087
50.01916
49.97881
50.01298
49.98333
50.00944
49.98634
50.00711
49.98834
50.00548
49.98976
50.00424
49.99067
50.00323
49.99174
50.00235
49.99206
50.00154
49.99282
50.00092
49.99343
50.00024
49.99391
49.99976
49.99445
49.99935
49.99482
49.99895
49.99517
49.99853
49.99556
49.99836
49.99578
49.99790
49.99621
49.99749
49.99669
49.99711
49.99704
49.99661
49.99758
49.99596
49.99841
49.99483
50.00037
49.99183
50.00557
49.98004
50.03983
49.52919
48.25072
49.33336
50.09367
49.94641
50.03212
49.96834
50.02273
49.97181
50.02316
49.96773
50.03210
49.94981
50.07039
49.73238
49.65392
50.07850
49.94647
50.03531
49.96558
49.99583
49.65508
49.87847
50.00611
49.87346
49.62590
49.79765
50.01295
49.98463
50.00638
49.98906
50.00402
49.99030
50.00343
49.99046
50.00356
49.99017
50.00300
49.98840
50.00578
49.98746
50.00727
49.98563
50.00958
49.98276
50.01309
49.97829
50.01901
49.97002
50.03159
49.94855
50.07869
49.61616
49.77823
50.06495
49.95797
50.02297
49.97857
50.00998
49.98818
50.00180
49.99636
49.99158
50.01505
49.85104
49.61218
49.61833
49.62361
49.60982
49.90908
50.01721
49.98218
49.96874
49.94145
49.94716
49.93749
49.91807
49.88344
49.97914
49.96456
49.94103
49.96959
49.99691
50.00097
49.99048
50.00555
49.98620
50.01004
49.98118
50.01577
49.97549
50.00410
49.52726
49.75595
50.01132
50.00857
49.96344
50.06963
49.31046
49.79550
50.07418
49.94864
50.03187
49.97003
50.01854
49.97928
50.01156
49.98484
50.00693
49.98882
50.00340
49.99204
50.00039
49.99492
49.99757
49.99781
49.99465
50.00092
49.99123
50.00479
49.98659
50.01052
49.97899
50.02148
49.96112
50.05777
49.83010
49.53240
49.99389
49.95326
50.02759
49.97322
50.01629
49.98074
50.01091
49.98488
50.00767
49.98755
50.00544
49.98931
50.00389
49.99067
50.00269
49.99177
50.00170
49.99258
50.00098
49.99322
50.00042
49.99380
49.99991
49.99416
49.99959
49.99454
49.99940
49.99465
49.99921
49.99486
49.99912
49.99494
49.99906
49.99489
49.99902
49.99485
49.99909
49.99476
49.99921
49.99459
49.99943
49.99433
49.99973
49.99398
50.00013
49.99353
50.00066
49.99296
50.00135
49.99223
50.00231
49.99133
49.98470
49.89335
49.78722
49.62695
49.49692
49.32539
49.26273
49.09627
49.70821
49.91631
49.64718
49.97949
49.98559
50.01034
49.98383
50.00970
49.98433
50.00985
49.98315
50.01284
49.97614
50.03340
49.83630
48.94501
49.02430
49.85632
49.50314
49.11577
49.20937
48.93091
49.38478
49.87639
50.01920
49.99109
49.97272
49.96189
50.02004
49.91843
49.97237
50.00760
49.98687
50.01121
49.94479
49.99161
49.87240
49.56423
49.91767
49.46224
48.65239
48.23649
49.66726
50.07986
49.94352
50.04335
49.94818
50.00908
49.44100
49.16144
48.63634
48.33999
48.24548
48.61031
48.85918
49.09294
49.97316
49.96863
50.02540
49.96842
50.02823
49.84475
49.82496
49.77838
49.58379
49.37020
49.08880
48.87518
48.65936
48.48950
48.37607
48.28585
48.19863
48.19818
48.03085
48.13791
48.17526
48.68282
49.91399
49.99604
50.00319
49.99049
50.00285
49.99168
50.00164
49.99278
50.00068
49.99363
49.99998
49.99423
49.99954
49.99482
49.99907
49.99501
49.99872
49.99532
49.99845
49.99555
49.99829
49.99574
49.99838
49.99522
49.99402
49.99709
49.99723
49.99677
49.99721
49.99669
49.99720
49.99671
49.99717
49.99675
49.99716
49.99678
49.99714
49.99685
49.99714
49.99708
49.99726
49.99723
49.99730
49.99735
49.99732
49.99743
49.99729
49.99752
49.99723
49.99759
49.99706
49.99755
49.99703
49.99762
49.99700
49.99772
49.99695
49.99783
49.99688
49.99799
49.99677
49.99809
49.99621
49.99818
49.99582
49.99829
49.99544
49.99863
49.99507
49.99905
49.99461
49.99955
49.99406
50.00016
49.99338
50.00092
49.99253
50.00188
49.99142
50.00317
49.98990
50.00501
49.98759
50.00805
49.98330
50.01479
49.97070
50.04762
49.67337
48.52517
47.81138
47.41126
46.97920
46.61920
46.28808
46.22940
46.07037
45.93429
45.75780
45.57119
45.40605
45.30710
45.14314
45.02716
44.73452
44.62224
44.39306
44.35875
43.95613
43.90093
43.64117
44.84574
47.35919
47.63946
49.03453
49.79767
50.04897
49.96079
50.02598
49.97242
50.01820
49.97824
50.01358
49.98205
50.01037
49.98480
50.00797
49.98692
50.00609
49.98860
50.00457
49.98998
50.00332
49.99112
50.00227
49.99209
50.00138
49.99291
50.00063
49.99372
50.00014
49.99439
49.99966
49.99495
49.99925
49.99541
49.99886
49.99580
49.99855
49.99613
49.99831
49.99639
49.99810
49.99662
49.99795
49.99679
49.99789
49.99660
49.99679
49.99730
49.99751
49.99730
49.99713
49.99714
49.99702
49.99697
49.99693
49.99696
49.99693
49.99696
49.99694
49.99696
49.99694
49.99696
49.99694
49.99696
49.99694
49.99695
49.99694
49.99695
49.99694
49.99695
49.99694
49.99695
49.99694
49.99695
49.99695
49.99695
49.99695
49.99695
49.99695
49.99695
49.99695
49.99695
49.99695
49.99695
49.99695
49.99695
49.99695
49.99695
49.99695
49.99695
49.99695
49.99695
49.99695
49.99695
49.99695
49.99695
49.99695
49.99695
49.99695
49.99695
49.99695
49.99695
49.99695
49.99695
49.99695
49.99695
49.99695
49.99695
49.99695
49.99695
49.99695
49.99695
49.99695
49.99695
49.99695
49.99695
49.99695
49.99695
49.99695
49.99695
49.99695
49.99695
49.99695
49.99695
49.99695
49.99695
49.99695
49.99695
49.99695
49.99695
49.99695
49.99695
49.99695
49.99695
49.99695
49.99695
49.99695
49.99695
49.99695
49.99695
49.99695
49.99695
49.99695
49.99695
49.99695
49.99695
49.99695
49.99695
49.99695
49.99695
49.99695
49.99695
49.99695
49.99695
49.99696
49.99694
49.99696
49.99693
49.99698
49.99695
49.99701
49.99696
49.99703
49.99696
49.99705
49.99696
49.99709
49.99696
49.99713
49.99695
49.99713
49.99694
49.99718
49.99694
49.99721
49.99664
49.99731
49.99653
49.99744
49.99639
49.99759
49.99622
49.99778
49.99601
49.99801
49.99576
49.99828
49.99546
49.99861
49.99510
49.99901
49.99466
49.99949
49.99413
50.00776
49.99218
50.01068
49.98886
50.01447
49.98449
50.01969
49.97693
50.01073
49.92841
49.98381
49.97695
50.03202
49.94662
49.87506
49.62877
49.60209
49.39749
49.41262
49.17478
49.27574
49.02434
49.06913
48.74718
48.84425
48.61425
48.94047
48.44314
48.65907
48.06337
49.36449
49.96586
50.11478
49.84418
50.19014
49.78044
50.25226
49.71519
50.32401
49.63362
50.41942
49.51886
50.56172
49.33595
50.80777
48.98417
51.35697
