42.20935
39.87589
41.46663
39.76495
40.71736
39.21797
40.02373
39.42471
41.69401
42.12902
42.43157
41.23345
41.09367
40.39457
40.49679
39.94482
40.27880
39.90011
41.06582
42.03016
42.03154
41.24572
40.92365
40.52730
40.30680
40.90398
43.09582
42.80327
42.74751
42.46290
42.52692
42.19433
41.81170
41.48379
41.21251
41.23853
41.42931
41.68013
41.47090
41.06114
40.76824
40.66876
40.76590
40.71676
40.52513
40.91142
41.26866
40.93046
40.62358
40.58741
40.38496
40.22943
40.18392
41.04780
42.44532
43.25945
42.90938
42.19957
41.81349
41.25830
40.80315
41.08009
41.02618
40.79435
40.51119
40.75797
41.39572
41.55289
41.82542
41.89628
41.38759
41.77567
42.73968
42.29215
41.66263
41.05348
40.75302
40.46907
40.29498
40.11423
40.03455
39.85933
39.74981
39.61983
39.56649
39.54959
39.51487
39.39239
39.27389
39.14891
39.04874
38.96171
38.86933
38.76813
38.69877
38.60150
38.49648
38.41382
38.35428
38.25310
38.17527
38.09032
38.03195
37.95348
37.86432
37.79322
37.71753
37.65395
37.55859
37.46946
37.38835
37.32500
37.24211
37.14955
37.05220
36.98250
36.92605
36.84741
36.74175
36.67614
36.57994
36.54458
36.57100
38.87850
41.36487
41.63265
43.13877
43.95687
45.08491
45.84922
46.41501
46.81057
47.42501
47.48994
47.55375
47.68482
47.32643
47.29347
47.30997
47.30115
46.84846
45.36642
45.25292
46.37651
46.09203
45.40376
44.87162
44.79494
44.51197
44.34414
45.04905
45.72382
45.45296
46.55724
47.27751
47.48464
47.72188
47.00736
47.04879
47.08924
46.31494
45.93470
45.86507
46.55062
46.34904
45.68002
45.13180
45.32024
45.37649
45.17928
45.92164
45.26730
44.76386
44.50464
44.24470
44.41875
44.61966
44.46057
44.49305
44.67785
44.51707
44.93155
44.83189
44.77095
44.52456
44.23683
44.03858
44.46600
45.06419
45.56406
45.96391
45.46295
45.15261
44.84544
44.33162
44.20319
44.43765
44.37055
44.67367
44.30641
44.74697
45.82072
45.61240
45.09308
44.70546
44.35362
44.72741
45.49784
45.82014
46.14358
45.71486
45.16359
45.48342
45.51981
44.98756
44.59553
44.44757
44.22761
43.81917
43.37705
43.59375
43.51147
43.61829
43.80413
44.50017
44.64764
44.25077
43.97708
43.50574
43.53776
43.44200
43.46713
43.28510
43.28793
43.57388
43.50892
43.27498
44.59427
45.41122
44.63611
44.08444
43.61932
43.91757
44.12641
44.86105
45.17587
44.56107
43.99084
43.55913
43.34785
43.15178
43.04298
42.92249
42.83230
42.75725
42.74243
42.64996
42.29082
42.89859
43.77349
43.99691
43.50995
43.06055
43.24044
43.31864
43.06587
42.81033
42.71992
42.72107
42.59796
42.67047
42.63608
42.52218
42.76456
42.84824
42.57808
42.51098
42.48330
42.89697
43.40454
43.32325
43.19198
43.02373
42.88369
42.82628
42.55070
43.46320
44.55182
44.36804
43.74440
43.82584
44.30060
43.79922
43.27719
44.27668
45.58322
45.42992
44.78134
44.34591
44.31289
44.07853
43.84121
43.63547
43.47727
43.89217
44.16482
43.97203
43.65876
43.55735
43.49688
43.42137
43.40665
43.25715
43.21191
43.42005
43.39014
44.67139
45.75112
45.64058
44.99511
44.41600
44.00611
43.88684
43.58363
43.70399
43.77850
43.59857
43.54556
43.70626
43.66332
43.69095
43.88527
44.36306
44.46948
44.06965
43.84986
43.70126
43.54575
43.43902
43.41692
43.33372
43.26688
43.21228
43.38346
43.64493
43.68881
43.63979
43.63925
43.58759
43.48038
43.56522
43.65619
43.83797
44.42775
44.29187
44.03600
44.10950
43.95691
43.60805
43.41929
43.17515
43.11538
43.25138
43.42607
43.87187
44.03394
43.79158
43.54951
43.45052
43.54853
43.15398
43.73364
44.71876
45.35597
45.92430
45.50304
44.98082
44.46476
44.13902
43.87242
43.91532
43.90548
44.68875
44.57873
43.85251
43.53474
43.71561
43.96283
43.89052
43.77531
43.80397
43.82082
43.66842
43.73862
44.81091
45.74360
45.60513
45.11843
44.62315
44.29804
44.04183
43.97668
43.84053
44.25479
44.30567
44.46440
44.42425
44.17293
43.89382
44.29422
44.22733
44.40834
44.83891
44.90654
45.02532
44.16233
44.03520
44.28287
44.31637
44.60075
44.48132
44.14672
44.15849
43.96508
44.03948
45.51554
46.38120
47.26810
47.66058
46.95185
46.24606
45.77330
45.42567
45.09442
44.94058
44.75489
45.02822
45.81370
46.31193
46.59909
46.74373
46.19976
45.78584
45.16932
45.84897
46.90266
46.35841
45.73615
45.54735
45.33906
45.69464
45.93793
45.73165
45.69163
45.56833
45.42635
45.43041
46.30064
46.50580
46.32025
45.82056
45.49940
45.31271
45.36886
45.31013
45.54617
45.80496
45.75191
45.56266
45.46408
45.45561
45.69098
45.58281
45.38871
45.75116
45.97469
45.59600
45.51937
45.27643
45.75804
46.56732
46.32262
45.85842
45.41231
45.39742
45.35564
45.26909
45.25842
45.10354
45.11474
44.57755
44.67889
45.38307
45.67971
46.01735
46.53212
46.43226
45.94199
45.61481
45.42028
45.67656
46.85481
47.22272
46.30585
45.76790
45.27530
44.94351
44.95103
44.77337
44.52656
44.79481
45.37130
45.08750
45.00758
45.40837
45.56154
45.20388
44.69901
44.37722
44.18322
44.46327
44.67899
44.74549
44.75633
44.81844
44.70584
44.88076
45.16668
45.05709
44.92172
44.85921
45.05660
46.35643
46.99042
46.51542
46.37897
46.15545
45.98106
45.57028
45.93583
46.66458
47.12924
48.52406
48.40594
47.72812
47.87048
47.47324
47.41888
47.99122
47.57913
47.01789
46.95177
47.34185
47.09426
46.69683
46.63443
46.76826
46.48351
46.40776
46.65608
46.61319
46.33206
46.19950
46.17187
46.18108
46.38445
47.95819
47.93085
48.43728
49.92253
50.01698
49.65810
49.02479
48.84118
48.50147
48.04397
48.58150
48.99618
48.57436
49.63179
49.88863
49.42479
48.67684
48.38503
48.07177
47.91849
47.75451
48.20768
48.53651
48.29996
47.85717
48.10358
47.78426
48.15982
48.67614
48.70257
48.57275
48.57300
49.91697
49.88538
49.26275
48.77679
48.94789
49.14338
48.58392
49.09146
50.11953
49.92284
50.05081
49.95813
49.96911
49.49621
49.28105
49.11654
48.86183
48.75967
48.64968
48.30236
48.42185
48.43177
48.38167
48.30870
48.19893
48.03190
47.97209
47.85233
47.70659
47.67720
47.78913
48.74803
49.14298
48.59120
48.67116
48.72875
48.40374
48.18810
48.58729
48.73991
48.22071
48.50947
49.93319
49.81954
49.15505
49.38942
49.64539
48.85845
48.60098
48.15506
48.93000
50.14355
49.90416
50.08498
49.73436
49.10716
48.95513
48.84283
49.11226
48.97850
48.73221
48.54567
48.29454
48.22458
48.06186
47.93016
47.76649
47.64577
47.60233
48.80476
49.26728
48.81413
48.51530
48.16267
48.11044
48.45808
48.44578
48.00928
48.11224
49.13065
49.28452
48.73891
48.30660
48.08751
48.14356
47.90743
49.06041
50.08941
49.89397
50.02334
49.95493
49.59385
48.86727
49.37948
49.46743
49.72370
50.06360
49.93201
49.52427
48.93624
48.81209
49.11489
49.22189
48.83345
48.63028
48.36527
48.23648
48.15716
48.34853
48.61148
48.50747
48.58227
48.58916
48.42319
48.03433
48.23573
48.40884
48.09957
47.68021
47.56861
47.64367
48.07215
48.45614
48.22677
47.81134
47.70502
47.60341
47.47214
47.15035
47.05955
47.39041
49.53302
50.06283
49.96862
50.01328
49.98638
50.00464
49.99107
50.00149
49.99319
49.99998
49.99431
49.99923
49.99502
49.99862
49.99545
49.99821
49.99571
49.99801
49.99599
49.99791
49.99612
49.99774
49.99625
49.99769
49.99638
49.99763
49.99647
49.99756
49.99651
49.99745
49.99661
49.99736
49.99669
49.99734
49.99679
49.99722
49.99685
49.99722
49.99698
49.99714
49.99701
49.99701
49.99705
49.99700
49.99713
49.99624
49.99697
49.99695
49.99743
49.99660
49.99789
49.99363
49.99293
49.99801
49.99630
49.99738
49.99661
49.99720
49.99674
49.99713
49.99683
49.99708
49.99690
49.99703
49.99696
49.99699
49.99702
49.99696
49.99708
49.99691
49.99716
49.99686
49.99724
49.99680
49.99731
49.99673
49.99741
49.99664
49.99754
49.99654
49.99766
49.99642
49.99781
49.99628
49.99798
49.99611
49.99818
49.99592
49.99842
49.99567
49.99872
49.99536
49.99909
49.99496
49.99958
49.99439
50.00028
49.99343
50.00048
49.97465
49.92495
49.82861
49.76881
49.64436
49.58297
49.46853
49.46492
49.41926
49.32311
49.23341
49.14153
49.02876
48.96632
48.91426
48.84327
48.76514
48.68460
48.58512
48.53723
48.44561
48.34695
48.31967
48.17587
48.16490
48.11389
48.04279
48.02526
47.95923
47.75070
47.75950
47.71495
47.65162
47.55843
47.52054
47.42228
47.41803
47.34264
47.23372
47.16282
47.12163
47.03708
46.98880
46.86663
46.80335
46.71095
46.77484
46.83127
47.55301
48.45416
48.12250
47.76731
47.47119
47.58936
47.69295
47.60288
47.46640
47.43192
47.63695
47.36637
47.07933
47.17722
46.96702
47.16121
46.86284
47.05442
47.24993
47.07978
46.79553
47.31043
47.61713
47.84796
47.65039
47.66576
47.36673
47.38391
47.02700
47.03299
46.69037
46.80613
46.44170
46.60544
46.19616
46.43709
45.95547
46.24864
45.73134
46.09712
45.48638
45.95530
45.24094
45.84884
44.99502
45.80796
44.75602
45.83613
44.40439
45.92047
43.86151
46.32577
