26.54092
24.98403
26.11778
25.77880
26.85537
26.10284
26.48299
25.83495
26.19853
25.94649
26.29041
26.29792
28.23458
28.48828
28.35669
27.79553
27.75181
27.36875
27.39752
27.18324
27.21866
27.37864
28.11362
27.86838
28.27499
28.69132
28.58847
28.25352
28.16350
28.01022
28.00967
27.89032
27.90618
27.79954
28.10477
28.57966
28.52370
28.53824
28.59019
28.36468
28.42767
29.06433
29.20324
28.91647
28.76646
28.63015
28.59320
28.53119
28.50447
28.82083
29.18656
29.34909
31.02032
31.86461
32.33361
33.32112
34.80417
36.54946
36.34251
35.59282
35.02519
34.84211
34.57775
34.40359
34.26300
34.18969
34.09792
34.02829
34.14057
34.35733
34.26158
34.14050
34.41938
35.79986
36.15268
35.59800
35.10192
34.70116
34.39754
34.19449
34.02043
33.86089
33.72748
33.60737
33.48736
33.37302
33.26967
33.18929
33.10854
33.00428
32.90067
32.79904
32.71126
32.62272
32.58454
32.54114
32.49699
32.44571
32.38459
32.32799
32.33718
32.32430
32.24635
32.18181
32.10790
32.06039
32.00615
31.95399
31.90410
31.86657
31.80969
31.76545
31.71263
31.66529
31.59171
31.54767
31.46999
31.39876
31.33807
31.30550
31.22402
31.17130
31.09058
31.03953
30.95736
30.93202
30.83100
30.77418
30.67352
30.69324
31.08995
31.31936
31.13870
31.06003
30.88759
30.86640
30.70531
30.73684
30.51419
30.07615
31.16300
33.23552
34.63112
36.16990
35.73410
36.42251
34.99996
33.91275
33.91869
34.41709
36.68121
35.09432
35.48982
34.88117
35.47795
34.18489
34.13682
33.84570
34.88817
33.44963
34.01908
33.92773
33.37412
34.17981
34.81171
34.65639
33.48806
33.76831
33.12890
33.64567
33.64019
34.33802
34.66820
35.72005
36.55881
38.07438
36.89375
35.43320
36.63870
37.16670
38.10369
38.71501
38.29564
37.16394
36.39478
36.81007
37.18337
37.03115
36.84544
37.99400
39.61929
39.00984
38.96956
38.98758
38.10828
37.56454
37.40369
37.35246
37.23489
37.65390
39.18122
38.56582
39.10311
40.12699
39.74916
39.47603
39.24424
39.03274
39.00651
38.24060
38.64859
37.90563
37.23825
38.45710
39.46595
39.85072
38.78016
38.53688
39.32449
39.30517
38.76811
38.54037
38.76582
38.58174
38.28805
38.54418
38.28927
39.49500
38.13195
35.98568
34.84251
35.17621
37.74250
38.62310
38.41962
37.89970
37.42569
37.61470
37.36045
37.63394
37.96089
37.71107
37.24879
37.58073
37.55221
38.39592
38.80573
38.80850
38.24033
38.20504
39.44665
39.99719
39.47966
39.40298
39.32485
39.58313
39.77188
39.87033
39.71094
39.38074
39.09237
38.88928
39.40398
39.81073
39.34474
39.22140
39.58054
40.11278
40.10766
39.37529
40.59665
41.43889
40.72401
40.40880
38.83063
38.41267
39.84779
40.89812
40.74908
39.85640
39.74946
38.92954
38.82182
39.73355
39.94636
40.43633
41.74705
41.18515
40.33035
40.54119
40.59374
39.34030
40.18994
42.05778
41.74171
41.77824
41.90989
41.31039
40.26057
40.02143
40.87369
42.77011
41.42703
39.81777
40.71476
42.74755
45.01880
43.65950
44.27245
43.99162
43.52604
43.08610
44.75200
48.11599
49.78777
49.41042
47.33725
46.90984
46.70238
46.32928
47.16643
48.64782
48.56506
48.38116
49.17455
48.85781
48.32550
49.29470
48.77092
49.78050
50.00215
49.98436
49.80894
48.81389
48.30573
49.25112
50.10780
49.90031
50.08746
49.65870
49.76996
50.06031
49.96332
50.02031
49.98090
50.01054
49.98684
50.00719
49.98618
50.00031
49.97032
49.98874
50.00265
49.99274
50.00333
49.99058
50.00598
49.98611
50.01276
49.97473
50.03759
49.84562
49.89819
50.03387
49.97428
50.01333
49.98443
50.00756
49.98847
50.00469
49.99069
50.00274
49.99198
50.00162
49.99295
50.00067
49.99378
50.00007
49.99418
49.99963
49.99448
49.99924
49.99484
49.99905
49.99525
49.99873
49.99534
49.99844
49.99556
49.99824
49.99582
49.99802
49.99592
49.99794
49.99600
49.99788
49.99607
49.99787
49.99609
49.99784
49.99606
49.99785
49.99602
49.99790
49.99596
49.99797
49.99587
49.99809
49.99574
49.99825
49.99555
49.99847
49.99532
49.99875
49.99494
49.99921
49.99439
49.99989
49.99354
50.00098
49.99209
50.00297
49.98921
50.00744
49.98146
50.02383
49.92147
49.74835
50.04239
49.96844
50.00698
49.88421
49.79160
49.54793
49.74099
49.95304
49.91080
50.00814
49.99008
50.00118
49.99467
49.99727
49.99976
49.97836
49.95937
49.90236
49.75515
49.57007
49.66328
49.87825
49.96727
49.99932
49.99594
49.99770
49.99628
49.99757
49.99635
49.99751
49.99641
49.99746
49.99646
49.99741
49.99651
49.99737
49.99655
49.99734
49.99657
49.99732
49.99659
49.99730
49.99660
49.99729
49.99661
49.99729
49.99660
49.99732
49.99662
49.99737
49.99655
49.99737
49.99651
49.99742
49.99648
49.99751
49.99640
49.99758
49.99623
49.99778
49.99587
49.99817
49.99540
49.99903
49.99385
50.00255
49.97757
49.93948
49.94929
49.85408
49.86445
49.98688
49.99791
49.99683
49.99686
49.99713
49.99671
49.99722
49.99667
49.99715
49.99705
49.99530
49.92565
50.00241
49.99127
50.00521
49.97412
49.93085
50.00428
49.99238
50.00028
49.99428
49.99922
49.99493
49.99870
49.99616
49.97900
49.76534
49.62332
49.69080
49.85146
49.95881
49.99712
49.99192
49.90740
49.98623
50.00036
49.99501
49.99828
49.99594
49.99776
49.99628
49.99752
49.99646
49.99738
49.99657
49.99729
49.99666
49.99722
49.99672
49.99718
49.99675
49.99713
49.99678
49.99710
49.99681
49.99707
49.99684
49.99705
49.99686
49.99703
49.99687
49.99702
49.99689
49.99700
49.99690
49.99699
49.99692
49.99698
49.99692
49.99697
49.99693
49.99697
49.99693
49.99696
49.99693
49.99696
49.99695
49.99699
49.99696
49.99697
49.99694
49.99695
49.99694
49.99696
49.99695
49.99695
49.99695
49.99695
49.99695
49.99695
49.99695
49.99695
49.99695
49.99695
49.99695
49.99695
49.99695
49.99695
49.99695
49.99695
49.99695
49.99695
49.99695
49.99695
49.99695
49.99695
49.99695
49.99695
49.99695
49.99695
49.99695
49.99695
49.99695
49.99695
49.99695
49.99695
49.99695
49.99695
49.99695
49.99695
49.99695
49.99695
49.99695
49.99695
49.99695
49.99695
49.99695
49.99695
49.99695
49.99695
49.99695
49.99695
49.99695
49.99695
49.99695
49.99695
49.99695
49.99695
49.99695
49.99695
49.99695
49.99695
49.99695
49.99695
49.99695
49.99695
49.99695
49.99695
49.99695
49.99695
49.99695
49.99695
49.99695
49.99695
49.99695
49.99695
49.99695
49.99695
49.99695
49.99695
49.99695
49.99695
49.99695
49.99695
49.99695
49.99695
49.99695
49.99695
49.99695
49.99695
49.99695
49.99695
49.99695
49.99695
49.99695
49.99695
49.99695
49.99695
49.99695
49.99695
49.99695
49.99695
49.99695
49.99695
49.99695
49.99695
49.99695
49.99695
49.99695
49.99695
49.99695
49.99695
49.99695
49.99695
49.99695
49.99695
49.99695
49.99695
49.99695
49.99695
49.99695
49.99695
49.99695
49.99695
49.99695
49.99695
49.99695
49.99695
49.99695
49.99695
49.99695
49.99695
49.99695
49.99695
49.99695
49.99695
49.99695
49.99695
49.99695
49.99695
49.99695
49.99695
49.99695
49.99695
49.99695
49.99695
49.99695
49.99695
49.99695
49.99695
49.99695
49.99695
49.99695
49.99695
49.99695
49.99695
49.99695
49.99695
49.99695
49.99695
49.99695
49.99695
49.99695
49.99695
49.99695
49.99695
49.99695
49.99695
49.99695
49.99695
49.99695
49.99695
49.99695
49.99695
49.99695
49.99695
49.99695
49.99695
49.99695
49.99695
49.99695
49.99695
49.99695
49.99695
49.99695
49.99695
49.99695
49.99695
49.99695
49.99695
49.99695
49.99695
49.99695
49.99695
49.99695
49.99695
49.99695
49.99695
49.99695
49.99695
49.99695
49.99695
49.99695
49.99695
49.99695
49.99695
49.99695
49.99695
49.99695
49.99695
49.99695
49.99695
49.99695
49.99695
49.99695
49.99695
49.99695
49.99695
49.99695
49.99695
49.99695
49.99695
49.99695
49.99695
49.99695
49.99695
49.99695
49.99695
49.99695
49.99695
49.99695
49.99695
49.99695
49.99695
49.99695
49.99695
49.99695
49.99695
49.99695
49.99695
49.99695
49.99695
49.99695
49.99695
49.99695
49.99695
49.99695
49.99695
49.99695
49.99695
49.99695
49.99695
49.99695
49.99695
49.99695
49.99695
49.99695
49.99695
49.99695
49.99695
49.99695
49.99695
49.99695
49.99695
49.99695
49.99695
49.99695
49.99695
49.99695
49.99695
49.99695
49.99695
49.99695
49.99695
49.99695
49.99695
49.99695
49.99695
49.99695
49.99695
49.99695
49.99695
49.99695
49.99695
49.99695
49.99695
49.99695
49.99695
49.99695
49.99695
49.99695
49.99695
49.99695
49.99695
49.99695
49.99695
49.99695
49.99695
49.99695
49.99695
49.99695
49.99695
49.99695
49.99695
49.99695
49.99695
49.99695
49.99695
49.99695
49.99695
49.99695
49.99695
49.99695
49.99695
49.99695
49.99695
49.99695
49.99695
49.99695
49.99695
49.99695
49.99695
49.99695
49.99695
49.99695
49.99695
49.99695
49.99695
49.99695
49.99695
49.99695
49.99695
49.99695
49.99695
49.99695
49.99695
49.99695
49.99695
49.99695
49.99695
49.99695
49.99695
49.99695
49.99695
49.99695
49.99695
49.99695
49.99695
49.99695
49.99695
49.99695
49.99695
49.99695
49.99695
49.99695
49.99695
49.99695
49.99695
49.99695
49.99695
49.99695
49.99695
49.99695
49.99695
49.99695
49.99695
49.99695
49.99695
49.99695
49.99695
49.99695
49.99695
49.99695
49.99695
49.99695
49.99695
49.99695
49.99695
49.99695
49.99695
49.99695
49.99695
50.00350
49.99709
50.00503
49.99537
50.00696
49.99322
50.00935
49.99056
50.01228
49.98735
50.01580
49.98349
50.02001
49.97891
50.02499
49.97351
50.03085
49.96717
50.03771
49.95975
50.04572
49.95110
50.05507
49.94099
50.06599
49.92917
50.07881
49.91525
50.09395
49.89874
50.11202
49.87888
50.13393
49.85457
50.16107
49.82406
50.19567
49.78442
50.24165
49.73033
50.30639
49.65118
50.40574
49.52223
50.58061
49.27033
50.97680
