41.94973
39.22071
40.91944
39.38273
40.47083
39.41033
40.32648
39.54636
40.23737
39.60739
40.34436
39.96850
40.47287
39.92853
40.25037
39.85970
40.24057
39.97371
40.13328
39.79777
39.92761
39.66233
39.80296
39.62299
39.72366
39.57421
39.76626
39.65846
39.80448
39.54458
39.49672
39.67905
39.85575
39.89978
39.96334
39.88350
39.90687
39.85653
39.83839
39.76276
39.72403
39.66683
39.62479
39.59161
39.57699
39.47296
39.42626
39.45089
39.42790
39.46762
39.65631
39.80784
39.86304
39.85629
39.81360
39.75484
39.64739
39.58119
39.61976
39.76971
39.85467
39.83275
39.81309
39.85031
39.82573
39.64015
39.51462
39.35336
39.25258
39.09975
39.00695
38.93942
38.90950
39.01640
38.97737
38.79351
38.77193
38.79173
38.86706
38.80221
38.74321
38.68432
38.67634
38.64082
38.59414
38.55676
38.53765
38.49567
38.45752
38.17505
38.27811
38.26396
38.09080
38.11569
38.30129
38.33141
38.59496
38.81362
38.94613
38.82073
38.78857
38.63228
38.62019
38.71214
38.80621
38.80950
38.81889
38.76043
38.69278
38.64910
38.58329
38.53370
38.48954
38.49392
38.53714
38.62311
38.58514
38.75922
39.06372
39.16175
39.20700
39.13293
39.03477
38.89590
38.79008
38.68214
38.69755
38.67735
38.65517
38.56494
38.61889
38.56484
38.58154
37.90391
37.13587
37.97016
38.40020
38.62875
38.45993
38.93012
39.49636
39.41276
39.33579
39.06815
38.97542
38.83651
38.69409
38.67025
38.69337
38.57312
38.72715
38.67515
39.10176
40.08115
39.19669
39.55084
39.96530
39.73472
39.57953
39.70887
39.37769
38.78723
38.60716
37.20679
38.37976
38.88114
38.64330
38.53581
38.42834
38.49183
38.22489
38.45759
38.55600
38.46314
38.55888
38.49918
38.58109
38.50216
38.77218
38.45869
37.29626
38.12830
37.10089
36.49350
36.91121
37.34448
37.42309
37.52154
37.58055
37.66256
37.38222
37.26073
37.67496
38.02793
38.11152
38.07861
38.19958
38.11149
38.11579
38.08458
38.07935
38.02569
38.13290
38.40380
38.57802
38.71631
38.94456
39.22705
39.07717
38.74479
38.54675
38.19680
38.00009
37.73444
37.57351
37.40121
37.31652
37.21165
37.12343
37.06788
36.99760
36.95785
36.94319
36.91262
36.92701
36.98169
36.98105
37.00782
36.95662
36.95224
36.92133
37.53492
37.19146
36.86226
36.63650
36.83216
36.95295
36.94538
36.99988
37.08928
37.14225
37.12691
37.09684
37.03546
37.04994
36.99700
37.12623
37.30233
37.50891
37.61065
37.39617
37.18058
37.22489
37.36316
37.79652
37.86893
37.86689
37.87519
37.95116
38.02198
38.05250
38.07145
38.04608
37.86967
36.79116
36.94046
36.84066
36.80778
36.78374
36.70773
36.64971
35.94888
35.30615
36.39706
36.26454
36.66957
37.11401
38.30757
38.85047
38.37525
38.32063
38.23302
37.84608
37.45538
37.38488
37.23259
37.32915
37.28339
37.26327
37.33969
37.48360
37.77994
37.93018
37.81841
37.61775
37.22657
37.22128
37.16218
37.24502
37.24003
37.31881
37.27176
37.25005
37.20998
37.26233
37.41224
37.43116
37.55455
37.66175
37.68333
37.68024
37.82928
37.81428
37.71234
37.65712
37.49422
37.45742
37.51134
37.53492
37.46418
37.46001
37.47122
37.38489
37.33297
37.29339
37.30005
37.30603
37.18894
37.13311
37.12451
37.16276
36.90493
36.71986
36.87032
36.46134
35.80008
35.99407
35.99217
35.89913
35.98167
36.32090
36.23018
36.32114
36.50429
36.55134
37.07641
36.93441
37.17066
36.83241
36.85118
37.02341
37.39425
37.42026
37.21493
37.20764
37.14071
37.18599
37.17695
37.25858
37.16559
37.02439
36.96255
36.93266
36.97871
36.91660
36.98604
36.63910
36.05673
36.04496
35.89814
36.20925
36.61541
36.60654
36.64967
36.66151
36.71021
36.74495
36.70143
36.46654
36.50784
36.91664
37.23430
37.32094
37.83344
37.37108
36.57546
36.34698
36.36451
36.36729
36.16996
36.01828
36.12108
36.07199
36.05578
35.53765
35.14303
35.64062
35.97155
36.36297
35.83698
35.75494
35.98947
36.05672
36.56355
36.43653
36.34462
36.07130
36.22217
35.84511
35.75209
36.18198
36.00721
35.99818
36.45449
36.58259
36.78672
36.63976
36.17120
34.70448
34.54553
35.69682
35.69979
35.75767
35.63834
35.67236
35.58985
35.75074
35.70446
35.55583
35.67201
35.71123
35.73669
35.91177
35.96221
36.00283
35.58212
35.52437
35.62943
35.52610
35.58225
35.49535
35.63428
35.45101
34.78414
34.78751
35.14548
35.38612
35.26692
35.30040
35.23636
35.45314
35.70941
35.85368
36.03086
35.98413
36.02071
36.00173
35.90777
36.15361
36.35386
36.41638
36.53920
36.49188
36.32555
36.23878
36.06347
36.16731
36.26269
36.04174
36.02225
35.89064
35.80888
35.73539
35.66273
35.72233
35.75956
36.15401
36.60632
37.11077
37.13803
36.98443
36.87906
36.68250
36.61886
36.40938
36.25371
36.13573
36.08038
36.04123
35.96986
35.88597
35.76179
35.74885
35.79181
35.79780
35.75993
35.78269
35.79555
35.93152
36.09161
36.26000
36.35510
36.35493
36.36056
36.14740
36.00952
35.82966
36.04011
36.16564
36.25830
36.24104
36.17312
36.14478
36.33823
36.12310
35.94854
35.88435
35.88367
35.88438
35.95431
35.90473
35.80895
35.88551
35.91426
35.87655
35.89122
35.86026
35.82370
35.82506
35.87026
35.78860
36.04420
36.09812
35.81925
35.89970
35.84826
35.76962
35.68868
35.71172
35.63311
35.63554
35.62941
35.62171
35.56012
35.49639
35.38640
35.32345
35.23001
35.17916
35.10995
35.09173
35.05250
35.07747
35.03907
35.00111
34.93249
34.92380
35.09448
35.26463
35.21205
35.19412
35.06045
35.21864
35.54922
35.46247
35.66672
35.15701
35.36416
35.15783
35.23724
35.05204
35.31485
35.14070
35.30271
35.57939
35.87814
35.78362
35.87959
35.55804
35.78371
35.05344
35.03612
36.66613
36.09969
36.44278
36.09210
36.17068
36.03793
36.01002
35.84214
35.79306
35.59223
35.74603
35.41172
35.29445
35.76695
35.95950
36.00466
36.08588
36.04557
36.00854
36.20834
36.47117
36.44787
36.31473
36.18997
36.05356
35.89652
35.70157
35.64422
35.54991
35.39386
35.31558
35.27183
35.33444
35.30732
35.26914
35.20825
35.08890
35.08320
35.07363
35.03001
34.98302
35.03882
34.95685
34.51482
34.65420
34.84027
35.47836
35.90746
36.21818
36.57123
36.28719
35.93762
35.85963
36.00822
36.06183
35.61841
35.55001
35.16522
35.23693
35.33241
35.40678
35.27691
35.46105
35.96419
35.91696
35.92069
35.97750
36.00583
36.01602
36.03901
36.01318
35.98967
35.97477
35.96315
35.94041
35.95494
35.98113
36.00448
36.00417
35.98556
36.09115
36.12284
36.12732
36.11072
36.10206
36.18538
36.25972
36.32559
36.52940
36.76277
36.86126
36.79974
36.67565
36.57147
36.49049
36.42319
36.31152
36.22163
36.22865
36.18405
36.20150
36.18447
36.20561
36.27469
36.36272
36.52384
36.87518
36.91212
37.19359
36.81914
36.98719
36.83927
36.27936
36.17390
35.69458
35.91025
35.85798
35.53210
35.14786
35.22442
35.11999
35.56377
35.78796
36.06076
36.17631
36.47444
36.22839
35.91750
36.05759
35.98552
36.05984
36.62354
34.87376
34.74334
35.57116
35.60612
35.75449
35.63681
35.78409
35.74913
35.98149
35.81088
35.84333
35.81184
35.78122
35.58568
35.52730
34.80162
35.08672
36.02210
36.46158
35.06610
33.19881
33.66826
34.21093
34.40902
34.36050
34.38629
34.84449
35.44704
35.13231
35.29471
35.53870
35.72626
35.79402
35.65361
35.37709
35.26291
35.08014
34.88619
34.65374
34.48756
34.31500
34.21770
34.09068
34.02306
33.97140
34.01740
34.00998
33.98563
33.93719
33.93657
34.08294
34.03722
33.96869
34.08055
34.13984
34.34103
34.57479
34.67585
34.89378
35.16311
35.24746
35.23445
35.16447
35.06209
34.89509
34.74567
34.62432
34.52903
34.53967
34.60197
34.59318
34.58681
34.82982
35.02674
35.00965
34.95829
34.84754
34.77779
34.65473
34.64193
34.53470
34.54061
34.28440
33.99683
34.06354
34.52877
35.38161
35.61160
35.55353
35.80954
35.94163
35.81070
35.71336
35.80032
35.88519
35.77623
35.64356
35.46044
35.33140
35.24863
35.12770
34.98840
34.86684
34.79246
34.78828
34.76520
34.70296
34.66130
34.60963
34.55687
34.53011
34.47033
34.41797
34.41298
34.40894
34.45196
34.44500
34.46689
34.52092
34.51411
34.52021
34.49010
34.45949
34.41461
34.40023
34.37672
34.36177
34.32281
34.29510
34.29135
34.26651
34.30428
34.41642
34.36592
34.28818
34.27170
34.26690
34.24761
34.20852
34.18899
34.18769
34.27591
34.31053
34.35888
34.35569
34.40476
34.48942
34.56656
34.60472
34.60310
34.62495
34.58365
34.55953
34.47578
34.42376
34.39789
34.38222
34.45324
34.77217
34.94009
35.03377
35.04404
34.96052
34.89362
34.77812
34.71792
34.71594
34.70851
34.78198
34.84799
34.81187
34.79596
34.69649
34.62757
34.59121
34.56104
34.50977
34.50915
34.43081
34.40150
34.34808
34.34342
34.34563
34.63121
34.84720
34.84537
34.71838
34.80442
34.89577
34.98146
34.88940
34.91599
34.72852
34.71234
34.53885
34.59715
34.41565
34.50554
34.35846
34.49298
34.24909
34.37221
34.14117
34.34982
34.10806
34.43651
34.13792
34.43117
34.04242
34.47201
33.99899
34.60984
34.08644
34.70266
33.98796
35.22630
33.69800
