4.97942
4.78925
5.07592
5.02612
5.20564
5.16122
5.28106
5.14044
5.22829
5.20310
5.32994
5.27041
5.34779
5.28103
5.35328
5.41449
5.55244
5.55055
5.57872
5.59665
5.66832
5.66186
5.68127
5.66015
5.69705
5.76830
5.84539
5.83267
5.84821
5.82988
5.83303
5.82775
5.85288
5.86586
5.87852
5.87813
5.89813
5.90044
5.90830
5.90385
5.90082
5.90115
5.94901
6.06406
6.15068
6.18198
6.17535
6.18864
6.19969
6.17864
6.15978
6.16933
6.26069
6.36831
6.40567
6.35888
6.30793
6.30456
6.29480
6.31502
6.30876
6.31665
6.32567
6.33446
6.32644
6.33303
6.31264
6.33785
6.39167
6.46737
6.32427
6.32324
6.47703
6.43381
6.49530
6.38397
6.48541
6.51116
6.54216
6.52073
6.52006
6.54304
6.53674
6.51585
6.51580
6.48497
6.47865
6.42946
6.42323
6.44095
6.42892
6.42111
6.44877
6.49410
6.51911
6.52707
6.52164
6.50417
6.49519
6.49966
6.50900
6.50963
6.49862
6.48427
6.46989
6.45727
6.45383
6.44676
6.44171
6.43480
6.43245
6.42487
6.41908
6.41273
6.41682
6.42557
6.42282
6.41649
6.40129
6.38209
6.37229
6.36952
6.35938
6.34851
6.33387
6.32001
6.30392
6.29339
6.27947
6.25785
6.29423
6.56773
6.76207
6.97471
7.08378
7.13725
7.11477
7.04976
6.97302
6.88923
6.93811
7.02435
7.12930
7.31473
7.38535
7.32766
7.20425
7.28533
6.83096
7.03616
7.08470
7.11700
7.12793
6.90971
7.15744
7.50303
7.58551
7.59226
7.54817
7.49619
7.69376
7.82143
7.81393
7.80901
7.63795
7.55215
7.46090
7.41098
7.38539
7.39025
7.32896
7.35835
7.21223
7.19940
7.40311
7.23850
7.31092
7.23272
7.28669
7.45778
7.48953
7.41102
7.34008
7.33114
7.41128
7.17497
7.15162
7.22252
7.39374
7.40781
7.33334
7.39013
7.65952
7.65533
7.72569
7.73005
7.74503
7.59899
7.60775
7.47460
7.50126
7.56231
7.54448
7.56437
7.79990
7.90925
7.95390
7.91234
7.84528
7.76156
7.75436
7.64265
7.65017
7.74007
7.91121
7.93148
7.81235
7.79386
7.86017
7.89780
7.98508
8.03311
7.97723
8.05896
7.75252
7.66325
7.81772
7.65055
7.70068
7.67496
7.68186
7.71541
7.73861
7.74860
7.82932
7.82208
7.84991
7.93746
7.96584
7.99260
8.02643
8.30142
8.37704
8.45820
8.41592
8.28775
8.21308
8.14026
8.30250
8.27637
8.35120
8.31003
8.29186
8.23204
8.22489
8.19114
8.14852
8.15421
8.16339
8.16468
8.15510
8.13396
8.12427
8.10577
8.09950
8.07938
8.08350
8.08575
8.00456
8.00925
7.89983
7.88138
7.94873
7.84032
7.80827
7.81021
7.80894
7.81019
7.79378
7.74759
7.76344
7.81329
7.74168
7.79026
7.79651
7.78244
7.77228
7.71315
7.91951
7.91764
8.02215
8.13654
8.14732
8.10601
8.14160
8.11046
8.08331
8.10221
8.14422
8.16953
8.14209
8.12926
8.12079
8.08385
8.16521
8.24543
8.01757
8.02128
8.08416
8.33693
8.24367
8.26778
8.19938
8.24086
8.50886
8.55432
8.60534
8.58758
8.58833
8.49741
8.64723
8.49623
8.45684
8.35721
8.35291
8.22435
8.05753
8.14408
8.10808
8.09068
8.13754
8.20211
8.24247
8.10522
7.99149
8.06685
8.07184
7.96127
7.99696
8.01574
7.96945
8.07870
8.09438
8.01822
8.03126
8.02997
8.10089
8.08268
8.11345
8.01814
8.01398
7.93654
7.80696
7.76897
7.77384
7.73924
7.82038
7.79550
7.87013
7.67093
7.77772
7.90343
7.72057
7.63082
7.43851
7.81082
7.88908
7.58847
7.61895
7.61950
7.63944
7.66182
7.67140
7.66508
7.73879
7.66171
7.55067
7.66117
7.78152
7.85260
7.62887
7.63078
7.71496
8.02019
8.13316
7.81931
7.70637
8.12815
7.87792
7.66183
7.64972
7.82606
7.75310
7.60751
7.78583
7.92523
8.14123
8.30128
8.30668
8.27998
8.23716
8.17210
8.12418
8.07505
8.05661
8.01398
8.00395
8.00112
7.99598
7.98387
8.08476
8.06884
8.05355
7.96084
7.98855
7.94990
8.02883
8.30064
8.46029
8.36228
8.41172
8.51627
8.57044
8.45573
8.31619
8.26920
8.21029
8.16790
8.34738
8.43421
8.08601
8.30902
8.07957
8.07799
8.14689
8.08191
8.10838
7.99551
7.96892
8.08749
8.02544
8.02941
8.03734
8.06095
8.03541
8.02020
7.98653
7.96620
7.95353
7.94411
7.92923
7.93876
7.91545
7.88614
7.87200
7.84419
7.82317
7.78979
7.77853
7.76388
7.81957
7.75525
7.74460
7.78767
8.02302
8.36099
8.52586
8.65587
8.61406
8.43398
8.47449
8.79563
9.01452
9.15950
9.28558
9.16417
9.09457
8.98872
8.89984
8.82404
8.77591
8.76192
8.75377
8.73484
8.70006
8.66428
8.63562
8.61070
8.59208
8.56787
8.55005
8.52093
8.48599
8.48722
8.45593
8.39422
8.48906
8.44208
8.48745
8.54056
8.50400
8.49491
8.44973
8.43265
8.39881
8.39891
8.38042
8.35171
8.31372
8.35146
8.41110
8.39238
8.39018
8.38017
8.36230
8.34145
8.31278
8.27765
8.23732
8.16458
8.15428
8.15339
8.13532
8.15731
8.18402
8.13357
7.99869
7.93294
7.99197
7.96653
7.97239
7.95017
7.97584
7.96486
7.89436
7.96848
8.00640
7.98320
7.95739
7.94675
7.84359
7.84748
7.86128
7.80972
7.76636
7.75324
7.67735
7.63974
7.69368
7.57035
7.52372
7.49093
7.48784
7.42649
7.46883
7.48652
7.49145
7.45195
7.43842
7.42397
7.34374
7.34292
7.36206
7.37169
7.36233
7.34490
7.30924
7.28145
7.26646
7.24960
7.22850
7.22532
7.21782
7.20000
7.17468
7.15077
7.12249
7.09710
7.06920
7.04435
7.01957
6.99351
6.96885
6.94234
6.91753
6.89177
6.86976
6.84742
6.82340
6.80128
6.78346
6.75792
6.73129
6.71326
6.70814
6.68552
6.66701
6.64209
6.60112
6.58140
6.56513
6.53370
6.51960
6.50351
6.47713
6.45616
6.43472
6.41356
6.38514
6.36262
6.33497
6.31853
6.29960
6.28034
6.26478
6.24543
6.22804
6.20625
6.18848
6.16911
6.15198
6.12682
6.11153
6.09145
6.08109
6.01956
5.98325
5.98317
5.96891
5.95563
5.94130
5.94414
5.92580
5.90801
5.89116
5.87989
5.86720
5.84583
5.81824
5.81198
5.79013
5.76294
5.76628
5.76774
5.75762
5.75695
5.75063
5.74175
5.72786
5.71441
5.70086
5.68592
5.67179
5.65482
5.63817
5.62215
5.60566
5.58526
5.56830
5.54841
5.53490
5.51979
5.52685
5.56329
5.55924
5.56432
5.57804
5.57078
5.57564
5.61593
5.64324
5.65763
5.66175
5.64391
5.59928
5.59984
5.58257
5.56503
5.55068
5.53263
5.52735
5.51417
5.49542
5.48468
5.47834
5.46785
5.45623
5.44033
5.43181
5.41869
5.39937
5.37776
5.37447
5.36713
5.34658
5.33424
5.32247
5.30814
5.29759
5.27671
5.32240
5.31446
5.31177
5.28635
5.25170
5.25810
5.24477
5.22237
5.22398
5.20632
5.19960
5.17122
5.14572
5.13817
5.12590
5.11022
5.09805
5.05812
5.04011
5.04226
5.03414
5.02857
5.02923
5.02565
5.05727
5.11814
5.21675
5.27044
5.31421
5.36003
5.37748
5.41818
5.46241
5.46501
5.45401
5.45356
5.47766
5.49305
5.52500
5.59836
5.68262
5.72892
5.77703
5.81598
5.84426
5.92065
5.97571
6.01770
6.03224
6.02001
6.03991
6.06269
6.06260
6.06516
6.07173
6.07991
6.08538
6.08329
6.08343
6.07046
6.03531
6.04497
6.08700
6.18170
6.24847
6.27889
6.31527
6.32756
6.33038
6.33660
6.33071
6.33409
6.34222
6.36666
6.36342
6.38238
6.37952
6.38208
6.37583
6.38070
6.35954
6.34776
6.33253
6.33283
6.25977
6.20652
6.22355
6.21572
6.21359
6.21127
6.20641
6.19696
6.19641
6.19102
6.18639
6.18050
6.17782
6.16598
6.16096
6.15902
6.16482
6.16033
6.16044
6.15548
6.14986
6.14717
6.14154
6.12915
6.11625
6.10197
6.09050
6.07737
6.07520
6.06234
6.03773
6.02750
6.00510
6.01108
6.00689
5.99607
5.99604
5.98692
5.97266
5.96050
5.95059
5.94480
5.93323
5.92947
5.91776
5.90542
5.89007
5.89323
5.89939
5.91171
5.91575
5.93354
5.94646
5.92417
5.95574
5.95116
5.93642
5.92920
5.96014
5.97865
5.97193
5.99498
6.04589
6.06860
6.09781
6.12921
6.15011
6.16517
6.18341
6.19439
6.20796
6.20731
6.19376
6.18912
6.19024
6.17705
6.18096
6.17720
6.16615
6.20621
6.22083
6.23637
6.24211
6.25757
6.27213
6.27697
6.32225
6.34079
6.33368
6.33378
6.34069
6.32581
6.29858
6.23905
6.23766
6.20363
6.18008
6.18121
6.17856
6.16398
6.15656
6.15348
6.14032
6.14691
6.14128
6.12766
6.11816
6.10454
6.09331
6.08151
6.06816
6.06208
6.09248
6.08944
6.08758
6.06422
6.03439
6.02669
6.01067
6.04002
6.03793
6.05686
6.02117
6.00031
5.98493
5.96530
5.96251
5.97074
5.98510
6.00114
5.98271
6.06599
6.18952
6.26280
6.30076
6.28684
6.27601
6.26657
6.23207
6.22701
6.21726
6.22913
6.25655
6.33651
6.43237
6.49386
6.49033
6.49461
6.44156
6.49743
6.52778
6.55027
6.55045
6.56152
6.58164
6.58161
6.60357
6.64264
6.70581
6.87960
6.87078
6.84175
6.96278
7.04791
7.00853
7.04498
7.08788
7.10392
7.11526
7.28165
7.32315
7.33956
7.69971
7.71882
7.64239
7.56747
7.36663
7.65012
7.88422
7.92246
7.91818
7.89209
7.92049
7.96698
7.98815
7.97594
7.92789
7.96964
8.00076
8.16332
8.25704
8.33010
8.32677
8.46692
8.53856
8.56962
8.36364
8.38190
8.22954
8.36859
8.22948
8.39075
8.23762
8.40127
8.29340
8.68392
8.46283
