51.64187
48.76699
50.98362
49.18761
50.69033
49.40466
50.52258
49.53865
50.41275
49.63058
50.33448
49.69817
50.27542
49.75029
50.22902
49.79188
50.19151
49.82590
50.16053
49.85422
50.13456
49.87810
50.11257
49.89839
50.09381
49.91573
50.07776
49.93059
50.06401
49.94332
50.05224
49.95420
50.04218
49.96348
50.03364
49.97133
50.02643
49.97794
50.02039
49.98344
50.01539
49.98798
50.01129
49.99166
50.00799
49.99460
50.00539
49.99690
49.99690
49.99690
49.99690
49.99690
49.99690
49.99690
49.99690
49.99690
49.99690
49.99690
49.99690
49.99690
49.99690
49.99690
49.99690
49.99690
49.99690
49.99690
49.99690
49.99690
49.99690
49.99690
49.99690
49.99690
49.99690
49.99690
49.99690
49.99690
49.99690
49.99690
49.99690
49.99690
49.99690
49.99690
49.99690
49.99690
49.99690
49.99690
49.99690
49.99690
49.99690
49.99690
49.99690
49.99690
49.99690
49.99690
49.99690
49.99690
49.99690
49.99690
49.99690
49.99690
49.99690
49.99690
49.99690
49.99690
49.99690
49.99690
49.99690
49.99690
49.99690
49.99690
49.99690
49.99690
49.99690
49.99690
49.99690
49.99690
49.99690
49.99690
49.99690
49.99690
49.99690
49.99690
49.99690
49.99690
49.99690
49.99690
49.99690
49.99690
49.99690
49.99690
49.99690
49.99690
49.99690
49.99690
49.99690
49.99690
49.99690
49.99690
49.99690
49.99690
49.99690
49.99690
49.99690
49.99690
49.99690
49.99690
49.99690
49.99690
49.99690
49.99690
49.99690
49.99690
49.99690
49.99690
49.99690
49.99690
49.99690
49.99690
49.99690
49.99690
49.99690
49.99690
49.99690
49.99690
49.99690
49.99690
49.99690
49.99690
49.99690
49.99690
49.99690
49.99690
49.99690
49.99690
49.99690
49.99690
49.99690
49.99690
49.99690
49.99690
49.99690
49.99690
49.99690
49.99690
49.99690
49.99690
49.99690
49.99690
49.99690
49.99690
49.99690
49.99690
49.99690
49.99690
49.99690
49.99690
49.99690
49.99690
49.99690
49.99690
49.99690
49.99690
49.99690
49.99690
49.99690
49.99690
49.99690
49.99690
49.99690
49.99690
49.99690
49.99690
49.99690
49.99690
49.99690
49.99690
49.99690
49.99690
49.99690
49.99690
49.99690
49.99690
49.99690
49.99690
49.99690
49.99690
49.99690
49.99690
49.99690
49.99690
49.99690
49.99690
49.99690
49.99690
49.99690
49.99690
49.99690
49.99690
49.99690
49.99690
49.99690
49.99690
49.99690
49.99690
49.99690
49.99690
49.99690
49.99690
49.99690
49.99690
49.99690
49.99690
49.99690
49.99690
49.99690
49.99690
49.99690
49.99690
49.99690
49.99690
49.99690
49.99690
49.99690
49.99690
49.99690
49.99690
49.99690
49.99690
49.99690
49.99690
49.99690
49.99690
49.99690
49.99690
49.99690
49.99690
49.99690
49.99690
49.99690
49.99690
49.99690
49.99690
49.99690
49.99690
49.99690
49.99690
49.99690
49.99690
49.99690
49.99690
49.99690
49.99690
49.99690
49.99690
49.99690
49.99690
49.99690
49.99690
49.99690
49.99690
49.99690
49.99690
49.99690
49.99690
49.99690
49.99690
49.99690
49.99690
49.99690
49.99690
49.99690
49.99690
49.99690
49.99690
49.99690
49.99690
49.99690
49.99690
49.99690
49.99690
49.99690
49.99690
49.99690
49.99690
49.99690
49.99690
49.99690
49.99690
49.99690
49.99690
49.99690
49.99690
49.99690
49.99690
49.99690
49.99690
49.99690
49.99690
49.99690
49.99690
49.99690
49.99690
49.99690
49.99690
49.99690
49.99690
49.99690
49.99690
49.99690
49.99690
49.99690
49.99690
49.99690
49.99690
49.99690
49.99690
49.99690
49.99690
49.99690
49.99690
49.99690
49.99690
49.99690
49.99690
49.99690
49.99690
49.99690
49.99690
49.99690
49.99690
49.99690
49.99690
49.99690
49.99690
49.99690
49.99690
49.99690
49.99690
49.99690
49.99690
49.99690
49.99690
49.99690
49.99690
49.99690
49.99690
49.99690
49.99690
49.99690
49.99690
49.99690
49.99690
49.99690
49.99690
49.99690
49.99690
49.99690
49.99690
49.99690
49.99690
49.99690
49.99690
49.99690
49.99690
49.99690
49.99690
49.99690
49.99690
49.99690
49.99690
49.99690
49.99690
49.99690
49.99690
49.99690
49.99690
49.99690
49.99690
49.99690
49.99690
49.99690
49.99690
49.99690
49.99690
49.99690
49.99690
49.99690
49.99690
49.99690
49.99690
49.99690
49.99690
49.99690
49.99690
49.99690
49.99690
49.99690
49.99690
49.99690
49.99690
49.99690
49.99690
49.99690
49.99690
49.99690
49.99690
49.99690
49.99690
49.99690
49.99690
49.99690
49.99690
49.99690
49.99690
49.99690
49.99690
49.99690
49.99690
49.99690
49.99690
49.99690
49.99690
49.99690
49.99690
49.99690
49.99690
49.99690
49.99690
49.99690
49.99690
49.99690
49.99690
49.99690
49.99690
49.99690
49.99690
49.99690
49.99690
49.99690
49.99690
49.99690
49.99690
49.99690
49.99690
49.99690
49.99690
49.99690
49.99690
49.99690
49.99690
49.99690
49.99690
49.99690
49.99690
49.99690
49.99690
49.99690
49.99690
49.99690
49.99690
49.99690
49.99690
49.99690
49.99690
49.99690
49.99690
49.99690
49.99690
49.99690
49.99690
49.99690
49.99690
49.99690
49.99690
49.99690
49.99690
49.99690
49.99690
49.99690
49.99690
49.99690
49.99690
49.99690
49.99690
49.99690
49.99690
49.99690
49.99690
49.99690
49.99690
49.99690
49.99690
49.99690
49.99690
49.99690
49.99690
49.99690
49.99690
49.99690
49.99690
49.99690
49.99690
49.99690
49.99690
49.99690
49.99690
49.99690
49.99690
49.99690
49.99690
49.99690
49.99690
49.99690
49.99690
49.99690
49.99690
49.99690
49.99690
49.99690
49.99690
49.99690
49.99690
49.99690
49.99690
49.99690
49.99690
49.99690
49.99690
49.99690
49.99690
49.99690
49.99690
49.99690
49.99690
49.99690
49.99690
49.99690
49.99690
49.99690
49.99690
49.99690
49.99690
49.99690
49.99690
49.99690
49.99690
49.99690
49.99690
49.99690
49.99690
49.99690
49.99690
49.99690
49.99690
49.99690
49.99690
49.99690
49.99690
49.99690
49.99690
49.99690
49.99690
49.99690
49.99690
49.99690
49.99690
49.99690
49.99690
49.99690
49.99690
49.99690
49.99690
49.99690
49.99690
49.99690
49.99690
49.99690
49.99690
49.99690
49.99690
49.99690
49.99690
49.99690
49.99690
49.99690
49.99690
49.99690
49.99690
49.99690
49.99690
49.99690
49.99690
49.99690
49.99690
49.99690
49.99690
49.99690
49.99690
49.99690
49.99690
49.99690
49.99690
49.99690
49.99690
49.99690
49.99690
49.99690
49.99690
49.99690
49.99690
49.99690
49.99690
49.99690
49.99690
49.99690
49.99690
49.99690
49.99690
49.99690
49.99690
49.99690
49.99690
49.99690
49.99690
49.99690
49.99690
49.99690
49.99690
49.99690
49.99690
49.99690
49.99690
49.99690
49.99690
49.99690
49.99690
49.99690
49.99690
49.99690
49.99690
49.99690
49.99690
49.99690
49.99690
49.99690
49.99690
49.99690
49.99690
49.99690
49.99690
49.99690
49.99690
49.99690
49.99690
49.99690
49.99690
49.99690
49.99690
49.99690
49.99690
49.99690
49.99690
49.99690
49.99690
49.99690
49.99690
49.99690
49.99690
49.99690
49.99690
49.99690
49.99690
49.99690
49.99690
49.99690
49.99690
49.99690
49.99690
49.99690
49.99690
49.99690
49.99690
49.99690
49.99690
49.99690
49.99690
49.99690
49.99690
49.99690
49.99690
49.99690
49.99690
49.99690
49.99690
49.99690
49.99690
49.99690
49.99690
49.99690
49.99690
49.99690
49.99690
49.99690
49.99690
49.99690
49.99690
49.99690
49.99690
49.99690
49.99690
49.99690
49.99690
49.99690
49.99690
49.99690
49.99690
49.99690
49.99690
49.99690
49.99690
49.99690
49.99690
49.99690
49.99690
49.99690
49.99690
49.99690
49.99690
49.99690
49.99690
49.99690
49.99690
49.99690
49.99690
49.99690
49.99690
49.99690
49.99690
49.99690
49.99690
49.99690
49.99690
49.99690
49.99690
49.99690
49.99690
49.99690
49.99690
49.99690
49.99690
49.99690
49.99690
49.99690
49.99690
49.99690
49.99690
49.99690
49.99690
49.99690
49.99690
49.99690
49.99690
49.99690
49.99690
49.99690
49.99690
49.99690
49.99690
49.99690
49.99690
49.99690
49.99690
49.99690
49.99690
49.99690
49.99690
49.99690
49.99690
49.99690
49.99690
49.99690
49.99690
49.99690
49.99690
49.99690
49.99690
49.99690
49.99690
49.99690
49.99690
49.99690
49.99690
49.99690
49.99690
49.99690
49.99690
49.99690
49.99690
49.99690
49.99690
49.99690
49.99690
49.99690
49.99690
49.99690
49.99690
49.99690
49.99690
49.99690
49.99692
50.00536
49.99464
50.00795
49.99172
50.01122
49.98806
50.01529
49.98355
50.02027
49.97808
50.02627
49.97151
50.03344
49.96371
50.04193
49.95449
50.05192
49.94367
50.06362
49.93103
50.07728
49.91626
50.09323
49.89903
50.11187
49.87886
50.13372
49.85513
50.15953
49.82699
50.19032
49.79319
50.22760
49.75185
50.27371
49.70005
50.33240
49.63289
50.41018
49.54153
50.51932
49.40838
50.68601
49.19271
50.97743
48.77479
