35.77884
33.84543
35.36640
34.24184
35.40873
34.58516
35.45993
34.82875
35.39517
35.00987
35.61295
35.25767
35.84095
35.58185
35.92453
35.69951
36.02974
35.78796
36.01268
35.98645
36.35069
36.15379
36.18739
35.90100
35.98217
36.03193
36.47420
36.51677
36.59801
36.61841
36.74009
36.57491
36.58455
36.74512
36.90754
36.74896
36.56640
36.25921
36.07684
35.89850
35.99698
36.25264
36.59108
36.80447
36.79208
36.65042
36.51961
36.36325
36.16482
36.06385
36.04464
36.17030
36.23070
36.20121
36.11789
36.00655
35.94220
36.11070
36.21884
36.16082
36.17444
36.41799
36.52981
36.47385
36.29220
36.20909
36.28095
36.26221
36.12357
36.16004
36.50504
36.63197
36.51252
36.53130
36.53774
36.46058
36.37612
36.31131
36.18488
36.06699
35.96013
36.25865
36.62262
36.69986
36.66345
36.61735
36.54695
36.52468
36.69446
36.67757
36.69540
36.86095
37.00391
37.02079
36.97123
36.81625
36.65828
36.44302
36.26631
36.10808
35.99435
36.11116
36.39106
36.43171
36.42463
36.41060
36.37905
36.37441
36.33432
36.26181
36.21754
36.21360
36.33840
36.42272
36.41546
36.32720
36.21163
36.13006
36.05120
35.98815
35.95635
36.11625
36.39802
36.42175
36.41283
36.35875
36.28734
36.09701
36.04073
35.97930
35.92093
36.28726
36.57815
36.55092
36.50398
36.37003
36.26673
36.19870
36.17645
36.26465
36.47891
36.48750
36.45320
36.36858
36.22526
36.23952
36.20126
36.20220
36.11810
36.03320
36.09849
36.14363
36.15811
36.18640
36.19394
36.23606
36.19829
36.22605
36.26357
36.29601
36.27401
36.27878
36.25661
36.25307
36.24203
36.61638
37.04541
36.89997
36.53418
36.56005
36.64103
36.52445
36.61036
36.57550
36.51776
36.49548
36.49252
36.59898
36.54834
36.47434
36.44642
36.46104
36.47090
36.46306
36.45313
36.41948
36.50367
36.59206
36.63519
36.71593
36.81106
36.68025
36.63715
36.65024
36.87139
36.98339
36.95435
36.91899
36.81489
36.82105
37.14431
37.53712
37.61096
37.45924
37.19951
37.06123
36.98555
37.21253
37.52107
37.48051
37.37261
37.24861
37.17204
37.34168
37.63716
37.63501
37.57962
37.36767
37.25307
37.13250
37.03953
36.98505
36.96676
36.90279
36.88419
36.82092
36.79573
36.74169
36.71071
36.68690
36.68812
36.87677
36.87422
36.72802
36.74595
36.83317
36.70840
36.67745
36.69889
36.61963
36.54644
36.67674
36.86100
36.85925
36.84224
36.76362
36.96607
37.15204
37.14193
37.10041
37.03604
36.94009
36.90608
36.81552
36.79809
36.82671
36.81494
36.78065
36.71637
36.73122
36.83989
37.07698
37.07868
37.24574
37.31438
37.22033
37.10489
36.99351
36.89395
36.82551
36.77965
36.82959
36.99897
37.25758
37.48999
37.56780
37.55297
37.36332
37.20141
37.09277
37.04770
37.06033
37.16110
37.30617
37.23624
37.19949
37.16741
37.17887
37.01871
36.91967
37.07471
37.00269
36.97149
36.92312
36.91228
36.84906
36.81174
36.80822
36.80402
36.78912
36.74827
36.70039
36.67538
36.79739
36.84637
36.80032
36.80423
36.73134
36.68023
36.65063
36.71528
37.14191
37.44259
37.57735
37.89405
38.17335
38.15680
38.03729
37.86468
37.65172
37.57831
37.85298
38.16423
38.38584
38.36930
38.24955
38.02938
37.85268
37.73183
37.64113
37.56442
37.54942
37.49681
37.44022
37.36476
37.35905
37.39280
37.35201
37.17569
37.35188
37.35544
37.32540
37.30897
37.39729
37.48459
37.45923
37.38794
37.38156
37.37309
37.35673
37.28994
37.29600
37.29752
37.24521
37.14775
37.10929
37.24944
37.31522
37.34246
37.30959
37.28313
37.17359
37.17745
37.23806
37.26380
37.22430
37.20927
37.16672
37.17837
37.15980
37.19798
37.40504
37.51312
37.46873
37.42686
37.36510
37.44723
37.65065
37.69713
37.63309
37.58287
37.85228
38.07351
38.11397
38.06612
37.87705
37.71478
37.59978
37.61037
37.60069
37.64010
37.67630
37.60865
37.55221
37.48271
37.45279
37.41814
37.37265
37.32781
37.30869
37.22380
37.42086
37.47486
37.53897
37.55226
37.46955
37.38370
37.37847
37.30744
37.30891
37.23776
37.24816
37.32656
37.59063
38.06940
38.27839
38.23639
38.16273
38.02292
37.89771
37.80785
37.76616
37.69633
37.91249
38.34335
38.48201
38.46948
38.60095
38.78926
38.74312
38.65362
38.46883
38.30368
38.15022
38.12727
38.00199
37.73849
37.67082
37.89064
37.95280
37.90553
37.81247
37.78587
37.86192
37.84649
37.80568
37.70533
37.67466
37.61585
37.59744
37.62321
37.67511
37.63011
37.62717
37.58174
37.56180
37.50428
37.46357
37.42882
37.43886
37.38659
37.43635
37.48466
37.64711
37.74164
37.99666
38.34521
38.51752
38.47138
38.42184
38.21078
38.20504
37.84565
37.69839
38.05475
38.21494
38.40359
38.36872
38.29274
38.25288
38.02652
37.97965
38.09471
37.93750
37.89636
37.95776
38.09790
38.22944
38.28555
38.24513
38.41173
38.37061
38.35280
38.25742
38.25920
38.13133
38.13874
38.29613
38.34453
38.37996
38.26575
37.75508
38.25528
37.50325
37.56644
38.05700
38.03352
38.33533
38.13662
38.42212
38.36512
38.52628
38.42882
38.65363
38.39890
38.53724
38.51448
37.98010
38.24066
38.31172
38.40524
38.41290
38.43638
38.38314
38.48857
38.48785
38.43598
38.55754
38.49968
38.91177
39.37131
39.55248
39.44478
39.22191
38.96079
38.82974
38.81718
38.68134
38.70020
38.59389
38.52733
38.55094
38.52254
38.46581
38.46965
38.58451
38.39529
38.49620
38.44882
38.36695
38.35260
38.53163
38.64931
39.18129
39.73241
40.09940
40.12205
39.79924
39.66500
39.57155
39.40278
39.26034
39.37072
39.37718
39.02833
38.99810
39.22909
38.93988
38.75953
38.53268
38.84086
38.59461
38.78853
38.89832
38.78567
38.50904
38.63359
38.58713
38.17859
38.86990
38.79664
38.94477
38.76072
38.74000
38.88130
38.85805
38.68465
39.21958
39.66211
39.62180
39.60143
39.80172
38.74270
38.72054
39.38460
38.97044
39.02865
38.72012
38.78862
38.47132
38.76062
39.18133
39.11252
39.04234
39.00494
39.23742
39.65371
39.76381
39.75593
39.63333
39.55394
39.44192
39.52915
39.56978
39.60753
39.26691
39.65940
40.39459
40.29623
40.27901
40.01422
39.92501
39.69052
39.55750
39.60486
39.49254
39.57245
39.52609
39.39783
39.23486
39.18088
39.34483
39.39676
39.38184
39.27311
39.22039
39.35259
39.32325
39.29776
39.26708
39.03509
39.17300
39.21982
39.24229
39.32069
39.34289
39.37065
39.33960
39.49078
40.03121
40.34787
40.46622
40.41444
40.25432
40.04253
40.05804
39.95292
39.78627
39.96891
39.84625
39.69711
39.76419
39.83941
39.71434
39.79583
39.73040
39.83476
39.66184
40.03771
40.35941
40.32305
40.09111
40.04843
39.98461
39.88121
39.83251
39.78063
39.75269
39.77164
39.80789
39.86772
39.87749
40.06757
40.15400
40.11849
40.12790
40.10307
40.02386
39.96754
39.84224
39.83381
39.84494
39.81789
39.71628
39.57398
39.49471
39.46941
39.47847
39.51044
39.46944
39.48227
39.60250
39.63067
39.66349
39.62367
39.57868
39.65483
39.53519
39.42620
39.46415
39.43024
39.40600
39.36262
39.46096
39.58311
39.76856
39.78668
39.81038
39.71916
39.70323
39.75687
39.96601
40.24394
40.30896
40.42960
40.45723
40.32943
40.28231
40.19921
40.10914
40.06161
40.07067
40.02776
40.08098
40.14730
40.27436
40.40750
40.45249
40.59427
40.68003
40.72401
40.97365
41.12084
41.05243
40.84868
40.85716
40.95989
40.96959
40.88174
40.75245
40.64697
40.59825
40.59556
40.54025
40.55125
40.54910
40.52902
40.51752
40.51956
40.47648
40.43739
40.37426
40.39009
40.42009
40.36686
40.34568
40.38727
40.59358
40.95632
41.04686
40.99839
40.87398
40.76656
41.06921
41.45473
41.50665
41.39213
41.24695
41.13650
41.03119
41.05231
41.06165
41.07660
41.02212
40.96596
40.94420
40.93494
40.88520
40.75925
40.85968
40.91374
40.64646
40.84098
40.97914
40.91998
40.91011
40.98039
41.08343
41.10016
41.09800
41.09455
41.19529
41.30145
41.34715
41.29401
41.29954
41.24971
41.18879
41.10008
41.05269
40.99354
41.04777
41.12547
41.20117
41.20569
41.89579
42.60196
42.82783
42.73684
42.52727
42.30848
42.12592
41.98997
41.91065
41.84942
41.82202
41.80298
41.77199
41.74897
41.66452
41.62488
41.57820
41.51760
41.61947
42.30909
42.94090
43.11492
43.06965
42.85657
42.92624
43.36163
43.35961
43.26248
43.20784
43.34718
43.46318
43.46441
43.48536
43.31420
43.03543
43.10300
43.57637
43.73340
43.63307
43.38824
43.19699
43.07089
42.98143
42.94381
42.90134
42.84489
42.86448
42.94265
42.91531
42.89876
42.93974
42.92231
42.86112
42.93128
43.20475
43.28998
43.42282
43.35615
43.20229
43.05583
43.09476
43.54322
43.91169
44.00047
44.16177
44.26243
44.05682
43.80039
43.49410
43.32502
43.23586
43.28593
43.21976
43.13650
43.07698
43.14238
43.38493
43.88615
44.21379
44.67316
44.71366
44.59331
44.34251
44.15286
43.75571
43.60336
43.31539
43.29680
43.11048
43.27900
43.08578
43.28520
43.44394
43.77338
43.76246
44.03969
43.73105
43.78128
43.35212
43.71016
43.58213
44.02829
43.71715
44.26018
43.65044
44.05579
43.45548
44.21722
43.48886
44.18489
43.06873
44.09057
42.67789
44.07385
42.15988
44.55546
