26.88394
25.28465
26.40027
25.56570
26.33883
25.71104
26.29662
26.03602
26.64311
26.19744
26.46855
26.06384
26.31354
26.02168
26.27108
26.04019
26.30351
26.28183
26.69460
26.66261
26.81155
26.56919
26.60261
26.45053
26.49956
26.38276
26.60477
26.65249
26.67630
26.53166
26.48561
26.36961
26.40002
26.36674
26.65363
26.98369
27.13479
27.05845
26.94732
26.82678
26.74729
26.69488
26.65769
26.63199
26.70754
26.75497
26.83073
26.96409
26.78708
26.74108
26.71473
26.61688
26.56488
26.51412
26.49202
26.47750
26.46547
26.51607
26.57508
26.61550
26.82206
26.85273
26.78999
26.71786
26.66739
26.63801
26.66799
26.67649
26.66365
26.65444
26.67392
26.64806
26.60557
26.59502
26.56775
26.56235
26.58735
26.58827
26.74284
27.02073
27.06920
27.00175
26.90564
26.83362
26.80492
26.80648
26.81532
26.80358
26.78257
26.75823
26.73638
26.71329
26.69949
26.69034
26.69317
26.67968
26.67116
26.66880
26.64719
26.62766
26.67518
26.69701
26.67476
26.66653
26.68104
26.67800
26.66160
26.66412
26.64892
26.60819
26.58745
26.56498
26.62494
26.78200
26.82787
26.83643
27.01065
27.17006
27.19920
27.16045
27.02709
26.94945
26.88577
26.88147
26.87548
26.91017
26.96697
27.26393
27.33173
27.27000
27.14566
27.16339
27.09068
26.69935
26.45374
26.75140
27.45645
27.79924
28.21116
28.46399
28.29879
28.10778
28.17810
28.05097
28.05072
27.84275
27.76492
27.79785
27.80426
27.81796
27.83812
27.86817
28.16130
28.23117
27.74906
27.76152
27.79550
28.07289
28.01246
28.36510
28.38724
28.19353
27.93849
27.96229
28.09299
28.22923
28.01634
28.09845
28.36358
28.22170
28.24789
28.30012
28.18152
28.33589
28.43959
28.25849
28.26923
28.15111
28.09342
28.08347
28.03460
28.07709
28.16773
28.35067
28.36732
28.20283
28.24676
28.22980
28.05617
28.07480
28.19358
28.09687
28.05356
27.97457
27.89345
28.13820
28.07354
28.08589
28.24796
28.15094
28.27923
27.89724
28.02360
28.03105
28.34866
28.24585
28.03344
28.26048
28.18636
28.10270
27.67898
27.90899
28.13339
28.00888
27.93009
27.91802
28.22774
28.20935
28.15682
28.15321
28.18659
28.93592
29.30857
29.19021
28.96084
28.73213
28.93626
29.15885
29.25328
29.19661
28.86649
29.23744
29.60979
29.61167
29.61850
29.48861
29.47549
29.85394
29.77709
30.12800
29.88020
29.68892
29.73269
29.93125
29.93736
29.94951
30.15706
29.96580
30.13282
30.39351
30.31001
30.01935
29.89728
29.86631
29.80199
29.70653
29.63987
29.56616
29.53133
29.49833
29.44328
29.41830
29.36118
29.34163
29.27455
29.46579
29.62663
29.68763
29.68931
29.52485
29.55990
29.52601
29.94334
30.19878
30.20183
30.02799
30.00319
30.00258
30.14176
30.49269
30.55022
30.75913
30.85436
30.74533
30.72378
30.71294
30.65055
30.79685
30.75803
30.62853
30.58409
30.61307
30.41906
30.28238
30.22839
30.52656
30.54869
30.02285
30.06503
30.02256
30.05259
29.99257
29.98526
29.99341
30.13889
30.11362
29.87386
29.72762
29.77485
29.81446
29.82989
29.95373
30.21706
30.25308
30.14041
30.02297
30.08109
30.60622
30.87538
30.75403
30.62863
30.44956
30.43358
30.41422
30.40797
30.51056
30.37998
30.30928
29.97386
29.91010
29.86097
29.90030
29.87159
29.60610
29.53102
29.57943
29.79422
29.78354
29.80637
29.86694
29.83815
29.74686
29.73079
29.67439
29.77930
30.29027
30.58871
30.59325
30.39726
30.25043
30.19742
30.12507
30.09235
30.03868
30.02285
29.97769
29.95531
29.91374
29.86531
29.84404
29.89008
29.83110
29.83005
29.85605
29.82112
29.76022
29.79998
29.94398
30.10862
30.11287
30.12186
29.99082
29.86316
29.96188
30.12775
29.99772
30.06594
30.21040
30.12320
30.09466
29.96481
29.94122
29.98246
29.97715
29.96950
29.98182
29.90610
29.74797
29.83344
29.83405
29.93584
29.85650
29.48409
29.37208
29.80566
30.14486
30.02588
29.94251
29.79994
29.79962
29.76186
29.77176
29.76664
29.75877
29.76961
29.66852
29.64850
29.71504
29.72462
29.70860
29.65107
29.63462
29.64256
29.68369
29.72177
29.75281
29.85081
29.79874
29.95298
30.29227
30.45177
30.37596
30.22969
30.17705
30.11738
30.05933
29.94923
29.83804
29.81014
29.62836
29.70453
29.97742
30.17381
30.49834
30.80142
30.88669
30.67960
30.49994
30.38082
30.30986
30.24663
30.35768
30.23933
30.12163
30.14342
29.92052
30.09991
29.99398
30.04350
30.25127
30.17231
30.40155
30.27724
30.24483
30.28602
30.24706
30.27916
30.11321
30.18303
30.27925
30.18564
30.28193
30.28170
30.24702
30.16558
30.11967
30.22811
30.45234
30.54121
30.47097
30.44673
30.36547
30.34623
30.30739
30.47995
30.49441
30.45312
30.73972
30.88025
30.89504
30.84636
30.79928
30.57403
30.48393
30.40724
30.47000
30.52938
30.58415
30.68191
30.71221
30.68378
30.65685
30.57373
30.71006
30.98033
31.00818
30.91030
30.81512
30.74326
30.71519
30.65481
30.61120
30.57698
30.65881
30.68357
30.68938
30.67871
30.87303
30.76268
30.74926
30.75158
30.74877
30.61226
30.08791
30.25131
30.49365
30.33987
30.22404
30.20735
30.33167
30.21683
30.24778
30.31288
30.02271
30.03810
29.98944
30.23809
30.49666
30.30229
30.16457
30.52728
30.28650
30.39475
30.53415
30.34168
30.23197
30.15160
30.09955
30.21619
30.21216
29.99331
30.01334
29.94139
29.97929
30.12615
30.27694
30.12961
30.14499
30.18331
30.29042
30.17640
30.10530
30.00020
30.40611
30.98889
31.01239
30.88669
30.90602
30.77871
30.76986
30.71800
30.66479
30.72387
30.80298
30.78576
31.01755
31.18975
31.10600
31.10853
30.90614
30.80569
30.95524
31.61112
31.69542
31.53786
32.16884
32.30904
32.22569
32.33732
32.46086
32.48256
32.08215
31.97576
32.20141
32.71567
32.71272
31.93052
31.71401
31.98731
31.78732
32.11590
31.83530
31.82653
32.01595
32.08779
31.90688
32.30409
32.54374
32.18520
32.29711
32.48757
32.44342
32.24019
32.30224
32.17228
32.43481
32.31675
32.16319
32.52996
33.64711
33.20484
32.76763
33.04158
32.90702
32.76855
32.86998
33.26589
32.83590
33.17951
33.30828
33.40505
33.05896
33.22754
33.28035
33.28456
33.17068
33.25267
33.08080
32.83842
33.23682
33.52043
33.78073
33.86799
33.06320
32.77107
32.83412
32.97519
33.15463
33.54607
33.43049
33.27578
33.36478
33.31454
33.65219
33.91326
33.56716
33.35157
33.41837
33.77015
33.77631
33.33365
33.07099
33.31056
33.23767
32.52684
32.70029
32.85115
33.07926
33.16105
33.52629
33.81016
33.79897
34.35243
34.12462
33.85915
33.92307
34.61839
34.28804
33.86557
33.91938
33.86114
33.98037
33.75851
33.72182
33.68758
33.68533
33.60636
33.59186
33.60806
33.92573
33.94876
33.86450
33.74419
33.71132
33.71523
33.78665
33.82521
33.69009
33.72805
33.75108
33.55570
33.21910
33.23698
33.64860
33.61872
33.74577
34.23664
34.28820
34.45061
34.65601
34.51682
34.21046
34.07270
33.98432
34.02936
34.65239
34.85754
34.75592
34.96667
34.42394
34.51779
34.93346
34.86761
34.35149
34.19930
34.06374
34.21475
34.15489
34.18161
34.08700
34.45145
34.36009
34.61906
35.00558
34.81057
34.67058
34.73220
34.72259
34.19059
34.37797
34.24549
33.73533
33.57741
33.71491
33.68060
33.64424
34.10984
34.75611
34.87235
34.68889
34.55249
34.25901
34.46271
34.16802
34.65193
34.82687
35.15588
35.00600
34.85487
34.53630
34.57288
34.68434
34.60767
34.33560
34.26387
34.71391
34.36656
34.07539
33.87289
34.18881
34.44900
34.72054
35.23582
35.20095
34.83058
34.30163
34.34790
35.03930
35.40119
35.23223
35.30710
35.14036
35.20823
35.11613
35.00606
35.71434
35.57018
35.44274
35.28517
35.19243
35.15827
35.09939
35.11796
35.17304
35.20084
35.29129
35.25264
35.18528
35.09995
35.06415
35.07445
35.11229
34.84424
34.62484
35.04695
35.04979
34.88603
34.55362
34.61459
34.64295
34.80093
34.79698
34.73834
34.71613
34.67597
34.68132
34.63279
34.90914
35.17146
35.92677
36.38396
36.20460
35.92253
35.67110
35.52901
35.39839
35.31905
35.25210
35.23585
35.13854
35.06647
34.99792
34.96050
34.90004
34.90967
34.70403
34.63410
34.58797
34.63302
34.57495
34.69066
34.61267
34.52273
34.72291
35.14569
35.56144
35.58561
35.42937
35.03950
34.91282
34.79085
34.81225
34.96407
34.95692
34.92631
34.89692
34.85228
34.76511
34.67134
34.63758
34.65228
34.66988
34.63347
34.67384
34.68173
34.45349
34.33487
34.47739
34.57662
34.54220
34.69391
35.10561
35.20272
35.09561
34.79668
34.56973
34.64743
34.79746
34.75813
34.75342
34.79393
34.72777
34.61340
34.57622
34.51815
34.26360
34.27783
34.19381
34.29686
34.40487
34.42561
34.49545
34.97669
35.21794
35.16315
34.91190
34.83101
34.63833
34.70107
34.56934
34.63092
34.48723
34.56872
34.36601
34.53895
34.31802
34.46454
34.17726
34.40696
34.20375
34.40167
34.07269
34.35093
33.94002
34.33170
33.85075
34.37022
33.67509
33.90920
33.20816
34.47521
33.87615
35.05463
33.64395
35.55356
