20.40732
19.30214
20.03400
19.32112
19.83119
19.32853
19.71999
19.48215
20.25113
19.90750
20.08313
19.75006
19.87599
19.63131
19.95785
19.74235
19.78641
19.57350
19.62470
19.44415
19.48484
19.37078
19.44492
19.54386
19.69873
19.51175
19.49944
19.41394
19.41061
19.28276
19.25545
19.24633
19.41159
19.35871
19.30551
19.23587
19.23486
19.39042
19.51115
19.42908
19.35898
19.25550
19.24116
19.22306
19.17822
19.10439
19.05125
18.98366
18.93681
18.89523
18.85386
18.84673
18.99891
19.08946
19.35045
19.40727
19.33133
19.27357
19.21867
19.17040
19.15866
19.21890
19.16475
19.10324
19.01157
18.94160
18.88358
18.82514
18.77268
18.73522
18.67569
18.62181
18.56894
18.54448
18.53164
18.48168
18.43270
18.37666
18.34146
18.29041
18.27176
18.24525
18.33992
18.46379
18.38396
18.32852
18.32990
18.49190
18.48319
18.41297
18.33175
18.56419
18.91079
18.86177
18.84048
18.77236
19.10993
19.29788
19.24539
19.17768
19.06194
19.00331
18.99689
19.04059
18.96687
18.88548
18.83305
18.81312
18.74803
18.70513
18.67064
18.62353
18.62314
18.61616
18.55427
18.57942
18.71413
18.72821
18.68150
18.65051
18.64220
18.74998
18.85578
19.12609
19.81389
20.52576
20.78856
21.21815
21.35544
21.31858
21.48733
21.29218
21.23549
21.21030
21.09357
21.16731
21.03098
20.81001
20.70363
20.61069
21.01663
21.11225
20.95880
21.30740
21.94587
22.39281
22.53986
22.41275
22.32389
22.48883
22.42142
22.81824
22.94478
22.77290
22.58828
22.33458
22.20057
21.95770
22.03003
22.18215
21.99973
21.94657
22.11208
22.09187
22.26732
22.37219
22.34181
22.76176
22.52593
22.34993
22.15829
22.05350
21.86725
21.89244
22.06916
22.53468
22.64018
22.54777
22.63407
22.50652
22.49188
22.48121
22.38046
22.04129
22.19199
22.22384
22.04311
22.33660
22.35229
22.42549
22.46258
22.33788
22.34164
22.67797
22.76415
22.59762
22.53701
22.33392
22.36640
22.25778
22.33178
22.53323
22.36816
22.51367
22.68127
22.53932
22.57843
22.59582
22.56076
22.63380
22.73529
22.62134
22.58973
23.01079
23.14023
23.09936
23.21451
22.99066
22.99187
23.25921
23.11948
22.72239
22.52639
22.68570
22.74164
23.13067
23.04290
22.82435
22.77325
22.85680
22.79783
23.04022
23.51867
23.29270
23.51214
23.88478
23.93345
23.58534
23.47800
23.39138
23.22896
23.12851
23.00776
22.94516
22.84318
22.53114
22.46554
22.47499
22.44337
22.33405
22.16310
21.99736
22.07518
22.10126
22.10072
22.08166
21.99449
22.09191
22.23259
22.24936
22.23063
22.25875
22.29443
22.38709
22.27463
22.29107
22.39980
22.36268
22.34003
22.56059
22.78541
22.91698
22.83910
22.82896
22.78057
22.70298
22.59452
22.53794
22.45239
22.49771
22.36897
22.28142
22.50985
22.70436
22.79618
23.06711
23.20619
23.18135
23.23362
23.22320
23.12598
23.07374
22.98449
23.10480
23.23768
23.51708
23.62698
23.56371
23.56383
23.40435
23.59203
23.65698
23.51646
23.48083
23.39902
23.33881
23.21965
23.06488
22.91769
22.84586
22.83178
22.95678
22.90301
22.74962
22.61915
22.62611
22.66184
22.84862
22.92643
23.28969
23.50496
23.30587
23.17940
23.59629
23.79586
23.91337
23.83348
23.87280
23.84175
23.88296
23.93549
23.89625
23.69232
23.51387
23.68756
23.72899
23.57817
23.67226
23.11905
23.39533
23.69197
23.23318
23.37406
23.40228
23.36119
23.50949
23.11017
22.83655
22.79890
22.99839
23.10171
22.89609
22.85344
22.68796
22.59742
22.42392
22.58157
22.87110
22.97924
23.14077
23.54679
23.75872
23.72152
23.73343
23.68354
23.54395
23.44713
23.40395
23.31298
23.19605
23.12009
23.05057
22.99971
22.93280
22.80320
22.72321
22.52893
22.66235
23.13179
23.03154
23.16313
23.70674
24.11552
24.77986
25.27463
25.55060
25.37716
25.23342
24.96293
24.95394
24.87546
24.88556
24.90065
24.77637
24.87233
24.76996
24.91266
25.12295
25.13418
24.93936
25.17079
25.04249
24.90789
24.68679
24.68060
24.72300
24.36201
24.39023
24.69584
24.80566
24.76628
24.59419
24.22029
24.22150
24.39399
24.35578
24.58065
24.52820
24.72275
24.91675
24.85309
24.58390
24.38264
24.25198
24.40190
24.46649
24.25979
24.18781
24.25721
24.34613
24.22780
24.17796
24.30317
24.46641
24.29338
24.24631
24.23221
24.29027
24.18331
24.28571
24.47803
24.34342
24.19851
24.36816
24.70054
25.11737
25.14473
24.95427
25.46477
25.79448
25.73057
25.57438
25.48909
25.59991
25.91431
25.96938
25.57806
25.33842
25.26899
24.95152
24.93041
24.83420
24.89243
24.86338
24.79749
24.67421
24.67756
24.80837
24.92116
24.89171
24.73591
24.45181
24.30623
24.31050
24.33695
24.46986
24.63466
24.32622
24.16350
24.22697
24.39613
24.72261
24.88345
24.98660
25.24548
25.05259
25.04544
25.08821
25.32031
25.35249
25.55531
25.58053
25.44969
25.51589
25.30571
25.34008
25.36373
25.15081
25.14207
25.00515
25.25129
25.48296
25.24445
25.25869
25.24135
25.38067
25.48607
25.69059
25.76257
25.63564
25.58314
25.74395
25.75515
25.19833
25.12438
25.26032
25.12269
25.28921
25.39299
25.71544
25.79817
25.93772
26.07912
25.79714
25.91589
25.88319
25.53375
25.64859
25.63076
25.55544
25.65065
25.49688
25.75710
26.00344
25.79460
25.70974
25.71149
25.68659
25.59547
25.84276
25.76717
25.86210
25.58904
25.60927
25.51102
25.49535
25.65078
25.53466
25.40079
25.31741
25.31409
25.25432
25.19170
25.22538
25.14573
25.02033
24.95176
24.93383
25.05150
24.89717
25.01741
25.29687
25.25472
25.14754
25.04180
24.92741
24.89342
24.89929
24.70876
24.65329
24.59180
24.56452
24.75339
24.78821
24.87863
24.81660
24.97197
25.19610
24.97523
25.05646
24.83266
24.74378
25.14555
25.47716
25.37248
25.13043
24.87000
24.90403
25.38964
25.26078
25.32226
25.38966
25.53803
25.20836
25.39580
25.64682
25.77905
25.73828
25.48103
25.32366
25.35118
25.25927
25.04370
24.57678
24.68115
24.93962
25.38564
25.39280
25.28811
24.97514
25.06471
25.32888
25.18881
25.17830
25.37604
25.77310
25.43598
25.41143
25.21473
25.47008
25.67396
25.56641
25.62946
25.70208
25.92031
25.57876
25.36198
25.24215
25.06821
25.09782
25.00492
25.20643
25.30796
25.27636
25.21233
24.90870
24.95780
24.87672
25.24629
25.50117
25.66062
25.79855
25.80966
25.85568
25.80057
25.70091
25.42570
25.92241
26.43333
26.81767
26.71566
26.85044
27.01341
26.78087
26.67960
26.65120
26.34490
26.29541
26.57191
26.70107
26.79177
26.66100
26.66989
26.46780
26.36435
26.17464
26.29457
26.61240
26.42524
26.83823
26.70006
26.92840
26.81932
26.73651
26.75789
26.61947
26.51606
26.31020
26.42138
26.39495
26.50411
26.74349
26.50052
26.25691
26.29163
26.42426
26.22783
26.03332
26.04605
26.13266
26.42327
26.19571
26.07831
26.22574
26.24847
26.32547
26.17043
26.10671
26.15903
26.02486
25.82834
25.97208
25.88303
25.91577
25.95175
25.79575
25.96978
26.07706
26.12446
26.06157
25.89028
25.77394
25.71310
25.69072
25.77181
25.66982
26.11065
26.08960
25.98476
26.83072
26.97827
26.87803
26.91203
26.62226
26.53155
26.53005
26.48858
26.34689
26.63572
26.71465
26.57158
26.47893
26.38967
26.35056
26.27150
26.07289
26.23005
26.05826
26.15343
26.09487
26.26296
26.25339
26.33702
26.59334
26.47275
26.40930
26.58206
26.50626
26.35548
26.05955
26.07700
26.07398
26.04980
26.96212
26.44476
26.24003
26.48027
26.60895
26.57247
27.02515
27.10859
26.83961
26.72802
26.65356
26.54033
26.46790
26.47071
26.50851
26.40388
26.67420
26.89322
26.63090
26.49974
26.46061
26.40195
26.33011
26.24680
26.14131
26.08420
25.99475
25.98151
26.25677
26.40065
26.41169
26.36569
26.43782
26.34887
26.14276
26.20748
26.31172
26.10485
25.91617
25.88474
25.96768
25.99783
25.90734
25.98359
26.03110
26.03838
25.96380
26.00298
25.92531
25.99397
25.85249
25.87492
25.95211
25.95499
25.83547
25.56278
25.53416
25.44388
25.41584
25.37455
25.42527
25.40193
25.38352
25.41693
25.32622
25.24811
25.12328
25.20653
25.44938
25.39124
25.45970
25.36969
25.25416
25.22307
25.23248
25.15932
25.34214
25.40432
25.24648
25.49730
25.51811
25.35786
25.30969
25.19555
25.15912
25.08238
25.02144
24.94099
24.99069
25.07627
25.12585
25.15002
25.07289
25.04830
25.07385
25.16111
25.25415
25.18685
25.03330
24.97804
24.98622
25.01979
25.07797
25.07343
24.95691
24.92310
24.88502
24.80047
24.74075
24.72538
24.68316
24.61378
24.52873
24.52743
24.60682
24.55506
24.46036
24.44987
24.44397
24.47408
24.59095
24.70791
24.70129
24.60896
24.58817
24.52995
24.46475
24.40332
24.40754
24.34976
24.37893
24.58498
24.55458
24.57776
24.77232
25.02941
24.92139
25.02283
25.18515
25.04606
24.92181
25.02483
24.94105
24.96651
25.00918
24.91947
24.90328
25.00989
24.96881
24.91950
24.77747
24.74686
24.63540
24.79450
24.78223
24.79988
24.74041
24.81682
24.60139
24.69193
24.63572
25.27914
25.36846
25.41533
25.11301
25.40587
25.18590
25.39326
25.12799
25.62176
25.30642
25.60692
25.17848
25.64626
25.05527
25.92456
25.34081
26.20408
