17.59288
16.53099
17.23551
16.57548
17.03609
16.52493
16.84830
16.44778
16.68683
16.36212
16.54734
16.28087
16.42877
16.18734
16.28792
16.07465
16.15796
15.98097
16.04228
15.85606
15.86818
15.71489
15.73807
15.59036
15.57994
15.45507
15.45863
15.32702
15.30080
15.21832
15.19157
15.10672
15.09094
14.98629
14.95482
14.87210
14.83020
14.77546
14.85935
14.82782
14.77193
14.70959
14.67956
14.62557
14.55898
14.52582
14.45172
14.39098
14.35861
14.30934
14.27209
14.19546
14.14789
14.09130
14.08774
14.08803
14.04094
13.97866
13.94726
13.89770
13.86786
13.83683
13.79246
13.73593
13.69171
13.64252
13.58101
13.56098
13.52531
13.45986
13.40464
13.37134
13.32440
13.28853
13.25949
13.21722
13.21227
13.19389
13.16323
13.12152
13.07247
13.03071
12.99186
12.96049
12.92737
12.89537
12.87231
12.85460
12.78318
12.75463
12.72154
12.66949
12.62680
12.59274
12.57390
12.52239
12.48055
12.43555
12.39974
12.36477
12.32872
12.29141
12.25741
12.22351
12.17908
12.15663
12.12517
12.11425
12.09016
12.03833
12.02364
12.00862
12.00562
12.03637
12.03884
12.21864
12.31255
12.24034
12.22836
12.21795
12.19493
12.15193
12.21203
13.28628
14.87056
17.28852
19.86681
22.20710
24.04290
25.44584
26.70191
26.94526
26.51464
26.79208
26.19813
25.79759
26.10149
26.79840
26.58215
26.29953
26.03006
26.93462
26.89684
26.65452
27.46744
27.01147
26.45512
26.09984
25.85273
25.77749
25.67998
25.52447
25.73691
25.35952
25.08638
25.61891
25.88181
25.24266
24.92008
24.82883
24.78913
24.40587
24.21084
24.27865
24.17269
23.97249
23.72042
23.38656
23.37818
23.55981
23.37591
23.06143
22.80058
22.57361
22.41376
22.33731
22.43101
22.28383
23.03559
24.04590
23.73157
23.53492
23.16744
22.69320
22.47945
22.41927
22.24793
22.16516
22.12813
22.05121
21.78869
22.39501
22.28948
22.34879
22.96437
22.64310
22.35176
22.01602
21.90765
21.74292
21.66835
21.48308
21.38856
21.34972
21.30013
21.14153
21.05929
20.89761
20.77239
20.59618
20.48800
20.37499
20.44236
20.81126
21.56041
21.41035
21.03360
20.86704
20.85423
20.73553
20.53825
20.45352
20.37088
20.28894
20.20870
20.46394
21.71057
22.13980
21.64477
21.28120
21.05958
20.95195
20.76579
20.65887
20.55007
20.48378
20.44629
20.32504
20.27067
20.20995
20.03115
20.04378
20.29597
20.25288
20.04364
19.99711
19.81973
19.79023
19.64291
20.14716
21.05346
21.35579
21.27625
20.76936
20.67088
20.76517
20.84341
20.67746
20.87796
20.63281
21.19155
21.66365
21.20594
21.28508
21.10544
20.84500
20.75319
20.78239
20.99346
21.01393
20.80875
20.69492
20.57990
20.51867
20.43464
20.45216
20.38623
20.40614
20.31605
20.23031
20.24967
21.74727
22.46127
21.94425
21.91108
22.13462
21.83081
21.46110
21.34469
21.29877
21.23837
21.07915
20.94038
20.87374
20.78359
20.65547
20.61639
20.63186
20.59628
20.51573
20.49251
20.45854
20.62762
20.69675
20.56830
20.42587
20.33299
20.31462
20.27665
20.21447
20.18999
20.12509
20.09484
20.00123
19.91399
19.84177
19.70915
19.68040
19.63193
19.51010
19.51637
19.47868
19.37559
19.35004
19.24058
19.19579
19.12167
19.78001
21.29448
22.00608
21.94861
21.47077
21.12372
20.94215
20.80935
20.66516
20.49035
20.37843
20.32579
20.21708
20.08873
20.01837
20.04629
20.03481
19.94721
19.93573
19.85428
19.68847
19.57775
19.50606
19.45414
19.32673
19.23968
19.16059
19.05993
19.07916
19.23635
19.10392
18.96521
18.81717
18.75981
18.67173
18.61515
18.54969
18.48958
18.47787
18.43482
18.36812
18.35933
18.34043
18.28044
18.24349
18.28222
18.41427
18.69211
18.59370
18.46442
18.43099
18.70198
18.66828
18.51248
18.51772
18.89817
18.83782
18.70946
18.53362
19.27163
20.11794
19.95874
20.00519
19.83259
19.62567
19.44872
19.45987
19.75051
19.68169
19.36161
19.27273
19.21759
19.16365
19.25201
19.32718
19.25214
19.24789
19.10364
19.16878
19.12675
20.48292
21.39077
21.09016
20.77856
20.57472
20.48336
20.41365
20.35065
20.26058
20.23161
20.16393
20.05807
20.14701
20.22896
20.15151
20.06356
19.96927
19.88066
19.78689
19.67219
19.60439
19.50584
19.46022
19.43040
19.57665
19.86794
19.86982
19.95110
19.87635
20.01548
20.25314
19.94507
20.78974
21.67140
21.36077
21.50135
21.28574
21.06474
20.92760
20.75218
20.73417
20.61744
21.20256
22.00342
21.54401
21.57135
21.27361
21.46297
21.71942
21.44502
21.21032
21.07408
20.90461
20.88189
20.96015
20.89073
20.70827
20.65973
20.53832
20.60282
20.43983
21.39490
23.68878
24.36512
24.87345
24.03875
23.30167
23.01741
22.71863
23.12017
23.33409
22.92655
22.70184
22.45074
22.23629
22.09358
21.96204
21.82948
21.73039
21.89691
22.25200
22.12056
21.95692
22.46600
23.14697
22.89341
22.49061
22.21287
22.19015
22.34386
22.15148
21.92780
21.82505
21.69993
21.81030
21.77476
21.55345
22.12078
23.09375
22.91562
22.42993
22.18233
22.09563
21.97519
21.87310
21.99634
22.20466
21.90715
21.82267
21.96085
22.72504
22.71463
22.34783
22.21343
22.53243
22.94997
23.28895
22.87307
22.42597
22.28109
22.21040
22.10579
21.89602
21.80555
21.61990
21.63465
21.53547
21.44354
21.37900
21.51999
21.43075
21.35662
21.23254
21.63199
22.23104
21.92386
21.66447
21.51958
21.46010
21.37366
21.26296
21.19167
21.12314
21.02857
20.97302
20.89489
20.80587
20.69669
20.66050
20.64647
20.58809
20.55345
20.49045
20.36195
20.29344
20.28426
20.24707
20.26732
20.27748
20.43993
20.39846
20.22331
20.18770
20.20962
20.21528
20.11123
20.05268
20.06059
19.96775
19.86954
19.77952
19.78107
19.75554
19.63693
19.61184
19.55441
19.65881
19.59117
19.49402
19.43316
19.35396
19.33497
19.39300
19.43671
19.28386
19.20294
19.12969
19.04883
19.00724
19.01691
18.96844
18.89385
18.80637
18.74548
18.72091
18.67640
18.64125
18.59451
18.53964
18.49095
18.43184
18.39458
18.51731
18.66119
18.54982
18.52421
18.66186
18.60613
18.52335
18.46128
18.45328
18.40603
18.32004
18.28279
18.31218
18.32646
18.30535
18.49766
18.49044
18.37418
18.27675
18.21207
18.19813
18.17772
18.14076
18.13425
18.09678
18.04210
18.09409
18.22370
18.16398
18.29346
18.40071
18.31971
18.24550
18.22616
18.39468
18.53772
18.39247
18.30197
18.24175
18.19153
18.16856
18.12080
18.47699
19.99694
20.62369
20.81092
21.33777
22.00208
21.67681
21.16638
21.00154
20.87944
20.76314
20.66313
20.60053
20.54071
20.44364
20.32623
20.26620
20.38199
20.47839
20.42470
20.46421
21.62114
21.81010
21.35505
21.16013
21.07853
21.03029
20.91782
20.82759
20.99171
21.00872
20.81997
20.99237
22.10929
22.72132
22.04019
22.16406
22.48818
22.41561
22.26676
22.05921
22.16181
21.96563
22.74058
23.55680
23.03853
22.74620
22.57349
22.39086
22.28526
22.22283
22.10215
21.99640
21.98701
22.01128
21.86444
21.75759
21.63936
21.54969
21.46640
21.39046
21.31530
21.23496
21.12339
21.03736
20.96496
20.88957
20.79022
20.83211
20.76865
20.68153
20.58574
20.54631
20.50142
20.46832
20.97122
20.94482
20.67021
20.55828
20.44018
20.38438
20.28734
20.47283
20.55737
20.35945
20.23506
20.16017
20.38144
20.42289
20.25782
20.12261
20.04169
19.90817
19.84943
19.73506
19.69496
19.56565
19.51463
19.53362
20.82654
21.66834
22.80986
23.02590
22.36860
22.00152
21.81307
21.62318
21.59642
21.39453
21.31449
21.07786
21.05302
20.80757
21.37609
21.83850
21.68704
21.29761
21.27322
20.99774
22.20023
24.39607
24.36801
23.47669
23.08401
22.70793
22.76867
22.41038
22.53055
22.08520
22.27762
21.76159
22.10378
21.47881
21.99296
21.09501
