10.58425
10.00678
10.81314
10.38109
10.56717
10.51558
10.69600
10.33442
10.46559
10.27464
10.33179
10.19283
10.29572
10.51842
10.86715
10.56306
10.44576
10.36414
10.61503
10.44158
10.40849
10.27911
10.30851
10.21830
10.22270
10.18029
10.21238
10.15896
10.30747
10.34601
10.46723
10.41137
10.29518
10.21216
10.17346
10.11361
10.09120
10.05100
10.02771
9.98694
9.97506
9.95376
9.92940
9.90077
9.89041
9.89916
9.89200
9.85912
9.82804
9.79146
9.76422
9.73345
9.71607
9.69809
9.75923
9.82025
9.76233
9.70583
9.65710
9.62012
9.58082
9.60613
9.68968
9.66920
9.66308
9.64334
9.62533
9.68020
9.64107
9.59186
9.53818
9.60728
9.70965
9.67364
9.61315
9.54821
9.52019
9.48436
9.47238
9.43077
9.59057
9.95071
9.91373
9.80532
9.77902
9.84379
9.84275
9.94089
9.97039
9.85438
9.78470
9.74134
9.71739
9.68397
9.66144
9.62696
9.59330
9.55352
9.56949
9.73561
9.72875
9.63244
9.57506
9.54221
9.50506
9.47127
9.44430
9.44310
9.42074
9.38955
9.37098
9.34475
9.30771
9.29363
9.26305
9.29367
9.28143
9.34340
9.33545
9.78791
10.59303
11.25200
12.14273
12.74122
13.42983
13.56819
13.22881
12.86462
12.60891
12.45166
12.40036
12.32500
12.22830
12.14038
12.54028
13.03615
13.04324
13.10490
12.87747
12.48067
12.27759
12.09885
12.02957
11.86845
12.41374
12.93973
13.07889
12.92306
12.43213
12.12848
12.17780
12.36963
12.05396
12.21014
12.28735
12.31906
12.40553
12.25318
12.20955
12.31219
12.11298
11.98748
11.86502
11.78368
11.68067
11.72683
11.79935
11.67973
11.60781
11.57076
11.62766
11.57631
11.45491
11.37804
11.30698
11.31245
11.30353
11.32161
11.36671
11.38899
11.73518
11.70386
11.50105
11.36298
11.26615
11.19124
11.15026
11.10706
11.08208
11.04498
11.00622
10.99154
11.02751
10.99196
10.93619
10.93478
10.91762
10.86179
10.87523
10.85622
10.80536
10.78470
11.23309
11.48983
11.32756
11.93156
12.51089
12.55305
12.88490
13.03107
13.02257
12.97437
13.03202
13.34107
13.00622
12.67991
12.45844
12.51230
12.79370
12.62498
12.37787
12.22867
12.13931
12.04420
11.95431
11.88247
11.81852
11.74467
11.68770
11.62280
11.57151
11.50231
11.47081
11.42704
11.80870
12.01594
11.87570
11.75272
11.58526
11.48866
11.40483
11.36221
11.32849
11.33494
11.28087
11.25970
11.25500
11.54074
12.53718
12.75298
12.41051
12.16509
11.97734
11.88142
11.84408
11.90893
11.97885
11.88294
11.87215
11.97344
11.88997
11.79750
11.73251
11.65683
11.59356
11.54294
11.52138
11.45986
11.57626
11.77139
11.67840
11.54957
11.48220
11.43828
11.37672
11.32738
11.27843
11.23621
11.18737
11.16374
11.22137
11.29096
11.21287
11.16157
11.12222
11.09785
11.04866
11.00358
10.95071
10.91630
10.86631
10.84495
10.83455
10.81533
10.75763
10.85355
11.09128
11.08861
10.98726
10.91444
10.89339
10.88763
10.90121
10.86884
10.82155
10.83771
10.96508
11.01235
10.97885
10.92269
11.03792
10.96371
11.14261
11.52011
11.45773
11.30878
11.19058
11.14620
11.09621
11.08338
11.07049
11.06025
11.07027
11.02808
10.97659
10.93702
10.94010
10.90403
10.88086
10.87584
10.84045
10.75613
11.03979
11.55958
11.48076
11.36781
11.27945
11.25648
11.29272
11.46044
11.41218
11.32402
11.24766
11.17455
11.12701
11.08594
11.07188
11.08611
11.04482
10.98894
10.99067
10.98275
10.94815
10.90548
10.86631
10.87803
10.87963
10.90126
10.92235
10.88635
10.85436
10.95238
11.00152
10.95165
10.90789
10.87240
10.81819
10.83097
10.90114
10.95004
11.13964
11.11157
11.02685
11.04124
10.96408
10.90713
10.85928
10.82331
10.88995
11.49337
11.65985
11.58075
11.59656
11.56549
11.44551
11.31366
11.31327
11.34134
11.29636
11.24739
11.17270
11.26727
11.49608
11.47539
11.38654
11.28913
11.23578
11.25258
11.78179
11.85283
11.60281
11.51569
11.46689
11.44097
11.46741
11.78843
11.75577
11.60504
11.50289
11.39692
11.32757
11.26855
11.39464
11.71459
11.87955
12.32874
12.48169
12.29060
12.06248
11.94168
11.85896
11.91709
12.03221
11.92546
11.84927
11.87944
11.81246
11.81789
11.72507
12.07492
12.58785
12.96145
12.95666
12.61768
12.47439
12.37536
12.35483
12.97420
13.06183
12.71629
12.51788
12.39197
12.28985
12.38250
12.44795
12.31985
12.30282
12.20722
12.18859
12.15355
12.06811
12.01026
12.00371
11.93076
11.89979
11.87827
11.82986
11.81147
11.79891
11.76004
11.75110
11.73500
11.68271
11.75768
11.67311
12.11178
13.31118
13.75877
13.52009
13.67547
14.44414
14.28537
14.07277
14.82725
15.00481
14.61514
14.30246
14.11984
14.03230
13.95563
14.60127
14.79722
14.29909
14.36154
15.12018
15.23262
14.81440
14.29828
14.03962
14.18879
14.32152
14.72968
15.30458
15.37595
15.56096
15.45781
16.15629
16.26104
15.82637
15.54739
15.14820
15.02004
14.85729
14.78483
14.64822
14.56327
14.46858
14.44459
14.39248
14.32119
14.23279
14.15976
14.08630
14.04268
13.93418
13.82597
13.78893
14.06830
14.09516
13.90846
13.77890
13.67177
13.58867
13.52091
13.47489
13.44887
13.42205
13.35496
13.30940
13.30420
13.28692
13.18554
13.12922
13.11095
13.12820
13.06555
13.01346
12.99048
12.93762
12.86988
12.91591
13.00857
12.92755
12.85459
12.85968
12.81422
12.74479
12.72326
12.68498
12.63112
12.56903
12.60959
12.72060
12.67142
12.60230
12.54670
12.49766
12.47176
12.54458
12.68523
13.03950
12.97281
12.89057
12.75159
12.82199
12.87266
13.14052
13.41050
13.14714
13.00134
12.84414
12.84517
13.07662
13.57076
13.90787
14.55469
14.87319
14.72160
14.70885
14.55154
14.54754
15.32433
15.24287
14.83578
14.74250
14.70395
14.49392
14.79323
14.90560
14.48601
14.48060
14.43942
14.22228
14.10625
14.02708
13.92520
13.82727
13.75545
13.70791
13.70455
13.69095
13.58400
13.48149
13.38351
13.34826
13.46513
13.67901
13.65342
13.50544
13.40168
13.27886
13.23445
13.36343
13.28835
13.16822
13.06727
13.01428
12.95616
12.92736
12.86430
12.82883
12.77115
12.78014
12.90380
13.03016
12.91165
12.94252
13.04581
13.11432
13.00364
12.90455
12.78062
12.85610
12.85967
12.80217
12.69966
13.24673
13.76264
14.02878
13.87675
13.71201
14.00142
14.21759
14.10302
14.25366
14.33746
14.44281
14.91867
15.02004
15.60239
15.54186
15.20017
14.96193
14.95424
15.86036
15.83826
15.28885
15.04383
14.84541
14.79364
14.80685
14.72151
14.55200
14.44553
14.33809
14.35734
14.33140
14.18285
14.08219
13.99554
14.05700
14.13318
13.98631
13.87294
13.81306
13.95084
13.99263
13.84958
14.08300
14.44933
14.32973
14.15303
14.01742
13.86304
13.80564
13.79909
13.73066
13.74554
14.41507
14.51919
14.20211
14.04281
13.92246
13.88564
14.01870
13.97448
13.81482
13.73168
13.67281
13.69746
14.07777
14.06810
13.82873
13.69876
13.60911
13.62415
13.63281
13.53998
13.46202
13.41849
13.60341
13.72596
13.64097
13.54047
13.45051
13.38945
13.34416
13.33309
13.30137
13.26822
13.28547
13.32882
13.31051
13.39312
13.37710
13.25966
13.22399
13.31813
13.33265
13.24816
13.16376
13.11995
13.20627
13.23835
13.19830
13.30702
13.23463
13.17691
13.15593
13.15927
13.08254
13.08559
13.06717
13.01466
12.95413
12.94080
12.99367
13.90747
14.23594
14.03150
14.10581
13.93154
13.78217
13.72502
13.61293
13.53265
13.58690
13.73447
13.80242
13.76073
13.63357
13.57499
13.50760
13.56815
13.49060
13.68341
14.38482
14.30118
14.14415
13.92106
13.77906
13.67771
13.61694
13.71202
13.96740
14.09388
14.14233
13.90831
13.74661
13.71429
13.73516
13.65546
13.58889
13.51753
13.50026
13.49321
13.44433
13.37709
13.33672
13.29483
13.31434
13.31977
13.22886
13.16244
13.16785
13.18850
13.23066
13.23065
13.16546
13.10945
13.17048
13.16945
13.10180
13.03206
13.04636
13.51509
13.64809
13.56060
13.42454
13.34843
13.39914
13.47101
13.46867
13.41733
13.36874
13.66375
13.89759
13.70166
13.63398
13.74273
14.14903
14.33425
14.38337
14.36812
14.23924
14.09942
14.06678
13.96370
13.89909
13.92963
14.22184
14.19352
14.36951
15.17281
15.37221
15.75751
15.98870
16.66646
17.36835
17.69710
17.67686
16.96795
17.58708
17.55851
17.92183
17.96480
17.56542
17.82989
17.96106
18.05013
17.50516
17.02466
16.69042
16.49108
16.30435
16.22851
16.09856
16.15818
16.22199
16.03710
15.89109
15.77172
15.61667
15.49995
15.61535
15.58080
15.41139
15.32116
15.20948
15.11196
15.11799
15.51458
15.60032
15.30330
15.35791
15.77864
15.53678
15.17792
15.29976
15.74701
15.47763
15.42455
15.22627
15.37251
15.89666
15.89480
15.53600
15.23739
15.25025
16.24577
16.36980
16.51006
17.07223
17.64310
18.55189
18.80723
17.97204
17.78863
17.57077
17.62561
18.06683
17.66369
17.46399
17.29910
17.24223
17.08406
16.91015
16.76487
16.64690
16.53231
16.44013
16.35125
16.28920
16.18559
16.14019
16.11929
16.02041
15.93097
15.90161
15.82704
15.72834
15.65052
15.58278
15.68387
15.65465
15.77941
15.89304
15.71879
15.56312
15.45467
15.38509
15.28032
15.20122
15.13764
15.09823
15.06593
15.00464
14.91388
14.92538
15.30276
15.31589
15.08074
14.94623
14.85069
14.81864
14.76690
14.72156
14.67726
14.61661
14.56239
14.62136
14.76287
14.67407
14.55934
14.57989
15.06773
15.07836
14.81482
14.66002
14.55861
14.48557
14.42381
14.36360
14.39771
14.45866
14.36327
14.27728
14.20624
14.15894
14.15513
14.12336
14.05335
13.99602
13.94315
13.90498
13.86909
13.85372
13.83322
13.80358
13.74962
13.69376
13.63639
13.58803
13.54530
13.51247
13.46314
13.41340
13.36528
13.32798
13.27073
13.35460
13.88367
13.98110
13.84301
13.71974
13.64169
13.58402
13.53808
13.48290
13.44931
13.42166
13.58551
13.61547
13.49172
13.48947
13.88251
13.90873
13.75477
13.68824
13.73871
14.28976
14.63575
14.53048
14.61922
14.51041
14.38528
14.25504
14.64435
15.01715
14.74249
14.51008
14.36261
14.34394
14.28385
14.29281
14.42206
14.29287
14.18247
14.07494
14.03332
13.96308
14.00174
13.88376
14.16302
14.95197
14.97497
14.66538
14.55716
14.37388
14.33331
14.15639
14.61904
14.99892
14.80045
14.54181
14.36444
14.42356
15.27227
15.32234
15.38256
14.89200
