14.18327
13.40081
14.13316
13.89162
14.44289
14.13112
14.47260
14.19583
14.40210
14.12848
14.28157
14.07482
14.20917
14.03340
14.14272
14.03601
14.10462
13.97990
14.04544
13.95990
14.03034
13.95136
14.00124
13.91459
13.94636
13.89147
13.88230
13.84066
13.70369
13.63699
13.79440
13.77483
13.77707
14.31382
14.55028
14.81399
14.97579
14.87072
14.83174
14.82255
15.01922
15.02947
15.01999
14.97652
14.96206
14.93861
14.93129
14.91380
14.91086
14.90052
14.89028
14.87379
14.86449
14.85039
14.84673
14.84836
14.81694
14.81085
14.84681
14.86032
14.86296
14.84714
14.83796
14.83007
14.91483
15.12285
15.23540
15.30151
15.29400
15.24267
15.19118
15.17050
15.17679
15.13503
15.10814
15.09884
15.08512
15.06330
15.05991
15.04948
15.05975
15.08619
15.09829
15.14312
15.14759
15.11676
15.12381
15.11664
15.07764
15.07292
15.06536
15.06141
15.05299
15.04544
15.03747
15.03334
15.02256
15.01725
15.00911
15.00012
14.99423
14.99002
14.99190
14.99528
14.99588
14.99407
14.99559
14.99028
14.98784
14.97290
14.98243
14.96315
14.96641
14.96582
14.94170
14.94616
15.00038
15.19037
15.38714
15.66665
15.80989
15.82996
15.78108
15.69934
15.64858
15.64388
15.62544
15.62635
15.67815
15.69000
15.65411
15.67331
15.72238
15.68932
15.69711
15.76624
15.79025
15.76836
15.74857
15.72653
15.69441
15.82261
15.95098
15.93782
15.90967
15.87531
15.84943
15.84653
15.87196
15.87731
15.86129
15.82836
15.81085
15.80702
15.84182
15.92719
15.98166
15.95648
16.03606
16.13914
16.16201
16.21388
16.23478
16.22946
16.19520
16.12107
16.10141
16.17744
16.26962
16.24055
16.21624
16.27743
16.34131
16.35195
16.36112
16.31745
16.26383
16.27718
16.32909
16.41158
16.42278
16.38800
16.40598
16.39627
16.40106
16.41063
16.45112
16.47597
16.52012
16.59342
16.56407
16.54322
16.55452
16.52802
16.53348
16.52062
16.54325
16.61090
16.63120
16.67358
16.67570
16.69116
16.67390
16.81885
17.01125
17.12362
17.29514
17.24896
17.14900
17.29796
17.28267
17.30260
17.36867
17.41990
17.37134
17.26316
17.23496
17.22127
17.29808
17.55714
17.68254
17.69468
17.66478
17.62751
17.55701
17.59973
17.68394
17.68869
17.70115
17.66629
17.65404
17.62797
17.61430
17.60293
17.59887
17.61921
17.63690
17.65522
17.63494
17.62970
17.62518
17.60173
17.56205
17.62985
17.74915
17.86556
17.85590
17.78985
17.76316
17.77179
17.78721
17.76953
17.75912
17.77149
17.79566
17.81094
17.90142
17.93160
17.89947
17.85704
17.82124
17.79181
17.79247
17.81794
17.83653
17.84507
17.90393
17.92890
17.93054
17.94287
17.91786
17.87574
17.84841
17.85961
17.91342
17.91811
17.90993
17.92999
17.96307
17.92452
17.90655
17.92312
17.92093
17.91313
17.90152
17.93094
17.97682
17.92737
17.89518
17.88791
17.88120
17.87311
17.84520
17.85248
17.90956
18.00550
17.97505
17.92948
17.89014
17.89163
17.95088
17.94464
18.01163
18.03676
18.12172
18.16101
18.13282
18.13822
18.15399
18.10936
18.07190
18.18072
18.20505
18.18517
18.16682
18.18190
18.25594
18.28730
18.26130
18.23692
18.30301
18.33396
18.27278
18.27670
18.35602
18.35180
18.30405
18.25187
18.19622
18.16239
18.14607
18.13837
18.13043
18.07437
18.05388
18.06317
18.10369
18.19427
18.25864
18.22322
18.16137
18.18008
18.25534
18.26922
18.42457
18.71149
18.79546
18.73333
18.77402
18.84190
18.78222
18.70779
18.70074
18.89774
19.10947
19.16056
19.10893
18.99950
18.90848
18.93516
19.04726
19.03551
19.00474
18.96752
18.90442
18.91211
19.01243
19.03960
19.01174
19.21937
19.37180
19.28651
19.23137
19.18738
19.20817
19.20919
19.17688
19.15030
19.11821
19.13545
19.16993
19.16492
19.16467
19.21198
19.19002
19.19387
19.24293
19.28427
19.24077
19.25119
19.30753
19.30678
19.26428
19.28065
19.30742
19.27283
19.25635
19.41407
19.49359
19.45158
19.39096
19.33867
19.30700
19.27132
19.25517
19.28521
19.31726
19.27977
19.25383
19.20473
19.29341
19.35704
19.38842
19.35870
19.31516
19.30760
19.27683
19.35998
19.48204
19.54330
19.47366
19.48355
19.49581
19.53181
19.51031
19.47518
19.47585
19.48379
19.49246
19.47538
19.44634
19.42381
19.45968
19.47966
19.43210
19.44635
19.56918
19.70266
19.73244
19.71526
19.68073
19.63950
19.58653
19.55803
19.52694
19.50222
19.48702
19.47358
19.49977
19.62093
19.63174
19.60020
19.53534
19.59202
19.68985
19.66812
19.63097
19.64617
19.70218
19.66690
19.61030
19.57580
19.55528
19.54113
19.51833
19.48588
19.46135
19.46650
19.46689
19.44556
19.45049
19.57015
19.72226
19.71368
19.69658
19.64523
19.61521
19.58542
19.53426
19.49022
19.47474
19.47567
19.75830
20.04679
20.23498
20.24251
20.25630
20.48581
20.48918
20.46411
20.42709
20.39748
20.31947
20.25668
20.19553
20.15287
20.10438
20.07773
20.03068
20.00071
20.06298
20.18994
20.20179
20.26775
20.44724
20.47848
20.42307
20.36742
20.41783
20.49272
20.54681
20.50344
20.42626
20.43730
20.52375
20.49864
20.45576
20.57847
20.61063
20.55347
20.63426
20.72325
20.69655
20.60429
20.60376
20.65795
20.63415
20.59463
20.58508
20.56398
20.54879
20.51193
20.47223
20.44814
20.43348
20.41672
20.38081
20.36943
20.33963
20.34768
20.38688
20.39269
20.37483
20.38502
20.35580
20.33520
20.28752
20.35380
20.44736
20.57601
20.66116
20.75078
20.83101
21.04921
21.12535
20.97739
21.02559
21.11101
21.12763
21.06691
21.06082
21.04336
20.99598
20.94018
20.91696
20.85151
20.82313
20.81261
20.82150
20.81976
20.74702
20.69554
20.67713
20.66987
20.85647
21.01109
21.00255
20.95376
20.90018
20.85503
20.82144
20.79381
20.76766
20.75816
20.77827
21.01665
21.23206
21.23584
21.14430
21.07073
21.01596
20.97395
20.93287
20.90199
20.87733
20.85532
20.83927
20.80762
20.76039
20.80475
20.86317
21.13165
21.43643
21.44263
21.34955
21.26829
21.23465
21.18794
21.14123
21.06288
21.01126
21.00051
21.10639
21.17842
21.17617
21.18104
21.25882
21.32662
21.31102
21.30151
21.26521
21.22277
21.15817
21.40600
21.66939
21.56352
21.48511
21.41637
21.31098
21.24862
21.29276
21.35388
21.35684
21.36778
21.51404
21.57602
21.50866
21.42352
21.33249
21.26964
21.24782
21.25605
21.30225
21.32274
21.27999
21.24574
21.19525
21.19415
21.30161
21.37398
21.34261
21.31442
21.28399
21.27397
21.24021
21.21487
21.19313
21.16082
21.13601
21.11659
21.09224
21.08557
21.06683
21.04297
21.02359
20.99891
20.99702
21.03418
21.08781
21.08685
21.08674
21.13740
21.15826
21.15760
21.14573
21.16704
21.15181
21.25224
21.52989
21.66156
21.64083
21.56712
21.81183
21.96372
21.90438
21.84531
21.77186
21.70564
21.66263
21.63427
21.59303
21.55907
21.52528
21.47692
21.50951
21.59558
21.62157
21.63000
21.55206
21.51064
21.44428
21.47113
21.47051
21.49749
21.64695
21.73822
21.73632
21.81019
21.84665
21.79719
21.72997
21.68333
21.64220
21.60964
21.66948
21.89243
21.87200
21.85127
21.78342
21.64593
21.60941
21.66225
21.67592
21.69364
21.70568
21.90994
22.04831
22.17323
22.55627
22.68824
22.71364
22.60398
22.48649
22.40275
22.34811
22.29024
22.25154
22.19942
22.17224
22.15104
22.15958
22.33213
22.37235
22.33596
22.30735
22.26094
22.23658
22.18726
22.24412
22.42173
22.44421
22.36935
22.30985
22.24691
22.25148
22.36479
22.36584
22.32616
22.28512
22.29507
22.29294
22.24797
22.21258
22.18104
22.15866
22.12943
22.10761
22.08783
22.07378
22.04698
22.03341
22.01528
22.17329
22.27669
22.25485
22.21421
22.27697
22.32685
22.27478
22.34297
22.40279
22.36271
22.31494
22.27466
22.24027
22.20946
22.17927
22.14773
22.12636
22.09717
22.08080
22.05076
22.05568
22.02844
22.00439
21.99237
22.03307
22.06886
22.15415
22.25273
22.24336
22.21420
22.26221
22.31469
22.24906
22.20394
22.14699
22.13712
22.12089
22.29183
22.40452
22.67989
22.97552
22.91958
22.78111
22.65763
22.58242
22.52645
22.67548
22.81867
22.74650
22.66075
22.56229
22.47458
22.45124
22.45192
22.54972
22.67998
22.67458
22.60616
22.61805
22.69530
22.66437
22.64858
22.68044
22.66438
22.59537
22.55165
22.49641
22.48048
22.46747
22.44805
22.40782
22.38735
22.34425
22.32608
22.32738
22.52506
22.80173
22.80145
22.71696
22.63258
22.56727
22.51604
22.47735
22.44226
22.40859
22.48658
22.56163
22.54465
22.51386
22.48156
22.44327
22.39102
22.37421
22.34335
22.32900
22.31637
22.32557
22.31105
22.29124
22.26834
22.24948
22.23039
22.21191
22.18938
22.17711
22.15531
22.14800
22.13737
22.13904
22.15117
22.12101
22.09770
22.08847
22.06037
22.03047
22.01207
21.99316
21.98012
21.97266
21.97566
22.02121
22.03334
22.01273
22.00458
22.01285
22.02922
22.02775
22.00661
21.99022
21.96821
21.96123
21.95634
21.95710
21.94848
21.95398
21.93690
21.91106
21.89630
21.87549
21.86451
21.83762
21.82857
21.80353
21.80114
21.77280
21.77096
21.75727
21.82482
21.82631
21.83352
21.78357
21.78954
21.85722
22.23082
22.41083
22.47291
22.35880
22.36141
22.25800
22.25521
22.13742
22.18219
22.06118
22.13006
21.99563
22.09770
21.92490
22.05113
21.86283
22.02219
21.80053
22.00039
21.73324
21.98857
21.67618
22.03822
21.67487
22.10644
21.57966
22.17371
21.40155
