2.49441
2.28384
2.36517
2.27529
2.33524
2.26401
2.30600
2.24934
2.28043
2.23432
2.25860
2.21742
2.23531
2.19987
2.21549
2.19300
2.20456
2.17847
2.18366
2.16289
2.16807
2.14849
2.15087
2.13556
2.13581
2.12689
2.12508
2.11777
2.13556
2.12775
2.12661
2.11617
2.12207
2.11350
2.11145
2.10345
2.10189
2.09516
2.09186
2.08595
2.08168
2.07622
2.07365
2.06821
2.06639
2.06137
2.05795
2.05296
2.04849
2.04447
2.04215
2.03852
2.03458
2.03183
2.02855
2.02545
2.02142
2.01844
2.01528
2.01109
2.00727
2.00417
2.00059
1.99790
1.99461
1.99139
1.98827
1.98540
1.98219
1.97945
1.97667
1.97410
1.97069
1.96931
1.96605
1.96504
1.95769
1.95183
1.94405
1.95880
1.96966
1.95892
1.95436
1.94944
1.94927
1.94430
1.94263
1.93940
1.93717
1.93331
1.93162
1.92843
1.92881
1.92495
1.92361
1.91925
1.91769
1.91363
1.91523
1.91229
1.91335
1.90988
1.90707
1.90250
1.90419
1.89902
1.90041
1.89478
1.89801
1.89319
1.89620
1.89093
1.89751
1.88918
1.89295
1.88361
1.88707
1.87524
1.94078
2.03081
2.29496
2.53195
2.81941
3.30069
3.89022
4.32104
4.53604
4.58390
4.79905
4.78586
4.89585
5.08143
4.96725
5.25325
5.11638
4.98865
5.16861
5.70897
5.51604
5.27209
5.23682
5.21076
5.14926
5.02952
5.10024
5.19315
5.40299
5.48889
5.31359
5.22796
5.18036
5.24838
5.21813
5.18270
5.19569
5.21207
5.43906
5.53634
5.41794
5.32647
5.25988
5.22647
5.19626
5.21310
5.21501
5.20588
5.31442
5.35144
5.35599
5.30809
5.20664
5.11707
5.12053
5.16228
5.17122
5.11122
5.19625
5.22049
5.23600
5.30292
5.86833
6.38085
6.14831
5.97446
5.79535
5.81444
6.07495
6.31824
6.11051
6.66988
7.16706
6.87697
6.77107
6.78278
6.67160
6.59002
6.67570
6.82965
6.88031
7.20597
7.51017
7.40874
7.38013
7.43369
7.42977
7.55465
7.24652
7.40106
8.08387
8.07165
7.90423
7.84657
7.90304
8.14108
7.81985
7.78416
8.09325
8.20321
8.03518
8.03496
8.11811
8.04967
7.96212
8.03078
8.04231
7.91858
7.82929
7.70385
7.68963
8.26737
8.42729
8.15362
8.07621
8.48935
9.50774
9.51497
9.11645
9.20586
9.24885
9.04988
8.87891
8.78527
8.71589
8.64866
8.58171
8.51564
8.48700
8.45685
8.57348
8.63982
8.49132
8.41046
8.38049
8.39714
8.39162
10.24508
11.92232
11.78731
11.36618
11.00452
10.81001
10.60800
10.72346
11.09586
11.35503
10.90501
11.56866
12.55772
12.41324
12.11109
11.49038
11.08099
10.96036
10.85179
10.83966
11.09098
11.54341
11.32608
11.05229
11.24328
12.96039
13.91755
13.38097
14.53741
15.07314
14.83289
14.46715
14.29100
13.82601
13.40801
13.13187
13.04478
12.97179
13.16350
12.92931
13.01909
13.24977
13.23182
14.97267
15.72670
15.26671
15.09163
14.54604
14.15621
14.13159
14.08688
14.09248
13.96814
13.70861
13.64826
13.42977
13.81004
14.98763
14.66683
14.22234
14.17718
14.05490
13.80292
14.00931
13.84734
14.17591
14.28659
13.84268
13.54417
13.32654
13.17210
13.01711
12.92243
13.04622
13.02338
12.74927
12.56899
12.44228
12.45123
12.49289
12.56376
13.55186
14.25380
13.99050
13.46184
13.14589
13.05362
13.01756
12.78629
12.69805
12.67444
12.87371
13.30615
13.40032
13.02290
13.63512
15.53230
16.09625
15.76387
15.67263
16.73247
16.67731
16.82244
16.23984
15.54362
15.18362
14.90082
15.10385
17.28984
17.79693
16.89697
16.25525
16.80165
16.65804
16.07848
15.69420
16.18528
16.40300
15.78964
15.43154
15.25811
15.11443
14.83862
14.74193
14.61364
14.50971
14.37453
14.19468
14.05011
13.97222
13.86643
13.73349
13.59233
13.60891
13.61998
13.54271
13.40050
13.25396
13.15928
13.12093
13.11450
13.01047
12.87430
12.76916
12.67339
12.57125
12.41010
12.17073
12.72974
15.33388
16.87028
16.58677
15.82244
15.40680
15.10576
14.82677
14.60922
14.51724
14.52718
14.52532
14.43010
14.26588
13.98864
13.79921
13.73269
13.66413
13.65312
14.69640
15.16951
14.84588
14.52198
14.13481
13.90285
13.93339
14.57620
14.48286
15.25150
16.57568
16.46659
15.85529
15.28089
15.08265
14.97669
14.76911
14.56519
14.39261
14.21422
14.09550
13.96112
13.81640
13.66462
13.71000
13.64376
13.46957
13.35414
13.28718
13.20722
13.00442
12.97999
12.85704
13.11817
13.49757
13.52910
13.13892
13.20114
13.17945
13.64838
14.46174
14.26262
13.85670
13.51181
13.55305
13.43609
13.34565
13.22964
13.11560
13.30424
14.06413
14.00590
13.55208
13.37499
13.99336
14.31219
13.81640
14.22238
14.46308
14.02069
13.75878
13.52824
13.36241
13.28084
13.10445
13.15495
13.73672
13.74331
13.51511
13.27313
13.59199
15.01554
15.46858
14.89652
14.52624
14.30143
14.18824
14.05602
13.93785
13.73196
13.67952
13.60775
13.53541
13.26428
13.12830
13.25991
14.68860
15.35099
14.80711
15.04905
14.96461
14.58059
14.06819
14.43693
15.93830
17.88273
18.96122
17.57121
16.91304
16.59748
16.58759
16.27132
16.09571
15.80113
15.69309
15.50210
16.46109
17.16903
16.51656
16.08311
15.92929
15.73614
16.16546
16.23875
15.71017
15.40172
15.11494
14.90011
15.29269
16.14978
15.74724
15.27135
15.22663
15.26302
14.97781
14.75474
14.62342
14.38016
14.67834
16.40930
17.15153
17.05282
16.49768
15.91934
15.72348
15.96481
15.75390
15.50859
15.38537
15.40363
15.34896
15.18116
15.00457
14.85684
14.66673
14.54577
14.43114
14.53093
14.65978
15.19708
15.63888
15.87326
15.63318
15.36430
15.05567
15.00397
14.87567
14.92462
14.68396
14.61801
14.35543
14.28630
14.05400
14.85214
14.68748
16.09093
16.81016
16.00111
15.94529
15.54449
15.59809
16.20037
17.09988
16.70435
16.97722
17.21089
16.97445
18.29038
18.50492
17.39942
16.93013
16.70657
17.26199
18.05524
17.83717
18.55209
20.08583
20.43540
19.94804
19.91711
19.43161
18.95714
18.74959
18.48715
18.46770
18.14408
18.05647
17.92328
17.71851
17.71402
17.83476
17.53861
17.78125
18.09120
17.88292
17.50259
17.14455
16.96819
16.76583
16.50977
16.27845
16.05969
15.91843
15.74429
15.64668
15.57783
16.04033
16.56536
16.44845
17.14262
17.43791
17.17798
16.77837
16.61473
16.27726
16.35175
16.82418
17.91937
18.59598
17.84056
17.49467
17.42530
17.58598
17.33934
17.75795
19.40253
19.61788
18.80032
18.71318
18.55689
18.06185
17.77106
17.70552
17.68345
17.52034
17.34328
17.51191
17.94990
17.69054
17.68613
17.69108
18.50360
19.59929
18.77802
18.38897
18.44330
18.49077
18.38461
18.17737
17.98537
17.76234
17.56503
17.41684
17.23193
17.19451
16.98328
17.29828
17.28257
17.69704
19.03495
19.34914
18.94110
18.67173
18.34962
17.91315
17.64485
17.45486
17.29111
17.06733
16.89890
16.71715
16.55876
16.39842
16.25393
16.03256
15.98448
15.83634
15.77398
15.60928
15.39655
15.28370
15.55996
15.64892
15.44668
15.22726
15.09578
14.98951
15.14126
15.22954
14.98142
14.71107
14.54351
14.41369
14.32445
14.26303
14.13932
14.00293
13.88885
13.76602
13.67048
13.54691
13.51384
13.39110
13.38213
13.33675
13.91419
15.84816
17.04796
17.64222
17.19526
16.54343
15.97282
16.08295
16.02976
15.69276
15.45645
15.27339
15.07676
14.92123
14.74070
14.62545
14.43719
14.24945
14.01513
14.85994
17.10389
17.60074
16.71163
16.10280
15.67978
15.44736
15.18419
15.09517
15.19169
16.82320
18.53966
17.99027
17.16394
17.52132
17.57951
17.03993
16.85895
16.61761
16.32847
16.09926
15.92013
15.73415
15.57235
15.38991
15.22499
15.04413
14.86870
14.69079
14.54076
14.38541
14.26026
14.14188
14.01985
13.88548
13.75252
13.62043
13.49667
13.37812
13.26603
13.15120
13.04057
12.92854
12.82405
12.72156
12.62455
12.52712
12.42956
12.32764
12.23035
12.13601
12.04384
11.94954
11.85562
11.76080
11.66976
11.57935
11.48986
11.39912
11.30522
11.21389
11.12408
11.03570
10.95053
10.86786
10.78591
10.70831
10.62832
10.54871
10.47331
10.39865
10.31788
10.23804
10.16474
10.09404
10.01877
9.94347
9.86580
9.78896
9.71479
9.64208
9.57068
9.50009
9.43084
9.36194
9.29510
9.23144
9.17081
9.10754
9.04431
8.98194
8.91945
8.85659
8.78915
8.72396
8.65752
8.59945
8.53703
8.47729
8.41235
8.35090
8.28935
8.23726
8.17400
8.12180
8.06324
8.01489
7.95268
7.90358
7.84292
7.79882
7.74208
7.70256
7.63946
7.60282
7.54443
7.51494
7.45564
7.42874
7.37134
7.37248
7.31386
7.29085
7.21385
7.19428
7.11242
7.10324
7.02079
7.02396
6.93098
6.94531
6.84229
6.87266
6.75429
6.80827
6.66187
6.75408
6.55736
6.73092
