10.70474
10.07295
10.51081
10.10380
10.39557
10.09390
10.29851
10.06309
10.21919
10.02260
10.14969
9.98522
10.06915
9.93024
10.00282
9.88965
9.94768
9.84589
9.89546
9.80620
9.84129
9.75921
9.78424
9.71026
9.72605
9.66799
9.68479
9.63177
9.65751
9.58819
9.59973
9.55293
9.52121
9.49751
9.48997
9.46075
9.50029
9.50925
9.49776
9.46976
9.44986
9.42652
9.41221
9.39336
9.37943
9.35926
9.33823
9.33268
9.30911
9.28917
9.28621
9.27699
9.25649
9.23342
9.21640
9.20274
9.18725
9.18663
9.16725
9.13806
9.13499
9.12018
9.10655
9.08713
9.07346
9.05442
9.05070
9.03149
9.01432
9.00087
8.99059
8.98317
8.97779
8.94356
8.92689
8.90669
8.90697
8.89681
8.86455
8.86658
8.83039
8.81818
8.79940
8.78701
8.77430
8.76293
8.75063
8.73528
8.74137
8.75088
8.75321
8.73029
8.73638
8.71416
8.71156
8.69868
8.67335
8.65970
8.65196
8.65052
8.62101
8.60644
8.59792
8.58350
8.56564
8.58162
8.57159
8.53359
8.53399
8.51827
8.49583
8.44272
8.46617
8.54407
8.60015
8.75169
8.79780
8.77834
8.89835
9.04602
8.96439
8.99310
8.97175
8.96747
8.98487
9.00143
9.04754
9.05964
9.06167
9.05809
9.05176
9.08045
9.10868
9.11477
9.11790
9.11589
9.09479
9.07627
9.07443
9.09144
9.07510
9.06456
9.05603
9.02260
9.01687
9.00307
8.98348
8.97671
8.96877
8.94400
8.95163
8.94512
8.92206
8.94011
9.00955
9.01771
9.00922
8.99991
8.97837
8.94436
8.94783
8.95913
8.95948
8.94144
8.92297
8.92033
8.91683
8.90990
8.92724
8.95217
8.95537
8.94397
8.95390
8.94817
8.97193
8.97626
8.99169
9.00626
8.99640
8.98266
8.94630
8.97221
8.93637
8.79880
8.94131
9.09110
9.08354
9.13053
9.11152
9.10836
8.89269
9.05422
9.16179
9.13990
9.19361
9.19685
9.18089
9.19285
9.26995
9.33577
9.36358
9.37695
9.36971
9.35614
9.33875
9.32565
9.29871
9.19746
9.12874
9.14817
8.99160
8.94772
9.13296
9.12022
9.19532
9.24265
9.18491
9.18820
9.20975
9.25267
9.29367
9.43483
9.46956
9.34838
9.43500
9.56402
9.64091
9.63331
9.64464
9.64847
9.65710
9.68022
9.67114
9.64098
9.63919
9.61241
9.58821
9.59454
9.56044
9.54930
9.53233
9.50121
9.49036
9.46982
9.45517
9.43941
9.42814
9.41383
9.39861
9.26702
9.21116
9.27145
9.21666
9.18345
9.18680
9.28128
9.31629
9.32580
9.22171
9.05549
9.04473
8.94685
8.98709
9.11565
9.07081
9.22932
9.33458
9.40589
9.71022
9.79544
9.81278
9.87841
9.82377
9.85002
9.95784
9.93821
9.95341
9.94305
9.86686
9.68925
9.79306
9.81763
9.88051
9.94762
10.03777
10.03231
9.87544
9.86027
10.00098
9.99027
9.86426
10.06327
10.29441
10.31383
10.44754
10.44797
10.45358
10.44804
10.51160
10.47669
10.50712
10.59289
10.58800
10.55885
10.59133
10.51393
10.57895
10.82964
11.01815
10.98213
10.95858
10.88902
10.88508
10.79946
10.83762
10.59056
10.60677
10.41502
10.51930
10.70448
10.73885
10.74484
10.69214
10.67852
10.63601
10.68798
10.73585
10.72331
10.73973
10.70024
10.70917
10.68526
10.65937
10.65521
10.62692
10.61943
10.64630
10.62927
10.63473
10.59601
10.61606
10.43292
10.42316
10.42394
10.75825
11.04694
11.07309
11.05310
11.00100
11.02883
11.11759
11.12602
11.08058
11.06447
11.03160
10.99785
10.96512
10.97863
10.98599
10.94024
10.91807
10.94573
10.60611
10.58809
10.79704
10.43827
10.27276
10.29126
10.34330
10.52854
10.35688
10.44941
10.22693
10.41435
10.58487
10.58567
10.67755
10.72752
10.78811
10.78129
10.78535
10.73506
10.77636
10.84094
10.92071
10.81159
10.89087
10.64524
11.07278
11.23004
11.42335
11.65424
11.69184
11.69445
11.76449
11.63924
11.54934
11.73731
11.71183
11.88178
11.91787
11.96743
11.96710
11.91229
11.83857
11.87276
11.84922
11.81887
11.74819
11.72164
11.68880
11.67398
11.63168
11.60392
11.56820
11.54304
11.49752
11.45967
11.45484
11.47657
11.45776
11.41514
11.38445
11.34212
11.26138
11.28633
11.32517
11.43852
11.52223
11.55175
11.56651
11.51015
11.48520
11.44800
11.31854
10.81082
10.83499
10.96081
10.94066
10.90934
10.87735
10.60972
10.49829
10.58075
10.52607
10.48866
10.42050
10.40415
10.38465
10.37389
10.34314
10.30694
10.34739
10.33852
10.30707
10.39421
10.30417
10.32168
10.33586
10.31261
10.30847
10.32135
10.44970
10.33448
10.46473
10.47236
10.41889
10.38998
10.39470
10.44658
10.42311
10.53063
10.63233
10.64873
10.73841
10.80207
10.94052
11.12437
11.11591
11.07325
11.08264
11.05664
11.04691
11.00183
10.90405
10.88452
11.04575
11.38247
11.34857
11.75192
12.23073
12.27053
12.08526
11.99649
11.91844
11.92501
11.96410
11.84876
11.91375
11.85772
11.80253
11.68829
11.68959
11.70158
12.25650
12.57854
12.41811
12.32529
12.32283
12.21977
12.15527
12.09639
12.06456
11.98561
11.98345
11.97602
12.02057
11.92977
11.97829
11.86970
12.05284
11.78221
11.63296
11.69705
11.39843
11.37581
11.51140
11.71322
11.64269
11.71678
11.63896
11.78642
11.75041
11.71871
11.52314
11.51793
11.75292
11.69370
11.69818
11.84852
11.85857
11.90605
11.86545
11.86637
11.85064
12.14011
12.58392
12.69307
12.66048
12.59671
12.56859
12.44241
12.46513
12.49959
12.43244
12.38595
12.36596
12.51844
12.34398
12.31256
12.18359
12.15120
12.22146
12.28697
12.22671
12.04154
11.96711
12.07594
12.17361
12.12424
12.07052
11.83737
11.72335
11.86432
11.93036
11.89120
11.84537
11.88536
11.81906
11.83100
11.79921
11.73977
11.68880
12.19815
13.11000
13.47483
13.75563
13.64791
14.05136
14.18714
14.03405
13.82381
13.73051
13.65538
13.58963
13.35674
13.52961
14.12549
14.13552
13.88014
13.59409
13.55176
13.59387
13.67549
14.09909
14.75453
14.68869
14.37611
14.08703
14.00323
13.91632
13.82713
13.79838
13.82068
13.69284
13.86227
13.69475
13.81527
13.80691
13.76208
13.70639
14.32269
14.78143
14.67546
14.50096
14.29421
14.29856
14.41119
14.40543
14.34337
14.27025
14.08582
13.86581
13.83574
14.00311
13.91831
14.04945
13.70892
13.53725
13.85690
13.66026
13.71589
13.80444
13.58534
13.39352
14.18247
14.35679
14.14702
13.99815
13.60884
13.56677
13.48833
13.26678
13.60701
13.45909
13.24914
13.69271
13.55133
13.58053
13.51332
13.54531
13.68378
13.59613
13.40517
13.48743
13.51795
13.52635
13.37760
13.28525
13.21343
13.18724
13.14517
13.10341
12.99378
13.05765
12.96329
13.04481
13.20021
13.32339
13.29217
13.30800
13.23305
13.27210
13.29373
13.48364
13.83299
13.95848
13.95691
14.14038
14.47264
14.30781
14.39968
14.09664
13.69845
13.65650
13.30031
12.97795
12.74615
12.71278
12.53946
13.02302
13.40772
13.80339
14.22979
13.62170
14.11706
14.00213
13.72416
13.34900
13.24519
13.26446
13.18022
13.10872
12.94779
12.87417
12.76704
12.76585
12.65742
12.51860
12.38772
12.36358
12.37201
12.37787
12.29151
12.27142
12.27743
12.24944
12.17695
12.14782
12.06446
12.03788
11.95727
12.30576
12.19955
12.18998
12.55544
12.12226
12.53938
12.65026
13.26975
13.34618
13.08780
13.17083
13.32438
13.52421
13.44204
13.45242
13.49327
13.43484
13.29550
13.25141
13.23912
13.18588
13.28755
13.58015
13.93298
13.79410
13.23520
13.17813
13.42921
13.51697
13.47497
13.49309
13.43007
13.43814
13.36654
13.69438
14.01874
13.98447
13.92522
13.86708
13.86578
13.73283
13.66881
13.62420
13.31208
13.00780
13.10077
13.05165
13.59613
13.83114
14.07233
13.88497
13.42320
13.47991
13.45584
13.55564
13.35430
13.46280
13.55416
13.51704
13.36722
13.32555
13.33882
13.60428
14.08673
14.23954
14.05275
13.90801
13.76452
13.67761
13.60917
13.58977
13.57721
13.98857
14.22272
14.24560
14.18254
14.15487
14.52597
14.61740
14.46518
14.32746
14.23273
14.14451
14.12683
14.08535
14.02417
13.94807
13.87893
13.81809
13.78123
13.71272
13.66619
13.62622
13.59151
13.53831
13.53470
13.49602
13.51069
13.63500
13.59419
13.51496
13.43710
13.38740
13.32927
13.27499
13.21568
13.16554
13.11752
13.08273
13.05069
12.98794
12.95803
12.91358
12.87443
12.81629
12.79164
12.73946
12.69867
12.65792
12.62707
12.58947
12.55600
12.53397
12.49696
12.48262
12.48675
12.47196
12.43486
12.40860
12.36274
12.32885
12.29672
12.26253
12.23517
12.21317
12.17534
12.13475
12.11097
12.07513
12.07178
12.02895
11.99535
11.96729
11.93661
11.90666
11.88013
11.84589
11.81869
11.78877
11.76428
11.75297
11.74632
11.68471
11.66574
11.62889
11.63020
11.58894
11.55807
11.53173
11.50964
11.49096
11.64305
11.75400
11.80514
11.74430
11.72402
11.65845
11.65287
11.57178
11.57705
11.50777
11.53942
11.44429
11.48969
11.40543
11.44328
11.34122
11.40585
11.24965
11.26625
11.07856
11.18973
11.05711
11.59645
11.94114
12.30301
12.04923
12.30532
