5.42814
5.14638
5.41411
5.23645
5.38264
5.30202
5.52325
5.50990
5.60433
5.57859
5.70186
5.61150
5.73437
5.81232
5.82811
5.74648
5.78852
5.82742
5.88007
5.88585
5.88811
5.84432
5.84285
5.77320
5.76838
5.77512
5.76696
5.75612
5.74503
5.67634
5.64967
5.60498
5.57490
5.53279
5.51475
5.48769
5.47265
5.46874
5.46025
5.44923
5.42299
5.38953
5.38283
5.36403
5.34206
5.33193
5.33723
5.29142
5.27266
5.24614
5.22897
5.20254
5.18500
5.16209
5.14639
5.13422
5.10938
5.09166
5.06915
5.05943
4.97083
4.89681
4.92408
4.96140
5.20189
5.70767
5.80717
5.75153
5.71887
5.71269
5.66616
5.63988
5.60673
5.57340
5.53620
5.49780
5.46869
5.45072
5.41797
5.39432
5.35934
5.35207
5.35060
5.33393
5.32910
5.47231
5.55118
5.52658
5.53704
5.53311
5.53307
5.53656
5.49297
5.45853
5.42137
5.41307
5.38508
5.35325
5.33029
5.30178
5.28123
5.25708
5.26088
5.22083
5.19918
5.17794
5.15748
5.14586
5.12960
5.10265
5.09316
5.09779
5.07056
5.06117
5.05848
5.06010
5.02302
5.00033
5.01016
5.00647
4.98277
4.97995
4.97447
4.94975
4.92999
4.93665
4.91931
4.89336
4.88503
4.87343
4.86054
4.85486
4.87378
4.86643
4.85601
4.85506
4.84254
4.84140
4.82891
4.81930
4.82173
4.82494
4.78012
4.78626
4.77346
4.85109
4.99209
5.07110
5.07053
5.17643
5.28358
5.24071
5.01416
5.73997
7.15182
8.36877
9.33434
9.79927
10.93742
11.09292
11.10561
11.66024
12.09334
12.27234
12.15739
12.57365
13.07101
12.43513
12.48568
12.56985
11.71833
11.71361
11.61114
11.69015
12.24504
12.31781
12.10798
11.94066
12.53435
12.20661
12.45631
12.62943
11.88434
11.81516
11.74842
12.31404
12.36872
12.18805
12.18510
11.72887
11.52020
10.99187
10.69649
11.13799
10.67979
10.93458
10.84439
10.48212
10.45502
10.24601
10.77632
10.96888
11.01410
10.70382
10.69981
10.32614
10.05111
9.94633
9.54904
9.86038
10.22814
9.81348
9.18065
9.24380
9.70391
10.31584
10.44857
10.53069
10.93736
10.45494
10.53203
10.41077
10.63199
10.21384
10.25914
10.57241
10.52213
10.04513
9.41755
9.79923
9.79481
9.49964
9.63307
9.62937
9.76962
10.20202
9.95212
9.49721
9.81023
9.85326
9.78829
9.23070
8.96943
8.96972
9.36666
9.45652
9.19506
9.29245
9.14612
8.97915
8.82768
8.67643
8.70594
8.94859
8.97835
8.77624
8.59459
8.56319
8.70696
9.09631
9.69452
9.92073
9.73599
9.47717
9.42754
9.47409
9.35798
9.36531
8.77762
8.95660
8.78784
8.77090
8.72404
8.72527
8.69644
8.63136
8.52452
8.58086
8.56533
8.51633
8.80977
8.99848
8.71119
8.49871
8.61691
8.43779
8.09913
8.17826
8.07990
8.06295
8.05994
7.68389
7.90018
7.53299
7.01193
8.08604
7.75746
8.23937
7.73492
7.66917
7.93320
7.55932
7.50330
7.55281
7.41147
7.56063
7.98729
8.15283
8.05536
8.15878
7.15349
7.47734
8.15646
8.47633
7.99485
7.60409
8.10123
7.98380
7.13081
7.22959
8.05610
8.20495
8.74529
8.62970
9.02539
8.94900
8.96322
8.82918
8.79035
8.42569
8.41745
7.21969
7.56855
8.07519
8.34613
8.42938
8.33963
8.09541
8.24202
7.99237
7.46065
8.61198
8.48856
8.07277
7.48492
7.99726
8.32572
8.14018
7.76927
7.59056
8.03537
8.15098
8.10906
8.13422
7.72746
7.81760
7.82287
7.97483
7.90467
7.88130
7.96433
7.76298
7.75823
7.88684
8.17519
7.85193
8.00026
8.01739
8.18853
8.11057
7.98612
8.15386
8.27365
8.76455
9.02285
8.88546
8.78237
8.66943
8.62984
8.55372
8.44146
8.40496
8.30174
7.50515
6.48902
7.53942
8.42736
7.85849
7.98623
8.01323
7.92619
7.75093
7.74472
7.59202
7.70689
7.99688
7.90970
7.65581
7.82152
7.36502
6.40609
8.08313
7.71928
7.56103
7.72761
7.90552
8.18870
8.02143
8.18195
7.00343
7.47452
7.84742
8.49274
8.88371
8.41531
8.19442
8.14934
7.91883
7.82709
7.61758
7.92806
8.18194
7.96393
7.75626
7.78261
7.76188
8.01866
8.20763
8.19474
7.94130
8.25503
8.24221
8.32346
8.44371
8.30753
8.45712
8.43783
8.27407
8.19060
8.06902
8.02815
7.90770
7.92442
7.60616
7.42043
7.36710
7.58604
7.85994
8.15666
7.88430
7.21969
7.10583
6.73149
7.01473
7.20262
8.20968
7.11377
7.92922
7.51596
7.98142
7.39463
7.18232
7.26696
7.50909
7.52290
7.44509
8.44404
8.29119
8.31950
8.40311
8.52449
8.68550
8.53991
8.55265
8.41670
8.50078
8.41073
8.20616
8.10807
8.08031
7.95813
7.91387
7.77330
7.79205
7.96696
8.41110
8.86276
8.84238
8.99761
9.00333
8.86781
8.87508
8.74489
8.60828
9.01208
9.59101
10.20700
10.23812
10.04092
10.02659
10.10012
10.04062
9.76706
9.72687
9.32194
8.96472
8.93435
8.89592
8.98132
8.81913
8.69593
8.49461
8.51385
9.08379
9.07559
9.18193
9.08502
8.98438
9.01131
8.92649
8.89234
8.76146
9.03309
9.18518
9.33939
9.48584
9.41375
9.17849
9.50514
9.49188
9.23089
9.35061
9.35380
9.55593
9.51661
9.29599
9.56584
9.36801
9.40135
9.03707
8.98840
8.87651
8.90323
8.93864
8.75483
8.71708
8.64217
8.74866
8.81677
8.46241
8.67571
9.06800
9.48593
9.55874
9.83919
10.45260
9.99014
9.75212
9.63682
9.50126
9.41485
9.26852
9.05862
9.03612
8.90982
8.92984
8.66453
8.60858
8.54736
8.79492
8.67908
8.48589
8.95615
8.98629
8.98030
9.50120
9.62842
9.78223
9.54199
9.37796
9.29233
9.22973
9.33192
9.25682
9.00086
9.18087
9.15078
9.13809
9.18428
8.71770
8.61111
8.56926
8.57486
8.36383
8.33265
8.36331
8.51944
8.58950
8.62164
8.67243
8.55920
8.57915
8.52340
8.50787
8.39844
8.31156
8.25548
8.21376
8.15625
8.14954
8.08812
8.20145
8.58907
8.39761
8.47812
8.43903
8.24487
8.15315
8.23756
8.37857
8.36511
8.40443
8.70965
8.79899
8.73722
8.72197
8.72362
8.57035
8.51024
8.50585
8.62016
8.60081
8.59797
8.57561
8.73616
8.67703
8.84180
9.61310
9.65817
9.48161
9.29646
9.33701
9.39155
9.04526
8.84244
8.75437
8.73557
8.67184
8.53744
8.56843
8.41258
8.40148
8.42879
8.49806
8.54639
8.69598
8.56853
8.46188
8.32336
8.28423
8.38023
8.45306
8.57909
8.58054
9.19395
9.35944
9.76705
10.80496
10.95134
10.90918
10.32096
10.40661
10.36886
9.98349
10.03781
9.98610
9.93444
10.04246
9.75628
9.58489
9.62233
9.53632
9.57487
9.56265
9.42928
9.36992
9.06367
9.24046
9.23585
8.81328
8.83820
8.75662
8.63798
8.62436
8.60590
8.48372
8.51097
8.49428
8.71514
8.90190
8.67796
8.64373
8.55952
8.54399
8.44031
8.50944
8.77482
9.05810
9.17298
9.20936
9.19494
9.09507
9.05099
8.82495
8.77040
8.70994
8.89270
8.93692
9.02053
8.89540
8.84433
8.48761
8.75727
8.68925
8.71688
8.77072
8.68638
8.37575
8.48997
9.06632
9.71032
10.01423
10.05759
9.73613
9.54443
9.68926
9.97857
10.11275
9.95885
9.77786
9.82753
9.75065
9.58309
9.40661
9.34543
9.29054
9.43628
9.03821
9.12593
9.13177
9.05273
9.55590
9.88689
10.10528
9.94941
9.86728
9.73588
9.38029
9.13322
9.33948
9.25341
9.07644
8.84315
8.82142
8.77225
8.75250
8.56266
8.75718
8.71834
8.73423
8.76559
8.75705
8.71291
8.78578
8.65055
8.63126
8.71581
8.64050
8.70423
9.09660
9.64922
9.65077
9.60942
9.58147
9.46211
9.38945
9.39762
9.29435
9.12815
8.91141
8.86143
8.97264
8.94469
9.02297
8.90639
8.93291
8.81034
8.92316
9.25196
9.11580
9.06136
9.11500
8.94230
9.21920
8.83641
8.82908
9.06616
9.05025
8.84285
8.67082
8.60739
8.53442
8.57620
8.63471
8.62016
8.71290
9.03960
9.60306
9.79221
9.62383
9.97017
9.94872
10.02659
10.06947
10.25597
10.83192
11.44944
11.42306
11.60496
11.85492
12.11552
12.69371
12.88736
12.70872
12.48415
12.65360
12.75418
12.56135
12.54618
12.50435
12.18428
12.06564
11.96085
11.67698
11.32602
11.23786
11.25274
11.30406
11.30539
11.24441
11.56523
11.71919
11.42382
11.35656
11.15268
11.04185
10.90239
10.78405
10.63913
10.56564
10.42895
10.31021
10.17825
10.09251
9.98161
9.93011
9.87379
9.79027
9.70602
9.65370
9.55035
9.46878
9.40069
9.35258
9.29283
9.23136
9.16433
9.10718
9.04966
8.99403
8.94193
8.88663
8.84042
8.78213
8.70406
8.68140
8.65467
8.60658
8.54835
8.48847
8.44072
8.39529
8.34728
8.29934
8.25800
8.22914
8.18454
8.14922
8.09460
8.05172
8.01245
7.97587
7.95564
7.91250
7.86077
7.83985
7.79838
7.76138
7.72319
7.68835
7.65448
7.62393
7.58823
7.56452
7.53952
7.53739
7.50996
7.46731
7.44593
7.41294
7.38911
7.36059
7.33696
7.30705
7.28328
7.25179
7.23307
7.23606
7.23688
7.19867
7.20101
7.23047
7.21094
7.17838
7.15727
7.14234
7.11425
7.09118
7.06858
7.04510
7.04276
7.03502
7.00644
6.98370
6.96782
6.96505
6.93473
6.92585
6.92132
6.90036
7.31022
7.64045
8.27395
8.90176
9.32220
10.04484
10.66137
12.24203
13.90625
15.43864
16.24785
16.70544
17.10113
17.93601
18.34549
18.55982
18.48431
18.46572
19.01185
19.12545
18.69629
17.92910
17.42454
16.91882
16.75509
16.46803
16.01929
16.52591
16.83498
16.17015
16.32220
16.08079
15.69214
15.01553
15.22552
15.22169
