9.63783
9.09817
9.51308
9.18245
9.46826
9.22662
9.43266
9.24451
9.40603
9.25605
9.38430
9.26256
9.37146
9.27358
9.36140
9.28249
9.35561
9.28680
9.34952
9.29460
9.34941
9.30128
9.34402
9.30436
9.33963
9.30605
9.33711
9.30997
9.33494
9.31261
9.33054
9.31023
9.32511
9.30940
9.32007
9.30587
9.31496
9.30781
9.31621
9.30649
9.30983
9.30052
9.30383
9.29610
9.29689
9.29331
9.29282
9.28758
9.28410
9.28271
9.28278
9.27766
9.27664
9.27397
9.27507
9.27270
9.27132
9.26854
9.26877
9.26508
9.26414
9.26524
9.27168
9.26466
9.27666
9.29959
9.28564
9.28433
9.27791
9.27560
9.27037
9.26913
9.26527
9.26326
9.26092
9.26133
9.25914
9.26248
9.26387
9.26141
9.25888
9.25639
9.25594
9.25217
9.24782
9.24618
9.24411
9.24128
9.23954
9.24017
9.23572
9.23494
9.23240
9.23127
9.22998
9.22954
9.22781
9.22549
9.22297
9.22146
9.22172
9.22505
9.22516
9.22299
9.21931
9.21761
9.21620
9.21599
9.21651
9.21370
9.21146
9.20891
9.20559
9.20353
9.20239
9.20131
9.19976
9.19651
9.19320
9.19064
9.18807
9.18393
9.18253
9.18158
9.17984
9.17692
9.17469
9.17211
9.16880
9.16574
9.16281
9.16054
9.15880
9.16286
9.17149
9.16836
9.16800
9.16471
9.16353
9.15885
9.15584
9.15093
9.15328
9.14720
9.14737
9.13986
9.14280
9.14264
9.15077
9.12002
9.16932
9.19238
9.21371
9.25446
9.26233
9.29157
9.32864
9.34690
9.34754
9.34481
9.30939
9.34268
9.36099
9.37503
9.38539
9.38766
9.37893
9.37914
9.38054
9.38082
9.38421
9.38505
9.38317
9.38013
9.37767
9.38683
9.43950
9.38377
9.42101
9.43058
9.42350
9.46476
9.46188
9.44123
9.39297
9.35095
9.39199
9.38573
9.38465
9.43408
9.42357
9.45522
9.43955
9.44456
9.44445
9.45202
9.45552
9.46475
9.46959
9.47449
9.47317
9.47225
9.46542
9.46357
9.45851
9.45819
9.44821
9.41955
9.45856
9.47367
9.45728
9.44570
9.43279
9.42100
9.42821
9.36240
9.34616
9.38209
9.41062
9.39382
9.40752
9.46321
9.44566
9.41310
9.41301
9.41060
9.44772
9.42993
9.42719
9.41841
9.41747
9.40913
9.41138
9.41044
9.42381
9.42649
9.41937
9.42341
9.41732
9.42194
9.43185
9.43562
9.43367
9.43087
9.43357
9.44275
9.44566
9.44347
9.46531
9.45602
9.46485
9.44611
9.41186
9.43990
9.45519
9.46047
9.45845
9.45064
9.46353
9.47601
9.47790
9.47297
9.47510
9.44337
9.44353
9.44088
9.45787
9.42101
9.41527
9.44422
9.44437
9.45621
9.46255
9.43891
9.38302
9.45042
9.44412
9.45472
9.45979
9.46346
9.45813
9.45756
9.45721
9.46068
9.46000
9.46817
9.47607
9.48330
9.49244
9.49222
9.48920
9.48577
9.49072
9.49181
9.48782
9.49377
9.50177
9.50849
9.51358
9.51504
9.51518
9.50709
9.50413
9.50197
9.50310
9.50341
9.50958
9.51120
9.50257
9.50169
9.50536
9.50214
9.51289
9.50493
9.42265
9.42373
9.50262
9.51267
9.50141
9.51617
9.51469
9.50991
9.50281
9.42819
9.44735
9.49191
9.44262
9.44292
9.49737
9.51892
9.51050
9.49472
9.49034
9.51119
9.50588
9.49411
9.52097
9.52203
9.52119
9.51017
9.50769
9.50517
9.47107
9.46935
9.49780
9.50155
9.45556
9.46469
9.52566
9.52446
9.53824
9.52139
9.56002
9.51354
9.55577
9.52090
9.50887
9.56620
9.57512
9.57065
9.57564
9.57864
9.58191
9.57125
9.57920
9.50300
9.44751
9.47254
9.45536
9.50118
9.46714
9.43884
9.42648
9.54300
9.53106
9.53360
9.57605
9.55739
9.43389
9.49571
9.48552
9.48802
9.50700
9.51597
9.54769
9.63548
9.53762
9.55009
9.58993
9.51456
9.53425
9.52600
9.57542
9.62741
9.62248
9.62548
9.62384
9.62523
9.61103
9.60730
9.60866
9.61563
9.61796
9.62209
9.62347
9.60804
9.61391
9.62201
9.61571
9.61075
9.58697
9.58620
9.59512
9.56617
9.57396
9.59367
9.58276
9.56263
9.46799
9.45159
9.46835
9.49517
9.47127
9.45727
9.48022
9.46543
9.49280
9.49964
9.55065
9.53587
9.60555
9.51310
9.50898
9.54308
9.59171
9.55331
9.57328
9.57894
9.56310
9.56449
9.63626
9.64472
9.54689
9.60697
9.55689
9.57899
9.62561
9.59613
9.65114
9.67449
9.65602
9.63403
9.66491
9.67061
9.61751
9.63468
9.64312
9.63888
9.61084
9.60229
9.64239
9.63984
9.63165
9.60926
9.63576
9.62622
9.62501
9.61649
9.61045
9.61422
9.59217
9.61929
9.63451
9.61861
9.63627
9.67075
9.67145
9.66651
9.69764
9.68940
9.69090
9.71424
9.72213
9.72605
9.72515
9.72059
9.71910
9.71832
9.74887
9.77195
9.77384
9.77621
9.77237
9.76438
9.76154
9.75376
9.75210
9.74443
9.74256
9.75644
9.74488
9.74485
9.73990
9.74575
9.75846
9.75210
9.75314
9.74260
9.73995
9.74793
9.75285
9.74636
9.75046
9.75103
9.75603
9.75654
9.76295
9.75499
9.76509
9.70817
9.66548
9.69698
9.71042
9.74714
9.75248
9.76145
9.78539
9.80333
9.79749
9.80818
9.81010
9.81627
9.82202
9.82696
9.82995
9.83135
9.82651
9.82247
9.81656
9.81187
9.81523
9.82122
9.81304
9.80849
9.80799
9.80099
9.80192
9.81088
9.82237
9.82950
9.83723
9.83284
9.82534
9.82455
9.83070
9.83559
9.84036
9.83950
9.83846
9.85411
9.90708
9.95466
9.97808
9.98330
9.98349
9.98307
9.97700
9.96693
9.96392
9.98135
10.03973
10.06133
10.07816
10.04864
10.04883
10.06812
10.08854
10.08009
10.09748
10.13076
10.11761
10.13539
10.14174
10.14575
10.13681
10.13450
10.12683
10.12524
10.11406
10.11399
10.10743
10.11131
10.10749
10.11294
10.10621
10.11413
10.08894
10.10172
10.11033
10.11710
10.11623
10.10905
10.10984
10.10566
10.11101
10.03162
10.00036
10.01223
10.01840
10.07945
10.08607
10.08271
10.08493
10.08524
10.07201
10.08035
10.02069
9.88980
10.02663
10.04715
10.07035
10.07328
10.07224
10.06343
10.06438
10.05095
10.05195
10.04511
10.09541
10.08094
10.07818
10.07896
10.09539
10.08195
10.09304
10.03145
10.11244
10.05560
10.02836
10.03515
10.01457
10.02377
10.07529
10.10911
10.09119
10.11372
10.10912
10.11197
10.11458
10.11344
10.09300
10.10082
10.08856
10.09293
10.09994
10.09110
10.09584
10.09025
10.09370
10.07947
10.08087
10.07427
10.06045
10.05105
10.05149
10.02478
10.03594
10.03660
10.04500
10.07426
10.08275
10.01380
10.01896
10.02477
10.05194
10.11695
10.11709
10.12601
10.12252
10.12609
10.12208
10.12524
10.11888
10.11325
10.10264
10.10654
10.10495
10.09948
10.08290
10.10629
10.10672
10.09534
10.08375
10.08489
10.08355
10.08370
10.08194
10.08274
10.08180
10.07724
10.05500
10.05834
10.02411
10.07871
10.08417
10.09599
10.07957
10.09858
10.04099
10.02036
10.06400
10.05181
10.07860
10.06975
10.06999
10.06350
10.05544
10.06288
10.05451
10.03856
10.03967
10.06430
10.03314
10.02410
10.09160
10.07341
10.09081
10.08184
10.09690
10.03834
10.06302
10.05342
10.04859
10.07182
10.07096
10.07871
10.08605
10.06553
10.01129
10.00750
10.00131
10.04372
9.99056
9.98731
10.05504
10.08166
10.08935
10.07529
10.08337
10.08073
10.08428
10.07388
10.07247
10.06180
10.06148
10.02176
9.87905
9.97708
9.96172
9.97397
10.03646
9.91555
9.85724
9.86878
9.85545
9.87443
10.00667
10.01121
10.06305
10.08406
10.09324
10.06465
10.06482
10.03001
9.95702
9.94319
10.00099
10.07529
10.07047
10.07953
10.07522
10.08281
10.07702
10.10768
10.11038
10.13201
10.14936
10.16048
10.12819
10.12112
10.11701
10.12315
10.11559
10.12361
10.10701
10.11901
10.07545
10.07270
10.09456
10.08954
10.09915
10.09567
10.09651
10.10386
10.10679
10.08236
10.07330
10.10487
10.10848
10.12850
10.13864
10.15540
10.17004
10.17754
10.21745
10.26469
10.30142
10.31920
10.34305
10.34696
10.39282
10.41708
10.43747
10.43315
10.43311
10.42599
10.42111
10.40772
10.41732
10.35031
10.32706
10.31408
10.33339
10.27359
10.21662
10.23916
10.31460
10.40256
10.34615
10.35213
10.36827
10.38389
10.38341
10.38387
10.23251
10.22515
10.41170
10.42091
10.41136
10.40995
10.41439
10.39278
10.41731
10.40203
10.40259
10.39128
10.38982
10.38456
10.38360
10.37970
10.37983
10.37312
10.36905
10.36301
10.35986
10.35657
10.35365
10.34682
10.34011
10.33348
10.32880
10.32344
10.31857
10.31260
10.30812
10.30293
10.29796
10.29176
10.28734
10.28145
10.27685
10.27193
10.26568
10.26019
10.25731
10.25249
10.24962
10.24719
10.24492
10.24027
10.23822
10.23441
10.22845
10.22605
10.22134
10.21793
10.21270
10.20769
10.20382
10.19842
10.19330
10.18827
10.18293
10.18005
10.17550
10.16982
10.16528
10.16056
10.15744
10.15367
10.15006
10.14716
10.14310
10.14029
10.13629
10.13373
10.13030
10.12538
10.12145
10.11704
10.11117
10.10685
10.10080
10.09654
10.09162
10.08866
10.08670
10.08328
10.07820
10.07450
10.06913
10.06507
10.06043
10.05667
10.05160
10.05152
10.04971
10.04726
10.04289
10.04152
10.03715
10.03276
10.02843
10.03104
10.02872
10.03581
10.04643
10.05920
10.12769
10.16596
10.18482
10.17633
10.17784
10.18017
10.18032
10.18748
10.19941
10.19846
10.19287
10.19780
10.19311
10.19390
10.18660
10.19101
10.18644
10.19643
10.19904
10.23906
10.30763
10.36755
10.37824
10.39878
10.37987
10.38282
10.36340
10.38289
10.36200
10.38711
10.36549
10.39733
10.36531
10.35429
10.34620
10.38927
10.36448
10.42391
10.35179
10.37124
10.34900
10.39145
10.33160
10.41337
10.32468
10.40886
10.33006
10.42509
10.31618
10.44483
10.28031
10.45164
10.23815
