8.88221
8.36136
8.48308
8.15605
8.86482
8.71666
8.67585
8.45011
8.77936
8.55154
8.49798
8.39950
8.58101
8.54982
8.64950
8.44697
8.87463
9.00029
9.00015
8.90080
8.86758
8.79479
8.69133
8.62130
8.69123
8.52285
8.54787
8.63778
8.74110
8.37154
8.27836
8.40092
9.16479
9.26613
9.00354
8.73705
8.55182
8.50527
8.37326
8.20117
8.30623
8.74096
8.77667
8.59956
8.43045
8.34328
8.28366
8.25115
8.23225
8.19913
8.12652
7.99124
8.16930
8.36038
8.34106
8.24244
8.12454
8.04116
7.97134
7.89358
8.03825
8.34012
8.33903
8.46032
8.50223
8.42664
8.26634
8.12268
8.08327
8.12436
8.25689
8.36826
8.26937
8.21107
8.17236
8.09997
7.99656
7.98840
7.93776
8.03094
8.18202
8.15569
8.22626
8.34962
8.25748
8.19653
8.11566
8.25383
8.44129
8.48258
8.64171
8.55294
8.37499
8.20634
8.27766
8.32191
8.32653
8.19748
8.19613
8.28310
8.21895
8.09845
8.17256
8.37999
8.42210
8.41283
8.24998
8.11422
8.11714
8.37468
8.42457
8.33234
8.19427
8.18750
8.14932
8.05642
7.94350
8.11229
8.50738
8.56271
8.44611
8.26419
8.09587
7.95988
7.84474
7.78896
7.82970
8.23225
8.41428
8.28665
8.15601
8.02756
7.94702
7.86071
7.78233
7.77157
7.91161
8.00625
7.95242
7.94827
7.88299
7.85473
7.84214
8.34912
9.13357
9.22112
9.44524
9.68028
9.64959
9.46203
9.15110
8.81039
8.52133
8.41652
8.22758
8.48350
9.10463
9.32131
9.32313
9.10560
9.00583
8.81771
8.69708
8.57286
8.39887
8.44301
8.68926
8.81369
8.92322
8.86062
8.85550
8.83386
8.73045
8.67183
8.61330
8.52139
8.41636
8.68568
9.16159
9.08970
8.92223
8.71251
8.65322
8.51656
8.80592
9.33953
9.28413
9.20827
8.99720
8.72451
8.48789
8.52136
8.86140
8.84964
8.98980
9.11171
8.93318
8.81812
8.72478
8.65765
8.54578
8.48534
8.35348
8.30975
8.25255
8.32871
8.99716
9.25699
9.14223
8.90017
8.59954
8.38566
8.26449
8.24297
8.27334
8.20287
8.14384
8.12801
8.08235
8.10476
8.09858
8.06427
8.02757
8.31302
8.62492
8.62404
8.57070
8.45987
8.31197
8.15483
8.03121
7.97588
7.97247
7.92937
7.90121
8.01301
8.09422
8.11595
8.08559
7.99412
8.04647
8.16478
8.27153
8.31307
8.23410
8.11485
8.11016
8.12735
8.11441
8.14278
8.11232
8.04016
7.99259
8.18399
8.21948
8.16955
8.05800
7.96776
7.98808
8.03623
8.08483
8.54882
8.70395
8.68718
8.61027
8.43036
8.25556
8.33505
8.43091
8.35959
8.33004
8.18963
8.09396
8.21067
8.35054
8.38916
8.43752
8.30798
8.31207
8.39944
8.69337
8.92253
8.84364
8.66654
8.50864
8.37902
8.33482
8.38531
8.34849
8.31238
8.23456
8.19376
8.19069
8.14186
8.09980
8.12191
8.20424
8.26751
8.19818
8.32051
8.77697
8.90309
8.82544
8.75778
8.49706
8.75976
9.64995
9.70555
9.54522
9.20979
8.93276
8.73339
8.75311
8.68799
8.56530
8.43586
8.31457
8.22742
8.16277
8.13689
8.27533
8.40133
8.39523
8.36601
8.29820
8.20644
8.22656
8.36480
8.40633
8.41910
8.35385
8.37997
8.55799
8.59184
8.60579
8.62835
8.67701
8.62909
8.53916
8.48048
8.45393
8.44618
8.38537
8.40499
8.45988
8.46081
8.48292
8.49290
8.62151
8.65190
8.61352
8.47244
8.42848
8.40058
8.40349
8.51783
8.60250
8.59378
8.55413
8.50432
8.22604
8.22390
8.19429
8.22443
8.21687
8.29591
8.41981
8.39864
8.35583
8.23050
8.25977
8.29445
8.33138
8.31700
8.29232
8.20278
8.14079
8.15496
8.14127
8.20621
8.50950
8.59849
8.52167
8.50497
8.42297
8.33635
8.40077
8.46873
8.41925
8.42277
8.47270
8.40929
8.40931
8.47993
8.52889
8.55484
8.76441
9.03879
9.13453
9.02480
8.86605
8.68516
8.74437
8.73806
8.54699
8.58807
8.57701
8.46792
8.59797
8.90994
8.84713
8.72091
8.56278
8.50820
8.40281
8.59529
9.26557
9.43576
9.26669
9.06521
8.80695
8.63909
8.48593
8.24518
8.33119
8.34099
8.38718
8.30448
8.14383
8.08282
8.09781
8.13344
8.16609
8.32610
8.25429
8.22150
8.31022
8.52871
8.83880
8.80220
8.68839
8.66277
8.63261
8.58217
8.58493
8.86804
9.15309
9.20346
9.05814
8.89706
8.72131
8.64569
8.75779
8.88634
8.84153
8.69513
8.54670
8.63736
8.80699
8.79310
8.88501
9.07310
8.96846
8.93767
9.13451
9.31481
9.33659
9.24282
9.12135
8.96971
8.92725
8.94288
8.95119
9.04866
9.37434
10.06773
10.17139
10.10433
9.87001
9.65571
9.40238
9.35463
9.37917
9.45992
9.66508
9.66599
9.71030
9.82145
9.73760
9.76525
9.75219
9.73104
9.81549
9.89022
9.50692
9.72941
10.16948
10.21258
10.09337
9.84371
9.75446
9.57600
9.46848
9.53243
9.91901
10.24603
10.23462
10.47894
10.61906
10.77541
10.71439
10.45968
10.17082
9.79661
9.55045
9.48851
9.51074
9.45498
9.45847
9.47323
9.44643
9.41920
9.48743
9.49717
9.69964
9.65169
9.63572
9.54272
9.49329
9.45737
9.44585
9.59813
9.62102
9.79251
9.86085
9.78858
9.78624
9.97568
9.97624
9.88244
9.68365
10.05185
10.87685
11.16856
11.12133
11.13404
11.01719
11.40052
12.00524
11.98633
11.73187
11.41657
10.99362
11.00731
10.98923
10.81614
10.63517
10.34014
10.19052
10.29581
10.58764
10.53953
10.34017
10.18611
10.17533
10.22908
10.47699
11.08582
11.37660
11.20078
10.90487
10.58373
10.37627
10.15593
10.05879
10.25252
10.56131
10.61471
10.53637
10.41859
10.32508
10.29790
10.32365
10.48142
10.50361
10.36660
10.26780
10.16937
10.12780
10.19462
10.22870
10.24017
10.09732
10.53394
11.02980
11.00030
10.85140
10.66928
10.42715
10.16351
10.18378
10.29688
10.24350
10.08716
9.94972
9.82973
9.97540
10.17565
10.31688
10.26710
10.14771
9.91537
9.73261
9.75761
9.79574
9.82908
9.94445
10.00896
10.13770
10.47769
10.59775
10.43410
10.37959
10.76199
10.78999
10.54286
10.29420
10.26217
10.11284
9.92900
10.26013
10.53544
10.40226
10.15432
9.93498
9.78984
9.75550
9.68115
9.65619
9.73391
9.91279
10.01342
10.92428
11.43016
11.14703
11.07355
10.97021
10.57868
10.19662
9.90145
9.80485
9.75175
9.65468
9.67581
9.77014
9.77050
9.65093
9.68599
9.75397
9.94283
10.08996
10.10457
9.95016
9.82189
9.74174
9.62654
9.54398
9.48902
9.42818
9.32833
9.25894
9.61812
9.83187
9.82815
9.69235
9.52169
9.52206
9.48213
9.64158
9.92845
9.82332
9.76638
9.71947
9.79431
9.98354
10.02580
9.96997
9.81339
9.66758
9.62134
9.63533
9.58578
9.53189
9.48085
9.45075
9.75548
9.98696
9.86874
9.77663
9.59516
9.50048
9.39204
9.47177
9.67035
9.70883
9.65972
9.58847
9.47750
9.43872
9.54238
9.85198
9.91296
9.76744
9.84456
10.04274
9.96462
9.84012
9.79440
9.78387
9.61040
10.45632
11.15544
11.22768
11.01488
10.65010
10.16117
10.90314
11.76801
11.49170
11.34705
10.85247
11.15815
11.37380
11.11052
10.71677
10.31090
9.96815
9.84961
10.01903
10.09963
10.06443
9.99593
10.02124
10.14523
10.03428
10.05553
10.38790
10.47194
10.77770
10.99643
10.73941
10.39947
10.23562
10.27399
10.20585
10.18540
10.16989
10.36519
10.67635
10.62242
10.55056
10.31018
10.13274
10.01357
10.08221
10.12025
10.17678
10.00937
10.05997
10.17497
10.11488
9.96808
9.87896
9.87525
10.01515
10.01010
9.98855
9.84545
10.26106
10.72848
10.59971
10.35946
10.08098
9.94340
9.81290
9.72456
9.63739
9.58214
9.54028
9.48930
9.56343
9.96052
10.01741
9.90706
9.93295
9.91791
10.00686
10.28903
10.48425
10.75481
10.55306
10.60141
10.57476
10.52768
10.36931
10.10004
9.88742
9.70624
9.61080
9.53657
9.56654
9.69382
9.66351
9.58273
9.52068
9.44512
9.40781
9.33887
9.62438
10.26674
10.25794
10.15361
10.21807
10.13576
9.94474
9.90188
9.96637
9.89281
9.76144
9.67105
9.80114
9.89855
9.80480
9.70817
9.62407
9.59376
9.56130
9.54193
9.49231
9.49150
9.60556
9.73599
9.83374
9.89008
9.88175
9.78884
9.66923
9.77428
10.44382
10.57143
10.41725
10.09802
10.11673
10.46102
10.39488
10.16546
10.18398
10.44444
10.27288
10.12039
10.04510
9.95662
9.81491
9.77939
9.78281
9.71332
9.63773
9.57385
9.52456
9.50387
9.46966
9.44550
9.41313
9.40629
9.37115
9.35783
9.32754
9.35004
9.33991
9.38379
9.52022
9.70119
9.72509
9.82105
9.72598
9.73798
9.77254
9.76342
9.63938
9.55931
9.63056
9.88745
9.78217
9.84116
9.82730
9.93191
9.73723
9.79598
9.94385
10.92933
10.79277
10.72519
10.17778
10.51057
11.49848
12.42726
11.44461
