15.59286
14.67776
15.21024
14.56781
14.92651
14.46557
14.75630
14.40219
14.63217
14.32884
14.50811
14.28432
14.50493
14.29981
14.44844
14.21194
14.34617
14.07508
14.27798
12.61413
11.60841
12.23719
13.19489
12.30037
11.80867
13.83273
13.95673
13.88419
13.85874
13.82157
13.79158
13.75620
13.72637
13.69220
13.66512
13.64191
13.62418
13.59087
13.57385
13.53960
13.49628
13.46342
13.42112
13.38681
13.34801
13.32038
13.29151
13.26047
13.21828
13.19666
13.18078
13.12746
13.09003
13.07855
13.05389
13.02669
12.99766
12.96458
12.92918
12.89169
12.85149
12.82147
12.80563
12.75959
12.71674
12.69095
12.66700
12.64480
12.62059
12.56238
12.53815
12.49945
12.46676
12.42913
12.40583
12.36960
12.34135
12.30001
12.27575
12.23752
12.23278
12.18551
12.16093
12.16128
12.14109
12.10810
12.06744
12.04623
12.00180
11.96186
11.93302
11.90204
11.85861
11.83054
11.80564
11.77256
11.75679
11.72338
11.68149
11.64637
11.61336
11.57997
11.55717
11.52500
11.47768
11.44805
11.41934
11.39834
11.35923
11.33247
11.30270
11.28296
11.25399
11.24873
11.20508
11.18759
11.15601
11.14361
11.08864
11.10084
11.09508
11.08632
11.05802
11.01174
10.96896
10.95905
10.90912
10.90605
10.86677
10.85568
10.79433
10.82523
10.80379
10.89206
10.97212
11.25341
11.58025
11.96145
12.13971
12.60469
12.97770
13.35428
13.62721
14.02275
14.30541
14.68818
14.81883
15.01552
14.83761
15.37530
14.14605
13.93863
14.94374
14.57720
14.80936
14.68610
13.77808
14.31423
14.85587
14.80828
15.21591
15.36239
15.55769
15.34484
15.40266
15.22017
15.08251
15.13548
15.44910
15.29909
15.81341
16.05097
16.46695
16.10288
16.22845
15.71905
17.62974
18.51102
18.46302
18.70369
18.64743
18.62872
18.51457
18.43219
18.33900
18.25794
18.09422
18.03099
18.01223
17.92982
17.88937
17.82499
17.91521
17.73227
17.79839
17.65601
17.87668
17.67747
18.13221
16.80229
17.02900
18.56438
18.12548
19.00532
17.09672
17.13347
17.05339
17.39989
17.47601
17.53083
17.89483
17.80235
18.18093
18.53140
18.37711
18.47254
18.44122
18.75352
18.59521
18.73856
18.52488
18.70945
17.06721
17.27631
17.62828
18.15980
18.62699
19.07107
18.51746
18.73111
17.54013
16.51111
17.13233
16.74649
16.88436
16.89211
17.12572
17.23683
17.71076
18.02483
18.81028
19.00083
19.17565
18.95227
18.89463
18.57050
18.52679
18.62442
18.90847
19.05443
19.11072
18.94239
18.86936
18.97738
19.51758
19.70455
19.73815
19.57766
19.46832
19.74281
19.63187
19.43054
19.18916
19.39931
19.49881
19.46683
19.24475
18.86129
15.53917
16.41991
15.90351
16.53706
16.82452
20.27870
18.98873
19.34167
17.95278
18.83349
17.47555
19.62556
20.44156
20.16152
19.85499
20.12967
17.30382
19.82156
18.80485
17.78783
17.82168
19.63975
20.65198
20.83136
19.35522
18.18617
21.10867
21.07988
19.88971
20.38896
19.71940
17.61481
18.94844
19.54755
18.73916
17.42349
19.24873
20.23584
20.40664
20.37188
20.16617
20.05439
20.04655
20.63335
19.15175
18.36444
19.01297
19.60110
19.60985
19.70386
19.77287
20.01204
20.64196
20.40795
20.44405
20.36408
20.61383
20.90941
21.90816
22.14954
21.91675
21.72109
21.54620
21.28476
21.05192
20.91394
20.81389
20.72427
20.61977
20.57509
20.55195
20.46700
20.36952
20.95885
21.65608
21.74177
21.83753
22.24369
21.95255
21.96976
21.95336
21.87792
21.45450
21.60225
20.33747
18.30098
20.09448
19.28892
18.89616
19.13314
18.96956
20.35414
21.82355
21.28083
21.88260
22.06811
22.13300
22.05004
22.23327
21.93504
21.86342
21.63092
21.65203
21.33375
21.25042
21.44436
21.67935
21.41838
21.44011
21.17598
21.38653
21.10196
21.36034
21.13309
21.55754
19.91471
17.80521
18.18417
20.54942
21.02529
20.65884
20.51189
20.49976
20.19628
20.52730
19.36562
18.83623
19.47876
19.44092
20.26980
19.91100
19.76173
18.56470
18.68463
19.09737
19.99124
19.65409
18.49692
20.06959
21.31566
20.38509
19.23674
18.72799
20.25206
22.10127
21.66962
20.82615
19.07377
19.46130
19.89347
20.59874
21.88557
21.34128
20.52138
20.49403
20.26629
19.38173
20.49185
20.61931
20.36162
20.88927
20.69468
20.07793
21.17991
20.57682
20.38418
21.37056
21.43473
21.18993
21.22223
21.26738
21.81895
21.22734
21.72780
21.96432
21.62199
21.21509
21.86752
22.71837
22.30405
21.92174
21.61615
21.64952
21.59647
21.72599
21.56241
21.37069
21.22002
21.15369
21.11579
21.17476
20.92359
21.35113
21.04342
21.14622
21.22331
21.30545
21.50424
21.79806
21.85684
21.81261
21.68929
21.61076
21.76457
22.44239
22.87670
23.25885
22.64130
22.62561
21.73405
21.10461
21.08645
21.15384
21.39166
21.70616
21.63859
21.36118
20.82075
21.36379
21.25472
21.30307
21.38750
21.81823
22.15261
22.06167
21.92837
21.78473
21.57075
21.43135
21.15728
21.04512
20.58426
20.83449
21.19233
21.25700
21.02689
20.55404
22.28132
22.56084
22.84845
23.23213
23.16433
22.67430
22.21806
21.96799
21.77478
21.58992
20.75348
20.90402
21.19509
21.28746
21.25847
21.56711
22.19332
22.67433
23.07155
22.93444
22.67691
22.44284
22.35713
22.83149
23.20574
23.05398
22.88600
22.66454
22.45418
22.24861
22.18633
22.30932
22.32811
22.44927
22.66979
23.13843
23.75241
23.66132
23.43489
23.20937
22.93187
22.91137
22.72111
22.68365
22.73385
22.58056
22.46693
22.39290
22.72574
23.63474
24.06288
24.43058
24.51744
24.12699
23.69588
23.44332
23.32276
23.18364
22.98466
22.91058
22.93674
22.91861
22.78842
22.75562
22.66392
22.66387
22.61325
22.74828
22.64150
23.36527
24.12427
23.96555
23.68898
23.33709
23.13516
22.97675
22.92961
22.99992
22.96774
22.85899
22.72468
22.67647
22.55913
22.53455
22.50293
22.49041
22.41531
22.44618
22.28857
22.20420
22.13229
22.43143
22.51012
22.89743
22.66371
21.85811
22.21586
22.04906
21.70737
22.71764
22.78930
23.27486
24.25861
23.77095
24.25483
24.73353
24.67833
24.63087
23.81416
23.24896
23.83759
23.35453
23.59777
23.32388
22.81386
22.68439
22.23534
22.69805
23.77788
23.44920
23.56703
23.41156
23.43002
23.47651
23.97445
23.98477
23.90324
23.71671
23.67001
23.56773
23.52015
23.42089
23.39802
23.27895
23.35718
23.43258
23.40618
23.38515
23.40505
23.27497
23.25600
23.26468
23.26675
23.22664
23.46490
23.55871
23.42985
23.32834
23.88764
24.53262
24.75011
24.72569
25.33654
25.40077
25.39565
25.50546
25.19823
25.01642
24.78390
24.63376
24.48824
24.38172
24.22151
24.39564
24.77276
25.95218
26.40369
26.61888
27.19547
27.24587
27.30019
26.77706
26.30735
25.95805
25.73450
25.48116
25.50684
25.56679
25.49335
25.26958
25.26552
25.37753
25.22341
25.06985
24.90600
24.77769
24.53818
24.95917
25.31084
25.68559
26.99213
27.18419
26.70790
26.22625
25.87368
25.67219
25.48163
25.43587
25.35343
25.24499
25.12834
25.27325
25.44476
25.29472
25.14147
24.99180
24.91600
24.92748
25.00352
24.94859
24.88486
24.78971
24.78005
24.96305
25.19638
25.26915
25.09513
25.02390
25.14715
25.08985
24.88837
24.77158
24.72571
24.65374
24.73685
25.23864
25.51285
25.32904
26.24570
26.84473
26.52835
26.13094
25.98282
25.85402
25.63007
25.46555
25.38864
25.29662
25.14461
25.02597
24.87328
24.81460
24.86557
24.91137
24.80011
24.69692
24.57453
24.47759
24.36843
24.27113
24.18201
24.11524
24.01758
23.91000
23.83035
23.79108
23.76330
23.76141
23.82882
23.80706
24.01826
24.05985
23.92211
23.77662
23.66354
23.58715
23.52473
23.46001
23.37523
23.29688
23.23107
23.18090
23.12486
23.05869
23.00116
22.94616
22.89688
22.85473
22.79197
22.76217
22.74760
22.67101
22.61148
22.54645
22.49093
22.42805
22.37322
22.32956
22.25696
22.21844
22.18089
22.15533
22.08571
22.02291
21.97143
21.91967
21.87734
21.82066
21.76725
21.71069
21.64910
21.58707
21.55588
21.50260
21.46431
21.43627
21.38893
21.33958
21.28772
21.23701
21.17916
21.12477
21.08108
21.02631
21.00108
20.94215
20.85031
20.80464
20.75116
20.68673
20.63017
20.58710
20.53475
20.49316
20.45914
20.47850
20.44148
20.38322
20.32527
20.26926
20.21623
20.14937
20.08924
20.03634
19.98196
19.93973
19.87812
19.82702
19.76934
19.73935
19.71757
19.67433
19.64069
19.59108
19.55365
19.49905
19.45170
19.40578
19.37403
19.32840
19.27674
19.22386
19.17495
19.12387
19.07547
19.03327
18.98543
18.94017
18.88531
18.83860
18.78165
18.73950
18.68191
18.63393
18.58554
18.52779
18.47965
18.41943
18.37413
18.32651
18.33172
18.31719
18.28867
18.24604
18.16641
18.12177
18.07924
18.03455
17.99202
17.95425
17.90781
17.91625
17.99479
18.03085
18.07152
18.07276
18.01307
17.96654
17.92849
17.87189
17.89509
18.10538
18.26709
18.29656
18.27974
18.18007
18.30795
18.56452
18.77119
19.08880
19.05758
19.46581
20.17446
20.79321
21.32802
21.17678
20.86551
20.74438
21.02839
21.56467
22.07017
22.19047
22.13003
22.25694
22.17602
22.14889
22.16926
22.16625
22.21396
22.19846
22.37193
22.58437
22.36724
22.25657
22.26440
22.16038
22.04997
22.21337
22.30527
22.94725
22.91583
23.28220
24.17918
24.43633
24.10807
24.03776
23.96089
23.93874
23.51251
23.53236
23.22892
23.77978
24.81836
23.27439
22.04775
21.73629
21.98673
21.62423
21.92167
23.11015
23.78129
23.62651
23.31871
23.02557
22.77713
22.46974
22.45616
22.63603
22.57986
22.58212
22.37721
22.20601
22.18896
22.88440
22.79757
22.63933
22.07159
22.01926
21.78218
21.44918
21.29496
21.26712
20.69472
20.63474
20.31665
20.29593
19.85894
19.71018
19.34852
19.24426
19.07824
19.84760
19.78334
19.84822
19.97511
22.41306
21.50511
22.86313
14.98371
8.28092
9.44835
9.08799
8.97335
9.80397
4.20080
-1.34113
0.18361
-0.82345
-0.06479
-0.67324
-0.16447
-0.60291
-0.21679
-0.55016
-0.23770
-0.52617
-0.28815
-0.50265
-0.30974
-0.46924
-0.31936
-0.47117
-0.33606
-0.46418
-0.33520
-0.42695
-0.35532
-0.43907
-0.35954
-0.43423
-0.36955
-0.42096
-0.37190
-0.41406
-0.37413
-0.41262
-0.37717
-0.40658
-0.39202
-0.39782
-0.38894
