9.98145
9.64926
10.21032
9.94018
10.24650
9.92197
10.04995
9.83325
9.91932
9.71936
9.79226
9.61233
9.66813
9.52621
9.57683
9.47043
9.50270
9.38918
9.41280
9.34592
9.41606
9.36306
9.36494
9.29162
9.28805
9.21972
9.21309
9.14469
9.15208
9.14853
9.15203
9.09462
9.07668
9.03518
9.01804
8.99200
8.98294
8.95037
8.92772
8.88575
8.85824
8.81999
8.78763
8.75162
8.71835
8.69250
8.67479
8.64472
8.61642
8.58667
8.55555
8.52048
8.50070
8.50893
8.49225
8.45928
8.42611
8.40046
8.36865
8.33990
8.31255
8.28311
8.25490
8.22891
8.20401
8.17669
8.15125
8.12242
8.09830
8.07161
8.05130
8.03332
8.01231
7.99358
7.97075
7.94349
7.91890
7.90233
7.89069
7.87485
7.85545
7.83829
7.81430
7.79065
7.76708
7.75006
7.73160
7.71458
7.69201
7.67027
7.64572
7.62130
7.59953
7.58013
7.55656
7.53705
7.51373
7.49399
7.47303
7.45585
7.43540
7.41662
7.39461
7.38001
7.36043
7.34659
7.32276
7.30959
7.28569
7.27595
7.25129
7.23941
7.21209
7.20220
7.17549
7.17248
7.14059
7.14016
7.10414
7.11732
7.04206
7.06516
7.20593
7.38721
7.68403
8.01339
8.27574
8.44318
8.65684
8.87641
9.08668
9.27084
9.56930
9.92342
10.21272
10.48128
10.67518
10.84618
11.05637
11.16847
11.27424
11.30842
11.42351
11.42909
11.47719
11.52736
11.51382
11.54369
11.50003
11.54260
11.54820
11.49686
11.47766
11.57164
11.62657
11.44494
11.19521
11.19242
11.20619
11.22924
11.19528
11.27793
11.24367
11.26539
11.62648
11.88850
11.90586
11.99890
12.01248
11.90524
11.78262
11.66993
11.59063
11.51488
11.44103
11.44728
11.52089
11.57041
11.57122
11.54830
11.69899
12.07465
12.14479
12.12960
12.16144
12.33927
12.42521
12.36954
12.32405
12.18218
12.09884
12.13357
12.12207
12.00730
11.96778
11.88816
11.99746
12.20730
12.23503
12.47384
12.68497
12.58971
12.44805
12.32926
12.24077
12.16223
12.12133
12.07802
12.05769
12.31228
12.46643
12.39189
12.41754
12.53675
12.62734
12.55197
12.85404
12.95054
12.72888
12.61719
12.43354
12.45626
12.39013
12.37361
12.73407
13.07560
13.03055
13.02853
13.01101
12.96305
12.84900
12.81033
12.78909
12.72691
12.63064
12.56857
12.56440
12.63124
12.76588
13.07252
13.21182
13.10533
13.00760
13.12131
13.30432
13.29871
13.38329
13.35336
13.26940
13.14297
13.15410
13.10693
13.01738
12.89004
12.90193
12.85253
12.77761
12.69966
12.66666
12.59021
12.56090
12.47200
12.56292
12.37434
12.18479
12.39915
12.87221
12.87540
12.79747
12.66571
12.57591
12.49631
12.60987
12.70862
12.75671
12.74371
12.71330
12.80809
13.00042
12.82107
12.83012
12.82433
12.77463
12.72764
12.77509
13.14388
13.30217
13.20941
13.05996
12.96409
12.91606
12.80688
12.73478
12.69757
12.77911
12.95794
13.03430
13.05478
12.94235
12.86118
12.75329
12.69126
12.62147
12.57739
12.52934
12.49685
12.43987
12.39931
12.35315
12.34253
12.39350
12.41493
12.38164
12.34328
12.31151
12.26587
12.22286
12.17164
12.16878
12.23814
12.23205
12.17463
12.15770
12.18426
12.20163
12.10417
11.91266
11.90402
11.89468
11.93000
11.88882
11.91759
12.10481
12.17859
12.22602
12.32734
12.27631
12.21357
12.12856
12.07114
12.00043
11.96171
11.90269
11.87646
11.81499
11.79706
11.76290
11.81676
11.78102
11.95378
12.17865
12.52099
12.87682
12.84597
12.79243
12.65404
12.69202
12.77543
13.00464
13.24685
13.27592
13.16351
13.15494
13.17957
13.40826
13.36302
13.13735
13.23305
13.39982
13.17199
13.02287
12.85557
12.79660
12.55188
12.70374
12.81135
12.79723
12.53877
12.92284
13.02756
12.84972
12.59733
12.72153
12.77285
12.40305
12.38370
12.55228
12.45795
12.66210
13.05498
12.93385
12.95429
12.77387
12.82096
12.82835
12.93273
12.98396
13.11897
13.21505
13.12930
13.02443
12.82306
12.80966
13.00146
12.97267
13.10900
13.07143
12.87501
12.77085
12.72877
12.84776
12.90377
12.88550
13.06459
13.24163
12.96469
12.83939
12.83401
12.76864
12.69225
12.61188
12.57293
12.77589
12.76169
12.72047
12.82653
12.93635
12.92667
13.15671
13.16626
13.04939
13.35574
13.40218
13.35734
13.32891
13.25133
13.15251
13.09563
13.06618
12.85858
12.84790
13.16200
13.33370
13.26803
13.15093
12.87745
12.96315
13.44022
14.03135
14.21832
14.20191
13.99039
13.91501
13.79749
13.68054
13.68547
13.79783
13.72719
13.58895
13.49800
13.61664
13.65191
13.31661
13.60084
13.80625
13.61913
13.65673
13.67932
13.56497
13.33349
13.49602
13.58448
13.47748
13.37071
13.29627
13.22332
13.21018
13.14689
13.08082
13.01046
12.95075
12.91915
12.89934
12.84892
12.82009
12.78219
12.73362
12.67622
12.69193
12.72991
12.60137
12.85366
13.12795
13.24002
13.52293
13.60722
13.56034
13.49459
13.47652
13.69452
14.02670
14.19634
14.32261
14.20234
14.05400
13.93850
13.80534
13.70711
13.64104
13.54889
13.46991
13.38847
13.39169
13.51354
13.54236
13.49030
13.46179
13.56238
13.78437
13.86570
13.70864
13.51909
13.56451
13.48363
13.54788
13.63029
13.75648
13.77109
13.68481
13.62318
13.55108
13.51286
13.45463
13.39355
13.28482
13.26518
13.30089
13.23495
13.13341
13.09570
13.05962
13.06261
13.09854
13.11148
13.46560
13.87102
13.96057
13.97316
13.92805
13.89930
13.88666
13.71704
13.71778
13.80547
14.20111
14.23185
14.09393
13.93963
13.82409
13.72574
13.65507
13.56914
13.50940
13.43393
13.37492
13.37545
13.43294
13.43505
13.42233
13.39963
13.65376
13.91211
13.88038
13.74051
13.70348
13.64945
13.60988
13.45798
13.49301
13.50461
13.45894
13.44658
13.36516
13.12537
13.19465
13.29982
13.32144
13.47576
13.64749
13.85505
13.68203
13.64195
13.73201
14.18336
13.85345
13.80740
13.91265
14.10236
14.08092
14.08435
14.22975
14.18690
14.13671
14.04216
14.01739
13.91704
13.71168
13.73857
13.94303
14.04055
14.00608
13.92781
13.87449
13.76912
13.71001
13.82940
13.76269
13.93392
14.29982
14.30034
14.14938
14.32937
14.44449
14.52436
14.45886
14.33581
14.18240
14.10363
13.95604
14.04430
14.08074
14.13200
14.35492
14.60922
14.80086
14.71575
14.68443
14.70897
14.63816
14.48317
14.32662
14.38252
14.44051
14.43766
14.37412
14.31100
14.19587
14.10219
14.28622
14.27021
14.24047
14.19737
14.25054
14.11546
14.18986
14.34534
14.63622
15.11905
15.14064
15.14274
14.92945
15.16252
15.34674
15.13036
14.96835
14.80560
14.92992
15.10669
14.96579
14.84472
14.83734
14.74759
14.76349
14.68531
14.57626
14.56860
14.61473
14.78173
14.82357
14.71552
14.64635
14.79899
15.01373
14.99897
15.19271
15.07399
15.14093
15.09206
14.95128
14.72927
14.58484
14.70421
14.61953
14.69924
14.73683
14.76034
14.70142
14.70483
14.71354
14.52360
14.45252
14.36747
14.30620
14.34975
14.38238
14.38206
14.33058
14.39519
14.46363
14.48300
14.45180
14.52617
14.95124
14.58143
14.62355
15.05818
15.10004
15.25253
15.66694
15.86603
15.97532
15.95533
15.95692
15.96574
15.80277
15.61705
15.67684
15.69570
15.73236
15.99665
15.96114
15.83350
15.70808
15.67010
15.71369
15.67713
15.55459
15.48471
15.35867
15.25246
15.24789
15.75276
15.87918
16.11546
16.36695
16.18861
15.94626
15.72805
15.59208
15.47864
15.39805
15.34394
15.26096
15.29021
15.51919
15.53439
15.43678
15.33638
15.25258
15.18635
15.13058
15.07038
15.01859
14.96291
14.91188
14.86218
14.81672
14.76892
14.72721
14.68866
14.64807
14.59661
14.55310
14.50623
14.46395
14.42551
14.38407
14.34353
14.30948
14.26177
14.26803
14.26630
14.22362
14.17593
14.12742
14.07406
14.02338
13.99038
13.96058
13.91949
13.87510
13.82723
13.78453
13.73745
13.69174
13.64801
13.60626
13.56194
13.52267
13.47606
13.43679
13.39296
13.35404
13.31029
13.27305
13.22675
13.18872
13.14119
13.10683
13.06470
13.03965
12.98821
12.97365
12.87644
12.79214
12.79460
12.86731
13.08717
13.10980
13.05873
12.99954
12.96504
12.91918
12.87986
12.83224
12.79205
12.74087
12.70260
12.66236
12.65039
12.62787
12.59258
12.54803
12.51415
12.47109
12.44156
12.41834
12.40340
12.38677
12.48687
12.60514
12.58335
12.53262
12.47013
12.42295
12.38093
12.33971
12.29201
12.25887
12.23682
12.22835
12.20778
12.17642
12.12696
12.10379
12.06929
12.04466
12.00425
11.97150
11.92494
11.90030
11.85540
11.83408
11.79109
11.77608
11.73110
11.71539
11.65798
11.66949
11.64969
11.75239
11.82745
12.27448
12.79597
13.31447
13.84514
14.19103
14.42788
14.70761
14.97660
15.06050
14.91155
14.76182
14.58939
14.62240
14.36442
14.35672
14.21380
14.52507
14.69740
14.62741
14.36776
