31.33378
29.60108
30.93197
29.84705
30.84731
30.09286
30.71501
30.09266
30.57213
30.00085
30.37554
29.95434
30.35326
30.10915
30.41496
30.11976
30.33144
30.03610
30.18586
29.94110
30.05492
29.88101
29.99850
29.85172
29.96100
30.00113
30.26665
30.19202
30.27115
30.13724
30.18214
30.13080
30.16295
30.07325
30.05615
29.97389
29.98034
30.00874
30.07649
30.05015
30.05197
30.00119
30.00146
29.99095
29.98298
29.95349
29.95880
29.94110
29.94348
29.95405
29.92530
29.89960
29.87589
29.83767
29.81354
29.80998
29.86901
29.94637
30.00722
30.01797
30.04426
30.06110
30.05033
30.03495
29.99412
29.97894
30.02485
30.02871
30.01016
29.99485
29.98287
29.94820
29.93890
29.92062
30.11775
30.55695
30.77427
30.84128
30.79102
30.68219
30.56084
30.46968
30.38188
30.29272
30.20706
30.14790
30.08130
30.06967
30.03217
29.99578
29.97830
29.94298
29.90087
29.87472
29.86812
29.83961
29.81699
29.83613
29.95186
30.05108
30.06801
30.04200
29.99587
29.97660
29.98678
29.98014
29.95493
29.91044
29.87869
29.90455
29.93286
29.91177
29.90263
29.91230
29.90847
29.89988
29.90515
29.94169
30.06412
30.09914
30.13287
30.45945
30.98742
31.28003
31.36975
31.36180
31.38117
31.31050
31.30093
31.69443
32.07154
32.59092
32.98374
32.98836
32.98391
32.85658
33.02300
33.15002
33.11563
32.89630
32.74256
32.50192
32.28764
32.14248
32.20084
32.18577
32.48534
33.00898
33.32622
33.34809
33.54618
33.62386
33.48531
33.31205
32.94096
32.62027
32.33636
32.23261
32.18389
32.09015
32.08401
32.10080
32.03006
32.13565
31.99571
32.28379
32.42871
32.47162
32.47636
32.38058
32.34806
32.29385
32.22054
32.12499
32.05969
32.08129
32.11111
32.04386
32.05562
32.01877
32.10380
32.06149
32.08022
32.55670
33.27113
33.51940
33.87878
33.86562
33.66001
33.42036
33.13679
32.85933
32.68768
32.45826
32.48323
32.42986
32.23801
32.21384
32.24623
32.49102
32.55931
32.49062
32.43428
32.26822
32.43674
32.50515
32.38701
32.29155
32.27151
32.17881
32.01979
32.05261
31.99312
31.97115
31.92377
31.84812
31.77370
31.75368
31.75495
31.85089
31.85436
31.85496
31.89576
31.90619
32.11339
32.20570
32.19136
32.16039
32.14198
32.08095
32.07159
32.08292
32.24546
32.20124
32.27351
32.48695
32.79195
32.92597
32.90992
32.84283
32.75701
32.63362
32.53011
32.41520
32.33846
32.29881
32.35483
32.29664
32.31259
32.34428
32.37221
32.83043
33.16653
33.29053
33.19965
33.09835
33.01562
32.83863
32.86913
32.84488
32.78575
32.78275
32.75648
32.67312
32.77093
32.67725
32.59105
32.59043
32.87637
33.60721
34.41457
35.01922
35.30313
35.12439
35.00704
34.99966
34.84199
34.62609
34.40243
34.38168
34.54980
34.61732
34.50508
34.34775
34.17098
33.99160
33.81538
33.66425
33.50946
33.40428
33.19211
32.95743
33.05707
32.94417
32.89557
32.84366
32.85425
32.94706
32.99464
32.99364
32.97640
32.89435
32.72968
32.73081
32.73806
32.75511
32.75280
32.75150
32.73133
32.67375
32.60285
32.52162
32.46676
32.42897
32.44653
32.41873
32.64428
32.76395
32.84917
32.97857
32.93129
32.95679
32.90092
32.87258
33.04364
33.16745
33.37910
33.43665
33.34835
33.52313
33.50379
33.57881
33.69692
33.68625
33.54693
33.43382
33.19885
33.31884
33.41662
33.67470
34.09370
34.10326
34.22933
34.26732
34.37969
34.29516
34.25571
34.17241
34.05186
33.84119
33.58321
33.46564
33.42893
33.41095
33.41898
33.60560
33.76444
33.67875
33.69010
33.96998
34.15725
34.20951
34.05458
33.85099
33.92397
33.81747
33.74351
33.58532
33.53600
33.78011
34.14959
34.46078
34.48569
34.61559
34.61179
34.63651
34.52757
34.47051
34.44228
34.40976
34.56582
34.94773
35.28305
35.68910
35.96285
36.07506
35.89183
35.68389
35.01850
35.02619
35.18835
35.00171
35.25634
35.16321
35.31587
35.54186
35.41393
35.27080
35.31619
35.37553
35.28651
35.25667
35.28511
35.25127
35.21515
34.88142
34.72990
34.79967
34.99665
35.05314
35.10539
35.14181
35.06552
34.89446
34.74352
34.65736
34.63574
34.67473
34.68374
34.62464
34.55915
34.39559
34.03537
34.01328
34.23546
34.48483
34.31285
34.42294
34.48451
34.86819
35.60779
36.18797
36.40641
36.51598
36.43133
36.25977
35.97159
35.56647
35.45862
35.30435
35.23761
34.98839
34.79930
34.80874
34.67977
34.57634
34.35182
34.28546
34.19116
34.25204
34.22611
34.21131
33.99957
33.99275
33.71899
34.08031
34.67094
34.99251
35.35645
35.36014
35.50679
36.05781
36.15905
36.31436
36.19853
36.53968
36.31490
35.72441
36.06621
36.07993
35.98578
36.09197
35.92699
35.63483
35.77096
36.02056
36.08944
35.91574
35.92289
35.70407
35.46904
35.45995
35.39057
35.31742
35.10246
34.88757
35.09935
35.10143
36.00115
36.02410
36.07859
36.48059
37.54621
37.73085
37.64744
37.38674
37.32981
36.97043
36.77097
36.28229
37.07510
37.50776
38.41625
39.41789
39.70318
39.60008
39.87355
39.55113
39.50383
38.52657
37.92190
38.66452
38.96774
39.05502
38.86152
38.66368
38.37559
38.23565
38.03057
37.87845
37.72659
37.60305
37.45526
37.35078
37.23792
37.15450
37.06654
36.98300
36.85200
36.80963
36.80247
36.80261
36.76417
36.72052
36.65802
36.59831
36.52845
36.46472
36.40194
36.32865
36.29185
36.23339
36.19286
36.13710
36.49101
36.67046
37.15065
37.62669
37.62295
37.56582
37.52575
37.73980
38.48233
38.84776
38.71086
38.47623
37.81575
37.38300
37.79585
37.89710
38.08092
37.95598
37.98835
37.42607
37.23253
37.60336
37.48657
37.68694
37.82948
38.06615
37.95941
37.70258
37.88457
37.91946
37.71847
37.83055
37.86144
37.84607
37.77268
37.69752
37.62781
37.56725
37.48761
37.43948
37.37473
37.31083
37.23466
37.15823
37.08365
37.00981
36.93688
36.87004
36.81095
36.75491
36.71503
36.65645
36.60053
36.59802
36.80062
37.00663
37.07213
37.06374
37.00971
36.95042
36.88193
36.81456
36.74386
36.68366
36.62394
36.57537
36.53092
36.48699
36.45399
36.41009
36.36126
36.31649
36.28352
36.25079
36.22433
36.21689
36.19815
36.17935
36.15336
36.11776
36.09498
36.05981
36.01887
35.98797
35.94406
35.91430
35.88571
35.88400
35.87672
35.86401
35.84154
35.81908
35.77978
35.75570
35.71952
35.70194
35.67931
35.79070
36.26438
36.69306
36.85561
36.89509
36.83070
36.76140
36.99260
37.43745
37.72629
37.80303
37.73455
37.58971
37.41810
37.24884
37.04730
36.89886
36.78120
36.70732
36.60965
36.49158
36.40466
36.31181
36.24495
36.16855
36.10465
36.05294
35.99011
36.14092
36.34360
36.59803
36.83608
36.99964
37.15016
37.16604
37.27033
37.21807
37.21435
37.14425
36.83628
36.63718
36.47034
36.40703
36.44237
36.40244
36.38470
36.48384
36.64240
36.70337
36.84850
37.10857
37.15191
36.63166
36.74504
36.94029
36.81795
36.90054
36.69623
36.53630
36.45013
36.43620
36.65807
36.60425
36.58981
36.71441
36.62268
36.47436
36.36684
36.31218
36.22761
36.07879
35.95232
35.91376
36.12753
36.32827
36.62305
37.30702
37.92168
38.15557
38.48644
38.84465
39.01317
39.00659
38.88159
38.64948
38.38540
38.16389
37.91862
37.74151
37.54893
37.42807
37.37540
37.36115
37.25720
37.17976
37.17105
37.16827
37.12377
37.06802
37.02117
37.07900
37.14528
37.14628
37.10093
37.04589
37.04017
37.00806
36.97142
36.88946
36.79233
36.76459
36.89411
37.21736
37.37369
37.38347
37.30928
37.21106
37.10478
37.00213
36.90336
36.86137
36.92452
36.94145
36.89185
36.83614
36.77687
36.71534
36.65257
36.66016
36.75629
36.80851
36.78391
36.76140
36.73207
36.71059
36.72830
36.72471
36.68754
36.64366
36.67137
37.03615
37.50613
37.71574
37.84926
37.91633
37.86648
37.79058
37.64804
37.50943
37.58019
37.71832
37.72727
37.63313
37.48111
37.35509
37.23013
37.11247
37.01895
36.92671
36.84770
36.78561
36.75206
36.70411
36.66874
36.60781
36.54936
36.50402
36.45216
36.40960
36.35958
36.33960
36.28823
36.25122
36.21946
36.16419
36.13012
36.09397
36.05993
36.01917
35.98708
35.94893
35.91758
35.87493
35.85335
35.82275
35.81961
35.78952
35.75112
35.73174
35.70263
35.67865
35.64873
35.62610
35.59779
35.58126
35.55118
35.54266
35.52722
35.48640
35.47436
35.44222
35.42171
35.40275
35.39366
35.39957
35.39742
35.37987
35.35088
35.33756
35.31650
35.29851
35.27586
35.24962
35.22188
35.19345
35.16431
35.15937
35.16604
35.16571
35.15059
35.17228
35.24762
35.34192
35.38456
35.38777
35.38460
35.38599
35.37144
35.33877
35.33137
35.28456
35.25611
35.24759
35.18375
35.17899
35.11842
35.11876
35.06443
35.08742
35.01502
35.02987
34.94449
34.98816
34.92850
34.97318
34.89347
34.95198
34.86589
34.95766
34.83021
34.93917
34.78627
34.92251
34.77761
34.93595
34.73620
34.92505
34.70954
34.96803
34.70177
34.98733
34.64315
35.00398
34.56631
35.00301
34.51598
35.04760
34.38999
35.10808
34.23894
35.22925
34.01126
35.65617
