2.43558
2.29017
2.38984
2.28913
2.36098
2.30136
2.32488
2.29606
2.30643
2.26630
2.29341
2.26236
2.27485
2.27686
2.31683
2.27090
2.27741
2.24977
2.25433
2.23469
2.22005
2.22540
2.22323
2.18874
2.18780
2.17798
2.18455
2.16768
2.19752
2.16699
2.17926
2.16534
2.16357
2.14519
2.14145
2.12719
2.12709
2.11300
2.11373
2.11054
2.10441
2.09395
2.10354
2.07246
2.06389
2.06005
2.07101
2.07995
2.19539
2.33899
2.76866
3.18629
3.34128
3.47397
3.44897
3.39387
3.36442
3.34157
3.33439
3.41017
3.46055
3.44336
3.56805
3.57451
3.48657
3.46685
3.43809
3.44350
3.43792
3.44516
3.45185
3.44901
3.45381
3.41969
3.44108
3.44006
3.42095
3.43334
3.47896
3.48274
3.44515
3.42176
3.39584
3.39567
3.45561
3.46145
3.41749
3.39216
3.36545
3.34627
3.32484
3.31218
3.29586
3.29138
3.28328
3.27844
3.26953
3.25876
3.23914
3.23221
3.20171
3.25955
3.37897
3.70936
4.10736
4.14253
4.16917
4.22020
4.20617
4.16487
4.14890
4.13452
4.13566
4.12738
4.09788
4.08404
4.07787
4.09750
4.08953
4.09879
4.08757
4.05191
4.02063
3.95930
3.93659
3.90724
3.88430
3.86930
3.86130
3.83926
3.82610
3.81992
3.79571
3.77341
3.74825
3.71480
3.69940
3.68930
3.68502
3.68896
3.67327
3.64427
3.65541
3.65712
3.65076
3.75425
3.81267
3.83250
3.78033
3.73187
3.71543
3.68267
3.67012
3.65800
3.64010
3.84534
4.04054
4.09678
4.05642
4.05352
4.03136
4.01151
4.11953
4.15949
4.13545
4.06644
4.02823
4.01580
4.09577
4.01638
4.14130
4.76843
5.66211
6.90122
9.04832
10.72668
11.74040
12.35163
12.85126
13.08082
12.88817
12.79973
12.86559
13.08819
13.27150
12.60260
12.28747
12.69665
13.05786
12.56705
12.45766
12.43545
12.23038
12.04172
11.62566
12.04607
12.51102
12.08354
11.79429
11.74254
11.36853
11.18003
11.20297
11.50496
11.07523
10.69523
10.42359
10.81558
10.71556
10.28027
10.30877
10.39041
10.13298
10.09922
9.95887
9.74861
9.75645
9.73443
9.59753
9.38039
9.31728
9.47617
9.66958
9.54005
9.28888
9.60217
9.68987
8.93182
8.69526
9.26191
9.46757
9.43573
9.71631
9.87988
9.59203
9.23743
8.92838
9.19499
8.99018
9.15234
9.37880
9.16072
8.84854
8.68898
8.61631
8.50853
8.56155
8.81822
8.59646
8.38661
8.37259
8.38446
8.31265
8.17184
8.10219
8.10224
8.03930
8.06958
7.87021
8.05924
8.28104
8.03012
8.14796
7.87641
7.91929
7.99916
7.65896
7.70628
7.57662
7.50465
7.46204
7.33316
7.80876
8.18384
8.05921
8.16397
8.18546
8.46607
8.60733
8.47498
8.43404
8.33646
8.15335
8.19632
8.43859
8.23486
8.48615
9.54370
9.81711
9.71123
9.51491
9.47579
9.21329
9.00197
9.00895
8.92521
8.73537
8.38989
8.36465
8.40595
8.58227
8.49665
8.35716
8.27056
8.34323
8.55283
8.38416
8.72836
8.62552
8.52470
8.56131
8.90592
8.68758
8.63593
8.45861
8.57252
8.71506
8.64832
8.56283
8.69101
8.93761
9.02613
9.11403
8.94385
8.95882
8.87347
8.74470
8.55984
8.72083
8.93763
9.04236
9.52150
9.39823
9.17236
8.92366
8.86987
8.96744
8.98066
9.11849
9.03076
8.78167
8.98777
9.33668
9.34340
9.39288
9.44547
9.27365
9.01535
8.84089
8.70372
8.67081
8.54468
8.73110
9.43510
9.64711
10.07795
9.81204
9.71909
9.51028
9.38940
9.71333
10.10968
10.50946
10.45799
10.37375
10.41440
10.17044
10.16656
9.91022
9.54317
9.72502
9.75443
9.39999
9.30645
9.18999
8.98275
9.04229
9.16317
9.38493
9.34531
9.12441
9.47448
9.68274
9.88548
9.61846
9.47950
9.27694
9.37648
8.94841
8.90450
9.11307
8.78927
8.82184
8.88586
9.35640
9.84406
10.01728
9.71961
9.82120
9.08531
9.27442
9.32739
8.97886
9.22371
9.65481
10.32327
10.19414
10.52012
10.17066
9.83030
10.10415
9.89422
9.89923
9.75662
9.72481
9.49879
9.58653
9.25432
9.35538
9.28252
9.11176
9.19436
9.23054
9.05900
9.06910
9.15790
9.21932
9.09539
9.03314
8.91054
8.85641
8.76242
8.74766
8.67110
8.68406
8.70878
9.19711
9.87690
10.07575
9.84487
9.71863
9.96253
9.93685
9.96946
10.85384
11.52321
11.95405
12.69899
13.61672
13.66085
13.10644
13.12982
13.07441
12.73437
12.33848
12.16802
12.55446
12.69284
12.39332
11.88298
11.62471
11.68435
11.54362
11.46286
11.53094
11.41248
11.33913
11.54134
11.43275
11.33804
11.25567
11.00668
10.83696
10.69569
10.64186
10.54953
10.45547
10.34029
10.73429
10.83174
10.55020
10.47054
10.67540
10.24104
9.97359
9.77072
9.92948
9.90473
10.47114
10.40869
10.38778
10.31236
10.29966
10.19928
10.19884
10.37893
10.17825
9.99192
9.83527
9.62066
9.64048
9.38120
9.53160
9.45796
9.40939
9.64228
9.68674
9.86431
10.47958
10.34356
9.91221
9.95034
9.68004
9.52905
9.58743
10.00197
10.53031
11.21385
10.14589
10.19498
10.78300
10.69705
10.65731
11.47132
12.11696
12.05880
11.53401
11.62221
11.36369
11.03596
11.18626
12.52322
12.43970
12.19918
11.99986
11.56785
11.24577
11.42921
11.41189
11.47183
11.07617
11.00051
11.46669
11.84177
11.40529
11.73171
12.31227
12.05969
12.32615
12.70398
12.11121
11.86669
11.71514
11.75273
12.12888
11.92228
12.25431
12.55033
12.01585
11.72575
11.46464
11.81873
12.12884
11.76078
11.46272
11.29033
11.16378
11.06261
10.97622
10.89654
10.82141
10.74040
10.70950
10.61861
10.24386
10.32750
10.50438
10.34908
10.25239
10.22977
10.18225
10.23452
10.16886
11.12025
11.70944
11.15139
11.43912
11.70583
11.40063
11.10079
10.97333
10.82774
10.92969
10.99873
10.81712
10.66665
10.78210
11.32189
12.01158
11.73944
11.42815
12.34207
12.50616
11.87995
12.01245
12.76920
12.48236
12.03768
11.72766
11.79347
12.13428
12.36985
12.05581
11.66421
11.46596
11.33004
11.22714
11.13286
11.05333
10.97930
10.91214
10.84006
10.82420
10.78295
10.73233
10.65798
10.59536
10.51525
10.46140
10.40968
10.34949
10.28960
10.25064
10.19594
10.15667
10.10571
10.06348
10.06314
10.59287
10.73327
10.74953
10.80037
10.61156
10.45570
10.36486
10.40787
10.28788
10.24560
10.74161
11.29645
11.37529
11.25979
11.05162
10.81981
10.68092
10.56984
10.56184
10.56494
10.45859
10.37747
10.30629
10.24877
10.19305
10.13932
10.20743
10.22012
10.17874
10.10578
10.01130
9.93609
9.88483
9.88017
9.83634
9.95859
10.41199
10.44635
10.17334
9.99648
9.89400
9.82020
9.74874
9.70097
9.64169
9.61151
9.57623
9.52136
9.46897
9.41732
9.39571
9.37731
9.31787
9.28513
9.26213
9.34658
9.32981
9.26650
9.29273
9.26584
9.22884
9.15886
9.09841
9.04942
9.02638
8.97787
8.95475
8.90651
8.86132
8.80208
8.75938
8.71487
8.67232
8.64957
8.60157
8.53650
8.52292
8.46270
8.44946
8.42888
8.35509
8.30421
8.33081
8.43831
8.37265
8.30055
8.26521
8.27504
8.21659
8.18448
8.15735
8.10495
8.06464
8.00874
7.97994
7.94474
7.90420
7.86762
7.83613
7.85020
7.80597
7.76082
7.71690
7.67607
7.64949
7.61627
7.57366
7.53796
7.51515
7.47690
7.44406
7.40500
7.44636
7.54149
7.90221
8.63199
8.65173
8.51929
8.34950
8.58845
8.77472
8.62612
8.49909
8.43229
8.36201
8.31084
8.25024
8.41377
8.69737
8.59819
8.50322
8.43475
8.34049
8.41502
8.61554
8.67353
8.51502
8.55549
8.69894
9.54526
10.94271
12.64586
14.49634
16.05668
15.80517
15.04594
14.68968
14.37347
14.11582
14.36897
14.57025
14.10775
13.83430
13.56592
13.42789
13.25334
13.21778
13.11704
13.48941
13.39729
12.98961
12.75145
12.58372
12.45664
12.34895
12.24566
12.17225
12.06534
11.97440
11.88564
11.77387
11.69169
11.59434
11.51211
11.42233
11.36993
11.30009
11.27444
11.26646
11.15709
11.06706
11.00354
10.92809
10.85111
10.78224
10.70281
10.63790
10.55611
10.52171
10.50087
10.44195
10.32835
10.64381
11.41991
11.76549
11.49231
11.13949
10.95915
11.06552
11.10240
10.88821
10.75003
10.62899
10.56534
10.49046
10.49969
10.44080
10.34469
10.29135
10.25612
10.16699
10.07791
9.99691
9.92877
9.86586
9.80667
9.73522
9.68891
9.61245
9.54402
9.48526
9.41992
9.37269
9.36791
9.31559
9.26254
9.24848
9.19506
9.12711
9.06206
9.01128
8.97440
8.93506
8.88506
8.89551
8.82845
8.76236
8.68100
8.80571
8.92634
8.80383
8.70756
8.62617
8.57103
8.50417
8.45688
8.39496
8.35037
8.30680
8.31182
8.34239
8.53711
8.81699
8.88265
8.79017
8.74339
8.88608
8.80163
8.75355
8.68330
8.59809
8.53973
8.47983
8.42998
8.40442
8.37863
8.33305
8.27285
8.23964
8.19897
8.19701
8.15153
8.11448
8.06642
8.03823
7.99729
7.97229
7.92151
7.90500
7.85568
7.83622
7.78206
7.76999
7.72816
7.70305
7.64443
7.64875
7.57182
7.56517
7.48849
7.49855
7.42543
