49.05484
46.06880
48.69270
47.35135
48.65898
47.39380
48.20985
47.09760
47.77530
47.00500
47.67684
47.87431
48.61215
47.82449
48.25651
47.84706
48.10337
47.54045
48.03092
48.28041
48.42151
48.26511
48.36487
47.93485
47.93581
47.84014
47.91138
48.13080
48.61462
48.24672
48.27910
48.79480
49.05779
48.76146
48.58014
48.35533
48.38552
48.27511
48.17694
48.01206
47.92141
47.81602
47.71004
47.76925
48.03910
47.96124
47.80249
47.66374
47.54916
47.82990
48.58116
48.70289
48.48917
48.24514
48.09356
47.94346
47.86147
47.77017
47.67271
47.71234
47.72157
47.61084
47.48187
47.50468
47.88582
47.85081
47.71447
47.53699
47.41486
47.27318
47.45698
47.62153
47.62135
47.96907
48.43125
48.90513
48.93927
48.86662
48.55902
48.34025
48.17799
48.06135
47.92368
47.92667
48.11845
48.14679
48.03674
47.91251
47.78737
47.67001
47.56205
47.45996
47.35111
47.25718
47.14654
47.06604
47.01112
46.93569
46.82321
46.74721
46.65905
46.80176
47.10950
47.91022
48.14164
47.83694
47.65795
47.48976
47.36420
47.23928
47.21232
47.32296
47.30263
47.23956
47.13826
47.04527
46.94462
46.85833
46.74251
46.75307
47.21932
47.37517
47.20596
47.13938
47.36214
47.40395
47.23485
47.31612
47.71532
47.70609
47.54247
47.32195
47.15642
47.09739
47.11819
47.08641
47.09056
47.31318
47.59929
48.34583
48.49291
48.75725
49.24330
49.07150
49.10389
49.07171
48.91200
48.81023
48.79573
49.12156
49.16828
49.02005
48.94149
48.88598
48.86021
49.26503
49.44730
49.25066
49.30087
49.16662
49.07509
49.18655
49.13088
49.10565
48.95573
48.90364
48.97646
48.93564
48.89936
48.88526
48.83638
48.80985
48.79155
48.65820
48.83418
49.06126
49.51927
49.60064
49.33323
49.33355
49.19023
49.60514
50.04585
49.97006
50.01541
49.98375
50.00700
49.98930
50.00356
49.99209
50.00087
49.99448
49.99312
49.99309
49.99893
49.99604
49.99694
49.99818
49.99189
49.98527
49.96190
49.89288
49.69793
49.72646
49.83433
49.74141
49.71119
49.65581
49.49386
49.56447
49.85015
49.83095
49.91675
50.00402
49.99453
49.99517
49.95880
49.81245
49.71860
49.69676
49.57827
49.52259
49.50181
49.44171
49.37576
49.27582
49.19517
49.10329
49.00767
48.90824
48.82248
48.75897
48.67929
48.61957
48.52489
48.42968
48.38562
48.30925
48.20613
48.61804
49.23004
49.90364
50.01567
49.98530
50.00634
49.97464
49.90534
49.98579
50.00131
49.99388
49.99928
49.99512
49.99786
49.99028
49.99914
49.99514
49.99847
49.99555
49.99818
49.99581
49.99794
49.99596
49.99779
49.99607
49.99767
49.99619
49.99757
49.99628
49.99752
49.99635
49.99748
49.99640
49.99745
49.99645
49.99322
49.98149
49.95445
49.87367
49.72958
49.76709
49.81472
49.71366
49.88837
50.01810
49.96607
49.98549
49.99046
50.00434
49.98418
49.95157
49.82763
49.76835
49.68306
49.75255
49.94206
49.99174
49.98415
49.94069
49.90046
49.84859
49.67825
49.75415
49.79452
49.85697
49.87729
49.95068
50.00971
49.98899
50.00273
49.99225
50.00077
49.99359
49.99978
49.99436
49.99916
49.99487
49.99873
49.99524
49.99841
49.99553
49.99815
49.99576
49.99794
49.99594
49.99777
49.99610
49.99763
49.99624
49.99753
49.99637
49.99741
49.99646
49.99733
49.99651
49.99725
49.99659
49.99718
49.99665
49.99712
49.99671
49.99708
49.99677
49.99705
49.99682
49.99699
49.99682
49.99697
49.99685
49.99696
49.99687
49.99696
49.99689
49.99693
49.99690
49.99692
49.99690
49.99691
49.99690
49.99690
49.99689
49.99691
49.99689
49.99691
49.99689
49.99691
49.99689
49.99692
49.99688
49.99693
49.99688
49.99694
49.99685
49.99695
49.99684
49.99697
49.99682
49.99700
49.99679
49.99703
49.99676
49.99706
49.99672
49.99710
49.99667
49.99716
49.99662
49.99722
49.99656
49.99729
49.99648
49.99739
49.99639
49.99751
49.99628
49.99765
49.99613
49.99776
49.99595
49.99797
49.99570
49.99828
49.99529
49.99886
49.99437
49.99965
49.96246
49.93054
49.97500
49.99731
49.99565
49.99841
49.99508
49.99914
49.99405
50.00093
49.98404
49.97505
49.95954
49.94211
49.85866
49.94798
50.00301
49.98310
49.98718
49.98383
49.95879
49.95529
50.00787
49.98952
50.00279
49.99183
50.00145
49.99271
50.00082
49.99326
49.99970
49.97534
49.94488
49.91365
49.88617
49.82370
49.77324
49.68325
49.60151
49.53915
49.83264
50.02106
49.98614
50.00209
49.99532
49.99495
50.00326
49.93918
49.94024
50.00900
49.98839
50.00346
49.99156
50.00141
49.99300
50.00032
49.99387
49.99961
49.99446
49.99911
49.99489
49.99874
49.99523
49.99844
49.99550
49.99820
49.99571
49.99799
49.99591
49.99782
49.99609
49.99769
49.99624
49.99756
49.99637
49.99745
49.99649
49.99736
49.99659
49.99728
49.99668
49.99722
49.99677
49.99716
49.99684
49.99712
49.99691
49.99709
49.99699
49.99706
49.99704
49.99697
49.99708
49.99693
49.99711
49.99690
49.99716
49.99687
49.99723
49.99680
49.99721
49.99675
49.99727
49.99666
49.99731
49.99656
49.99738
49.99644
49.99747
49.99627
49.99762
49.99608
49.99786
49.99577
49.99827
49.99511
49.99640
49.95700
49.91375
49.87577
49.81300
49.70850
49.59540
49.55425
49.53516
49.49074
49.39797
49.33512
49.25425
49.19269
49.13638
49.04506
49.00488
48.96568
48.90725
48.85433
48.78965
48.70794
48.64914
48.57992
48.53321
48.45071
48.44121
48.48112
48.45845
48.36897
48.34193
48.32284
48.22081
48.51099
48.78477
48.69748
48.76715
48.99145
49.19824
49.33016
49.39674
49.56545
49.74908
50.01511
49.98497
50.00564
49.98999
50.00260
49.99208
50.00104
49.99337
49.99989
49.99471
49.99707
49.97352
50.00045
49.99390
49.99954
49.98833
49.99847
49.99568
49.97790
49.91879
49.81147
49.71641
49.65650
49.57373
49.48012
49.49918
49.58357
49.57110
49.54094
49.42453
49.46736
49.74520
49.80543
49.96987
49.97473
49.90666
49.86097
49.79675
49.83262
49.92843
49.99598
49.99881
49.99484
49.99935
49.99445
49.99966
49.99405
50.00007
49.99353
50.00067
49.99272
50.00162
49.99147
50.00333
49.98792
49.98025
49.85137
49.84033
49.73116
49.73731
49.99695
49.96205
49.85166
49.81295
49.78755
49.69890
49.75949
49.64299
49.63848
49.97847
49.99737
49.99714
49.99696
49.99562
49.98991
49.99946
49.99026
49.98874
49.99067
49.98781
49.99966
49.99513
49.99829
49.99578
49.99785
49.99609
49.99762
49.99629
49.99746
49.99642
49.99733
49.99652
49.99723
49.99661
49.99715
49.99669
49.99708
49.99675
49.99702
49.99681
49.99696
49.99686
49.99691
49.99691
49.99687
49.99695
49.99684
49.99701
49.99680
49.99707
49.99673
49.99709
49.99670
49.99715
49.99666
49.99721
49.99661
49.99727
49.99656
49.99731
49.99644
49.99742
49.99631
49.99758
49.99611
49.99784
49.99573
49.99855
49.99037
49.95907
49.91264
49.91815
50.00153
49.99403
49.99888
49.99541
49.99809
49.99592
49.99773
49.99618
49.99753
49.99635
49.99739
49.99646
49.99730
49.99654
49.99723
49.99660
49.99717
49.99665
49.99713
49.99669
49.99709
49.99673
49.99706
49.99675
49.99703
49.99678
49.99701
49.99680
49.99699
49.99682
49.99698
49.99683
49.99696
49.99684
49.99695
49.99686
49.99694
49.99686
49.99693
49.99687
49.99692
49.99688
49.99692
49.99688
49.99691
49.99689
49.99691
49.99690
49.99691
49.99690
49.99690
49.99690
49.99690
49.99690
49.99690
49.99690
49.99690
49.99690
49.99690
49.99690
49.99690
49.99690
49.99690
49.99690
49.99690
49.99690
49.99690
49.99690
49.99690
49.99690
49.99690
49.99690
49.99690
49.99690
49.99691
49.99691
49.99691
49.99691
49.99691
49.99692
49.99692
49.99694
49.99693
49.99695
49.99694
49.99696
49.99695
49.99699
49.99694
49.99700
49.99693
49.99702
49.99693
49.99704
49.99693
49.99707
49.99692
49.99706
49.99690
49.99708
49.99690
49.99711
49.99690
49.99714
49.99690
49.99716
49.99688
49.99719
49.99687
49.99723
49.99685
49.99726
49.99682
49.99731
49.99679
49.99736
49.99674
49.99744
49.99667
49.99755
49.99657
49.99767
49.99663
49.99086
49.92148
49.88330
49.88296
49.85197
49.79707
49.72538
49.64894
49.58236
49.49554
49.41303
49.34154
49.28854
49.14850
49.04677
49.12547
49.12856
49.10329
49.02251
48.95624
48.83143
48.77119
48.68393
48.72486
48.88076
48.88783
48.83561
48.73377
48.64218
48.54649
48.41067
48.29451
48.27952
48.25381
48.21254
48.12149
48.08167
48.04872
48.00162
47.95271
47.89382
47.83009
47.77028
47.70336
47.63666
47.55996
47.44645
47.40541
47.41385
47.36393
47.31930
47.23972
47.20296
47.05301
47.01442
47.04974
47.12594
47.73553
48.07511
47.99605
47.94234
47.89335
47.87324
47.80768
47.72082
47.59298
47.71259
47.66507
47.69656
47.56099
47.57956
47.40067
47.41577
47.31664
47.31995
47.21341
47.45839
47.30120
47.40011
47.13180
47.24891
47.04105
47.17401
46.84295
47.29742
47.01115
47.31614
46.86096
47.23474
46.68782
47.24941
46.56103
47.21025
46.17716
