0.30188
0.30286
0.30653
0.27405
0.29066
0.27777
0.29189
0.28931
0.31786
0.32370
0.33037
0.31484
0.31285
0.31099
0.31110
0.30734
0.31042
0.30648
0.30960
0.30744
0.30714
0.30563
0.31023
0.30801
0.31038
0.30949
0.31193
0.31179
0.31348
0.31282
0.31414
0.31370
0.31609
0.31400
0.31455
0.31516
0.31546
0.31639
0.31708
0.31762
0.31866
0.32042
0.31998
0.31813
0.31833
0.31918
0.31939
0.31948
0.32002
0.31831
0.31828
0.31947
0.31991
0.31850
0.32020
0.31813
0.32004
0.32071
0.32038
0.31961
0.31810
0.31956
0.31886
0.31935
0.32091
0.32096
0.31970
0.32071
0.32121
0.31990
0.32129
0.32224
0.32291
0.32260
0.32297
0.32447
0.32386
0.32368
0.32517
0.32477
0.32373
0.32437
0.32446
0.32520
0.32285
0.31156
0.31113
0.31259
0.31082
0.30451
0.30052
0.30855
0.30891
0.30727
0.31106
0.31353
0.31231
0.31424
0.30912
0.30762
0.30523
0.30877
0.30600
0.30731
0.30617
0.31177
0.30892
0.31647
0.32223
0.33401
0.33037
0.33378
0.32613
0.33416
0.32756
0.33453
0.32760
0.33796
0.32888
0.33657
0.32505
0.33756
0.32430
0.34057
0.32301
0.34164
0.32129
0.34894
0.31689
0.35813
0.30720
0.39417
0.24110
0.46179
0.35097
0.31071
0.38933
0.33746
0.37744
0.34558
0.37541
0.36167
0.38012
0.36446
0.38048
0.37542
0.38917
0.37044
0.37523
0.36864
0.37618
0.37246
0.38015
0.37262
0.37608
0.37132
0.37950
0.37551
0.38350
0.37556
0.37838
0.37554
0.37654
0.37471
0.37643
0.37632
0.37623
0.37482
0.37767
0.37909
0.37370
0.37834
0.38272
0.37591
0.37989
0.38168
0.37802
0.36682
0.39824
0.37858
0.36610
0.38736
0.37655
0.38243
0.37925
0.38276
0.38279
0.38611
0.38444
0.38394
0.38159
0.38639
0.37935
0.39189
0.40169
0.37089
0.38250
0.39477
0.37721
0.38395
0.38607
0.38469
0.38842
0.38763
0.38977
0.38835
0.38944
0.38883
0.38832
0.38964
0.39078
0.38954
0.39230
0.39203
0.39659
0.39587
0.39650
0.39527
0.39548
0.39408
0.39843
0.39331
0.39921
0.39041
0.39576
0.38876
0.39614
0.39462
0.39670
0.38954
0.39846
0.38783
0.40319
0.39284
0.41284
0.38694
0.44676
0.42309
0.36072
0.40234
0.39613
0.41118
0.39736
0.40674
0.40056
0.40667
0.40221
0.41203
0.41127
0.41202
0.40813
0.41090
0.41190
0.41614
0.40515
0.41344
0.40892
0.40964
0.40779
0.40991
0.40806
0.40961
0.40714
0.40959
0.40774
0.40798
0.40624
0.40941
0.40907
0.40938
0.40966
0.41079
0.41101
0.41391
0.41227
0.41719
0.41206
0.41311
0.41408
0.41346
0.41323
0.41369
0.41651
0.42069
0.41815
0.42127
0.41685
0.41246
0.41374
0.41919
0.43232
0.43625
0.43637
0.43610
0.43538
0.43212
0.43276
0.43159
0.43399
0.43300
0.43387
0.43370
0.43285
0.43396
0.44053
0.43929
0.44346
0.44106
0.44082
0.42149
0.42686
0.45350
0.44250
0.44992
0.44240
0.44316
0.44374
0.44451
0.44793
0.45337
0.44937
0.45139
0.44885
0.45193
0.44556
0.44509
0.44380
0.43832
0.42564
0.42400
0.42955
0.42821
0.43217
0.44042
0.43112
0.42395
0.42812
0.42456
0.42739
0.42777
0.43263
0.42990
0.42687
0.42167
0.42092
0.42365
0.42199
0.42206
0.42197
0.42684
0.43464
0.42703
0.43007
0.42836
0.42557
0.42854
0.43182
0.43168
0.43505
0.43071
0.43471
0.43131
0.43441
0.43826
0.43856
0.43758
0.42985
0.43679
0.44093
0.43810
0.43783
0.43709
0.43097
0.43464
0.43644
0.43017
0.42885
0.44104
0.43422
0.44682
0.43736
0.42261
0.44250
0.44048
0.43750
0.43276
0.43523
0.43636
0.43764
0.43333
0.43944
0.43692
0.43550
0.43481
0.44053
0.44911
0.44184
0.44642
0.44715
0.44795
0.44531
0.44463
0.44500
0.44440
0.44219
0.44377
0.44794
0.44636
0.44688
0.44445
0.44704
0.44684
0.44739
0.44907
0.44729
0.44775
0.44817
0.44807
0.44381
0.44877
0.44137
0.44445
0.45046
0.44870
0.44998
0.44759
0.44963
0.45439
0.44951
0.45099
0.45485
0.45686
0.45938
0.45687
0.46174
0.45941
0.45875
0.45804
0.45882
0.45996
0.46185
0.46359
0.46398
0.46215
0.46496
0.46884
0.46320
0.46212
0.45374
0.45421
0.45296
0.45400
0.45705
0.45973
0.46484
0.46691
0.47193
0.47234
0.47217
0.47180
0.47103
0.47386
0.47651
0.47692
0.47471
0.47108
0.47222
0.47338
0.47267
0.47205
0.47265
0.47254
0.47070
0.47104
0.47125
0.47239
0.47244
0.47528
0.47480
0.47704
0.47826
0.47719
0.47819
0.47883
0.47899
0.47865
0.47863
0.47841
0.47729
0.47525
0.47370
0.47437
0.47418
0.47453
0.47464
0.47532
0.47525
0.47480
0.47605
0.47566
0.47813
0.47880
0.47900
0.47940
0.48257
0.48527
0.48604
0.48572
0.48610
0.48722
0.48727
0.48835
0.48682
0.48719
0.48607
0.48688
0.48683
0.48813
0.48930
0.49207
0.48913
0.49003
0.49247
0.49232
0.49195
0.49347
0.49430
0.49364
0.49373
0.49439
0.49464
0.49515
0.49560
0.49551
0.49473
0.49456
0.49551
0.49688
0.48969
0.47937
0.48762
0.48513
0.47391
0.49036
0.49035
0.49134
0.49043
0.48942
0.49084
0.49398
0.49261
0.49396
0.49742
0.49477
0.49846
0.49904
0.50035
0.50047
0.49966
0.50049
0.50105
0.50075
0.50059
0.50157
0.50152
0.50197
0.50242
0.50181
0.50455
0.50584
0.50729
0.50583
0.50461
0.50403
0.50513
0.50597
0.50622
0.50665
0.50478
0.50520
0.50539
0.50643
0.50728
0.50872
0.50981
0.50906
0.51056
0.51165
0.51386
0.51243
0.51259
0.51259
0.51279
0.51180
0.51164
0.50827
0.51175
0.51225
0.51149
0.51177
0.51189
0.51099
0.51068
0.51135
0.51191
0.50983
0.51041
0.51169
0.51089
0.51230
0.51346
0.51231
0.51271
0.51412
0.51439
0.51442
0.51395
0.51291
0.51099
0.51098
0.51139
0.51172
0.51084
0.51083
0.51105
0.51112
0.51228
0.51391
0.51471
0.51668
0.51693
0.51787
0.51482
0.51526
0.51367
0.51129
0.51176
0.51220
0.51283
0.51209
0.51162
0.51099
0.51183
0.51438
0.51440
0.51429
0.51730
0.51685
0.51656
0.51592
0.51554
0.51440
0.51542
0.51582
0.51520
0.51412
0.51265
0.51307
0.51336
0.51143
0.51135
0.51277
0.51206
0.51108
0.51236
0.51333
0.51441
0.51457
0.51534
0.51678
0.51723
0.51780
0.51855
0.51746
0.51767
0.51848
0.51838
0.51762
0.51689
0.51743
0.51502
0.51693
0.51755
0.51661
0.51641
0.51663
0.51619
0.51676
0.51612
0.51500
0.51633
0.51630
0.51572
0.51670
0.51672
0.51702
0.51768
0.51797
0.51686
0.51563
0.51543
0.51698
0.51569
0.51440
0.51218
0.51159
0.51229
0.51250
0.51276
0.51266
0.51340
0.51399
0.51487
0.51531
0.51694
0.51789
0.51778
0.51715
0.51914
0.51755
0.51699
0.51192
0.50916
0.51175
0.51034
0.50930
0.50915
0.50426
0.50365
0.50704
0.50704
0.50641
0.50940
0.51404
0.52629
0.53567
0.53769
0.53926
0.53404
0.52814
0.51103
0.50556
0.50553
0.50749
0.50423
0.49284
0.49143
0.49020
0.49204
0.49218
0.49330
0.49321
0.49118
0.49086
0.49598
0.51413
0.52293
0.51681
0.51715
0.51016
0.50794
0.50969
0.50985
0.50983
0.50828
0.50835
0.51088
0.51148
0.51146
0.51284
0.51430
0.51204
0.51169
0.51171
0.50923
0.50695
0.50612
0.50567
0.50552
0.50616
0.50552
0.50645
0.50704
0.50704
0.50677
0.50694
0.50571
0.50649
0.50651
0.50601
0.50660
0.50677
0.50693
0.50674
0.50545
0.50469
0.50538
0.50441
0.50479
0.50666
0.50597
0.50612
0.50492
0.50634
0.50603
0.50692
0.50697
0.50881
0.50938
0.50720
0.50750
0.50684
0.50629
0.50696
0.50729
0.50760
0.50847
0.50854
0.50646
0.50714
0.50752
0.50831
0.50833
0.50886
0.50794
0.50707
0.50866
0.50811
0.51009
0.50987
0.51192
0.51497
0.51646
0.51694
0.51540
0.51418
0.51450
0.51507
0.51600
0.51762
0.51776
0.51716
0.51563
0.51469
0.51540
0.51578
0.51481
0.51565
0.51413
0.51418
0.51316
0.51371
0.51334
0.51555
0.51363
0.51555
0.51485
0.51678
0.51624
0.51659
0.51418
0.51716
0.51457
0.51777
0.51358
0.51749
0.51253
0.51802
0.51328
0.51877
0.51287
0.52233
0.51541
0.52402
0.51767
0.53435
0.52204
0.54789
0.53401
0.56069
