23.15246
22.06651
22.77453
21.57996
22.24087
21.73691
22.39084
22.15833
22.40491
22.43183
22.72738
22.17335
22.26810
21.85526
21.85268
21.73626
22.27348
22.14648
22.26178
21.97719
21.95247
21.67273
21.95387
22.12393
22.07016
21.79221
21.69143
21.54703
21.85374
21.90779
21.79313
21.57005
21.46862
21.35013
21.33123
21.23865
21.31929
21.48392
21.55729
21.48022
21.34125
21.40698
21.62380
21.55456
21.42895
21.31168
21.22102
21.22846
21.18162
21.09203
21.02437
21.02653
20.97420
20.91272
20.83044
20.78477
20.72282
20.76832
20.79161
20.92746
21.22452
21.23598
21.12510
20.96565
20.84737
20.76744
20.71678
20.65274
20.59298
20.53202
20.48211
20.44436
20.41003
20.55552
20.67993
20.88742
20.99682
20.95505
20.83987
20.72642
20.69162
20.60209
20.51547
20.43483
20.37475
20.33518
20.51899
20.63064
20.55516
20.45790
20.34844
20.28323
20.22864
20.21462
20.24934
20.48726
20.56455
20.87939
21.31085
21.25382
21.04387
21.12222
21.22394
21.01403
20.92379
20.98095
21.06151
21.27448
21.44328
21.52373
21.38326
21.17804
21.02099
21.08586
21.29948
21.35690
21.31690
21.17104
21.16314
21.34250
21.52128
21.47013
21.34837
21.31392
21.79016
22.26566
22.30079
22.17002
22.23061
22.36361
22.26263
21.98212
22.42328
22.97976
23.05162
23.16159
23.68149
24.31430
24.62754
25.16659
25.73223
25.89682
25.98906
25.95805
25.74153
26.34515
26.90300
26.59866
26.46426
26.37263
26.34265
26.75103
26.76200
26.85137
27.12548
27.07608
26.92904
26.81647
26.89242
27.02305
26.92826
26.85007
27.34631
27.21288
27.32810
27.69032
27.30819
26.93216
27.03402
26.96321
26.58296
26.49773
26.46782
26.46388
26.46426
26.82641
27.52972
27.38554
27.18146
27.72596
27.90873
27.38304
27.97635
28.37316
28.62214
28.95978
28.47159
28.24658
27.72996
27.43117
27.24931
27.16366
27.57076
28.09231
27.94612
27.62719
27.42349
27.46593
27.62605
27.80953
27.51189
27.41322
27.65485
27.45393
27.32111
27.48935
27.49527
27.59505
28.35894
28.38381
28.08103
27.69841
27.82665
28.01277
27.75134
28.21016
29.12780
29.01324
28.52792
28.19193
28.37868
28.08412
28.19607
28.03812
27.89891
27.74535
27.62240
27.92937
28.16889
28.16741
28.05241
27.93849
28.01766
28.07198
28.26957
28.16474
27.92508
27.80519
27.68002
27.60230
27.52815
27.74356
27.86589
27.80962
28.22700
28.83295
28.66774
28.43635
28.42586
28.51621
28.35860
28.30988
28.24201
28.10532
27.99382
28.25571
28.63736
28.70522
28.49809
28.38474
28.30491
28.23928
28.18278
28.04800
27.93556
27.84518
27.88507
28.06937
28.16863
28.18519
29.11152
29.59214
29.28404
29.04708
28.84167
28.95925
29.06065
29.75845
29.97701
29.97418
30.52931
30.77543
30.71752
30.66117
30.27218
29.82628
29.54521
29.41338
29.32914
29.48213
29.68388
29.55660
29.32423
29.32117
29.28098
29.11451
29.26138
29.40618
29.41718
29.34929
29.19321
29.40758
29.49929
29.52147
29.30090
29.34037
29.41908
29.25564
29.24808
29.59416
29.91354
29.75033
30.09824
30.01891
30.00945
29.89901
29.81884
29.81500
29.72531
29.59680
29.43582
29.79277
30.18733
30.13421
30.20599
30.01423
30.16509
30.51351
30.41658
29.90576
29.74718
30.20581
30.54793
30.50654
30.35792
30.32265
30.40323
30.55449
30.74763
30.52562
30.88306
31.80255
31.50295
31.60691
31.04973
30.79284
30.59408
30.56811
30.23667
30.47340
30.50734
30.59339
30.71460
30.74255
30.61102
30.61681
30.29018
30.33899
30.25137
30.77715
30.98460
30.88333
30.82943
31.55681
31.76734
31.58045
31.63008
31.70094
31.61023
31.48916
31.72048
32.17057
32.23818
32.30254
32.64647
33.04636
32.82763
32.52669
32.75562
33.11631
32.82809
32.46723
32.30456
32.70670
32.74569
32.56812
32.86566
32.97381
32.62560
32.58366
31.70851
30.65800
31.82495
31.94085
31.99612
31.93067
31.78989
31.59313
31.64270
31.51719
31.55378
32.33373
31.77989
32.31146
31.91655
31.69741
32.33947
31.89561
31.86503
32.46272
32.82410
32.65292
32.02584
31.49629
31.79442
31.92539
31.91506
32.26708
32.11649
31.99817
32.15328
32.32671
32.85600
32.93920
33.05748
33.08237
32.85740
32.67968
32.43802
32.40218
32.45185
32.45387
32.20295
32.03964
31.84990
31.83031
31.72425
31.70291
31.80283
31.97224
32.49470
32.44535
32.19708
32.59906
32.65316
32.70265
32.45930
31.56536
30.53024
31.35062
32.56230
32.35874
32.58614
32.35809
32.29148
32.06331
32.14512
32.12910
32.03264
32.47637
32.77260
32.61547
32.35433
32.70712
32.95766
32.58316
32.47463
32.33607
32.41248
32.41378
32.37834
32.55504
32.92215
33.09326
33.09537
33.40254
33.48245
33.64419
33.51920
33.60722
33.80237
33.85344
33.82039
33.87511
34.02149
34.22022
34.74368
34.87961
34.87933
34.72999
34.81760
35.04020
32.86688
33.15878
33.80797
32.80073
32.83743
33.21125
33.43248
33.46018
33.37313
33.83903
34.53091
34.91814
34.73255
34.35967
34.16770
33.91801
33.62075
33.24516
33.33271
33.25705
33.22748
33.19651
33.22580
33.24776
33.00041
33.16031
33.77871
34.21220
34.24305
34.50702
34.41400
34.09993
33.73237
33.47476
33.33123
33.22738
32.92451
32.87749
32.85207
32.76548
32.67070
32.51326
32.43242
32.68250
32.80629
33.01462
33.04947
32.79906
33.03266
32.96139
32.90921
32.80709
32.67474
32.76260
33.06977
33.28295
33.41680
33.23098
33.15824
33.06951
33.04741
32.66292
32.27057
31.92777
32.27575
32.10081
31.88923
32.29756
32.43574
32.11827
31.96977
32.01573
31.86518
32.11116
32.01262
31.88012
31.90333
32.17326
32.12078
32.12629
32.20952
32.29793
32.34758
33.16238
32.81993
32.51564
32.73039
33.12287
33.40252
33.57066
33.62425
33.77564
33.92958
33.51520
33.67627
34.05796
33.95151
33.71847
33.48333
33.24373
33.30160
33.20809
32.93254
32.28454
32.81171
33.13047
33.82071
34.47425
34.29753
34.13169
33.96214
33.54425
33.43492
33.30736
33.13293
32.88869
33.15805
33.27665
33.12710
33.29319
33.25099
33.35193
33.54250
33.47319
33.66298
32.68053
32.50604
32.45248
32.72443
32.13520
32.08280
32.15495
31.82275
31.58109
31.33332
31.45201
32.31512
31.71193
31.65819
31.55244
31.71680
32.58505
33.60489
33.81646
33.85224
33.46961
33.43421
33.48618
33.35487
33.90851
34.03780
34.84325
35.06221
34.76975
34.38147
34.79030
34.69362
34.34610
33.98449
34.17594
35.03224
35.26580
35.01200
34.55513
34.18172
33.94840
34.21693
34.65361
34.51815
35.04563
34.98181
34.73489
34.35677
34.32242
34.09703
34.74257
35.48260
35.74692
35.15654
34.66741
34.34461
34.04095
34.16548
33.88036
33.59913
33.39509
33.29743
33.47187
33.73601
33.60095
33.62283
33.64050
34.38181
34.60857
34.47389
34.16275
33.97398
33.85050
33.68918
33.49165
33.35943
33.22496
33.15888
33.04672
33.03986
32.93845
32.83922
32.71631
32.77834
32.73487
32.59422
32.60626
32.59850
32.59303
32.51573
32.38302
32.26821
32.08941
32.15570
32.62436
32.82130
32.83882
32.32933
32.20006
32.28557
32.10931
32.02909
32.16127
32.14212
32.12729
32.65431
33.63114
33.89545
34.15384
33.78204
33.64304
33.68753
33.66456
33.45105
33.12247
33.17202
33.38270
34.39570
35.13593
35.43604
35.54246
35.20904
34.62295
34.45481
34.37340
34.35513
34.24230
34.05001
33.89079
33.74473
33.63138
33.55010
33.49365
33.41219
33.38724
33.40835
33.34753
33.25912
33.17855
33.12053
33.02139
32.95093
32.85916
33.12598
33.53626
33.53876
33.40176
33.29922
33.23191
33.10133
32.97349
32.93614
33.17988
33.24436
33.11092
32.93596
32.77072
32.79836
32.89918
32.81629
32.69887
32.59158
32.49841
32.41637
32.34902
32.45441
32.52118
32.42240
32.32769
32.22399
32.13787
32.07077
32.01543
31.97899
32.06209
32.16852
32.15243
32.06310
32.05485
32.79641
33.21655
33.08182
32.82929
32.57636
32.38834
32.28914
32.22628
32.12160
32.01161
31.91571
31.84010
31.77069
31.69805
31.66623
31.62364
31.68549
31.94532
32.09017
32.02423
31.86423
31.71939
31.62920
31.55962
31.50573
31.46912
31.40663
31.33562
31.32545
31.31346
31.24242
31.17920
31.11949
31.06430
31.01462
30.97448
31.04827
31.16061
31.17628
31.08502
31.00068
30.90085
31.09898
31.41331
31.38522
31.41858
31.53698
31.54097
32.04133
32.29711
32.08688
31.89976
31.72858
31.63119
31.50916
31.57457
32.06547
32.24250
32.10868
31.90271
31.67144
31.56752
31.51744
31.41997
31.29534
31.21752
31.12415
31.07751
31.01232
30.97432
30.89548
30.87568
30.80709
30.86398
31.34536
32.02261
32.18343
33.10135
33.57546
35.00149
35.98387
36.59391
36.58452
36.76261
38.12869
38.56966
38.06804
37.95429
38.29366
37.97089
37.61491
37.03971
37.08905
37.68727
37.63122
37.41131
37.07262
37.08572
37.11784
37.07229
36.55078
36.62776
36.56121
37.52596
37.75743
37.97443
37.42152
38.46863
38.07667
