22.85584
21.58057
22.57348
21.78654
22.45161
21.87962
22.37620
21.93776
22.31795
21.97326
22.28742
22.00777
22.26460
22.03026
22.23541
22.03553
22.20866
22.04054
22.18179
22.03859
22.15548
22.03460
22.13369
22.03591
22.12268
22.04309
22.11274
22.04626
22.10230
22.04304
22.08649
22.03373
22.06660
22.03926
22.07378
22.04655
22.07155
22.05072
22.06452
22.04159
22.04970
22.03262
22.03921
22.02582
22.02726
22.01730
22.01966
22.01426
22.01203
22.00503
22.00209
22.00113
22.00103
21.99935
21.99566
21.99126
21.98534
21.98303
21.97957
21.97228
21.96736
21.96497
21.96544
21.96294
21.95843
21.95418
21.94978
21.94822
21.93995
21.93059
21.92212
21.91798
21.91136
21.90640
21.90900
21.91077
21.91139
21.90954
21.90933
21.90576
21.90125
21.89681
21.89098
21.88658
21.88066
21.87258
21.86484
21.85903
21.85240
21.84825
21.84480
21.83729
21.83114
21.82615
21.82087
21.81619
21.81184
21.80697
21.80281
21.79785
21.79194
21.78768
21.78456
21.77851
21.77323
21.76991
21.76564
21.75941
21.75189
21.74628
21.74115
21.73663
21.72940
21.72490
21.72158
21.71929
21.71593
21.71167
21.70574
21.70321
21.70144
21.69938
21.69428
21.69029
21.68162
21.68621
21.69233
21.70392
21.70571
21.71489
21.70352
21.70395
21.74686
21.78153
21.80475
21.78505
21.79022
21.77907
21.85079
21.89572
21.92311
21.95865
22.04064
22.08174
22.12834
22.09283
22.12006
22.18495
22.21695
22.33916
22.47043
22.54453
22.58314
22.62610
22.63729
22.63339
22.62475
22.61745
22.59769
22.58803
22.57582
22.56964
22.56567
22.55804
22.55648
22.54902
22.53449
22.57741
22.61369
22.65630
22.67006
22.70909
22.72703
22.71888
22.70779
22.71812
22.72117
22.72027
22.70818
22.70296
22.69732
22.71100
22.68132
22.76802
22.70363
22.69408
22.70161
22.68443
22.69037
22.68145
22.67735
22.65948
22.65567
22.65686
22.68060
22.68517
22.72844
22.72438
22.72133
22.72667
22.71080
22.71487
22.69130
22.67908
22.73236
22.77484
22.78834
22.81384
22.77453
22.75184
22.70732
22.66878
22.67155
22.66733
22.65350
22.64629
22.62284
22.71313
22.72457
22.70627
22.71614
22.71478
22.70118
22.68605
22.66345
22.69478
22.67995
22.67997
22.66061
22.63784
22.60879
22.60774
22.59546
22.60061
22.62637
22.60646
22.61766
22.62998
22.61692
22.62471
22.62232
22.61961
22.61733
22.60672
22.61308
22.61288
22.60452
22.58471
22.59097
22.59506
22.60068
22.60299
22.66188
22.68144
22.73013
22.88460
23.02648
23.12128
23.16315
23.18919
23.16566
23.19692
23.26227
23.29344
23.31468
23.31067
23.28947
23.26192
23.25335
23.23903
23.21531
23.20628
23.19619
23.18522
23.20271
23.19430
23.18710
23.18064
23.17522
23.16986
23.16322
23.17969
23.17122
23.15370
23.15607
23.18678
23.19141
23.16334
23.20460
23.27729
23.30784
23.31596
23.31480
23.31995
23.34969
23.32284
23.30273
23.30262
23.29839
23.29701
23.29356
23.26535
23.25064
23.24477
23.24788
23.25798
23.27728
23.27251
23.27217
23.27239
23.26594
23.25832
23.27260
23.28730
23.28991
23.28651
23.27008
23.27140
23.25940
23.29083
23.31683
23.34084
23.33889
23.34558
23.31894
23.30547
23.30391
23.29156
23.32957
23.34489
23.35087
23.35767
23.36088
23.33642
23.34487
23.33659
23.40634
23.36386
23.30455
23.32433
23.32662
23.32034
23.33677
23.35089
23.38034
23.43242
23.45219
23.49731
23.52955
23.52829
23.49822
23.56685
23.57333
23.53894
23.54163
23.54081
23.53606
23.53936
23.53402
23.52947
23.52773
23.53696
23.54426
23.56336
23.56113
23.56918
23.55220
23.63304
23.68262
23.56331
23.57474
23.61807
23.76313
23.74321
23.73637
23.84765
23.96892
24.03189
24.05977
24.06775
24.04739
24.02350
23.99847
23.97148
23.94838
23.92899
23.92586
23.94871
23.90338
23.86274
23.85552
23.86325
23.88835
23.89563
23.95161
23.93524
23.92611
23.93311
23.93393
23.86629
23.83045
23.87540
23.88904
23.90284
23.91043
23.92462
23.92844
23.93103
23.92333
23.91457
23.90116
23.88957
23.87690
23.86502
23.85417
23.84353
23.83014
23.81981
23.80994
23.79992
23.78595
23.77930
23.77528
23.76924
23.76414
23.77111
23.77187
23.75971
23.77159
23.78511
23.78964
23.79185
23.79207
23.78664
23.77902
23.77113
23.76428
23.75583
23.74624
23.73566
23.71445
23.70114
23.69254
23.67486
23.67181
23.67735
23.68385
23.68321
23.67900
23.67291
23.66525
23.65914
23.64977
23.64037
23.63331
23.63198
23.61342
23.59657
23.60484
23.61757
23.62958
23.63436
23.64046
23.62961
23.62164
23.62079
23.62747
23.63476
23.63171
23.63184
23.62743
23.62163
23.59977
23.61443
23.63170
23.60187
23.62156
23.59252
23.61526
23.62673
23.62338
23.62391
23.62766
23.63162
23.62693
23.65205
23.62677
23.63136
23.63415
23.61706
23.62007
23.60682
23.61951
23.62976
23.66118
23.67667
23.68631
23.68645
23.68661
23.67228
23.67807
23.64956
23.65206
23.62147
23.64087
23.64103
23.63174
23.61916
23.58997
23.60836
23.67384
23.61744
23.61193
23.67070
23.68851
23.73106
23.73068
23.72980
23.70988
23.70120
23.68551
23.68126
23.66499
23.65925
23.65147
23.62193
23.56060
23.61247
23.62660
23.65207
23.65511
23.64523
23.63467
23.62744
23.60875
23.67680
23.78548
23.86750
23.90726
23.92336
23.91579
23.89671
23.87473
23.85491
23.83592
23.82724
23.81271
23.80024
23.78963
23.77835
23.77735
23.79944
23.85932
23.87286
23.88313
23.89993
23.91137
23.89857
23.87967
23.87842
23.88482
23.88313
23.89318
23.88216
23.85787
23.86617
23.84644
23.78455
23.83109
23.86359
23.77997
23.78488
23.84041
23.89349
23.87743
23.99117
23.99878
24.00838
24.01368
24.01257
23.97274
23.98760
23.99388
23.99076
24.00525
24.00355
24.00232
23.98575
23.97973
23.97310
23.96924
23.95123
23.95532
23.97822
24.00533
24.01722
24.01595
24.02857
24.09563
24.07865
23.98437
24.03518
24.04992
24.07379
24.06600
24.07877
24.12439
24.08957
24.01427
23.88927
24.05654
24.20838
24.15679
24.01864
24.05372
24.07370
23.97840
24.00163
23.96296
24.06331
24.17745
24.17770
24.21890
24.26739
24.14813
24.13314
24.12008
24.11272
24.02042
23.99924
24.12216
24.07668
24.10795
24.12045
24.17757
24.21422
24.24093
24.12930
24.00465
23.98519
23.95880
24.01815
24.15897
24.16437
24.21783
24.20558
24.24917
24.26189
24.21065
24.22067
24.22021
24.22024
24.19795
24.17300
24.15090
24.14685
24.12920
24.14711
24.14960
24.14789
24.14326
24.14001
24.13247
24.13442
24.12729
24.12451
24.11228
24.08662
24.08905
24.08543
24.09429
24.11399
24.13435
24.11764
24.12725
24.17012
24.16663
24.14244
24.13302
24.13787
24.13543
24.11549
24.06838
24.03487
24.07516
24.13776
24.09567
24.03868
24.12518
24.07801
24.05270
24.03618
24.07757
24.05883
24.16229
24.17338
24.09579
24.21181
24.18700
24.16397
24.17606
24.18712
24.10496
24.09070
24.08641
24.08194
24.07996
24.09800
24.13125
24.10474
24.07607
24.06743
24.05162
24.03941
24.04786
24.09316
24.14801
24.17210
24.16099
24.16108
24.20056
24.24371
24.25439
24.24178
24.23478
24.22335
24.20818
24.19638
24.19211
24.17864
24.16998
24.13852
24.12543
24.11899
24.10536
24.10407
24.10175
24.10102
24.09947
24.09487
24.08400
24.08815
24.13603
24.16760
24.17986
24.18223
24.16910
24.14975
24.13817
24.13143
24.11613
24.10258
24.09511
24.09276
24.08683
24.08022
24.07302
24.06676
24.05673
24.05217
24.04265
24.03638
24.02423
24.01992
24.00754
24.00450
23.99317
23.99190
23.97714
23.97546
23.96238
23.97149
23.93644
23.96423
23.95592
23.95741
24.10050
24.16405
24.19365
24.32570
24.47933
24.67260
25.01058
25.10412
25.21776
25.42694
25.53907
25.54363
25.53087
25.45386
25.39938
25.33742
25.30768
25.27009
25.25186
25.22138
25.20417
25.18102
25.16692
25.14811
25.13585
25.11981
25.11325
25.09739
25.08544
25.06603
25.05533
25.04596
25.03725
25.02265
25.01082
24.99469
24.98209
24.96630
24.95195
24.93629
24.91981
24.90337
24.88561
24.86834
24.85160
24.83209
24.81202
24.79404
24.77640
24.75925
24.74180
24.72427
24.70990
24.69526
24.68009
24.66425
24.64870
24.63320
24.61918
24.60265
24.59203
24.58522
24.57782
24.56917
24.56108
24.55015
24.53693
24.52247
24.50838
24.49387
24.47818
24.46379
24.44785
24.43299
24.42107
24.40767
24.39447
24.38260
24.36987
24.35941
24.34714
24.33712
24.33269
24.32788
24.32037
24.31526
24.30137
24.29397
24.27908
24.27618
24.25852
24.25557
24.23635
24.23583
24.21579
24.21940
24.19406
24.20168
24.16955
24.18461
24.15947
24.18131
24.15011
24.17652
24.13788
24.16723
24.11939
24.15590
24.09709
24.14122
24.07423
24.13087
24.05194
24.12134
24.02755
24.11051
24.00005
24.10671
23.97873
24.10113
23.95368
24.10631
23.90824
24.10774
23.86696
24.13131
23.82161
24.17267
23.72319
