21.99559
20.83812
21.63741
20.62615
21.10550
20.38194
20.68807
20.10543
20.37630
20.13180
20.37971
20.28924
20.84382
20.68980
20.66917
20.22401
20.38726
20.44457
20.68850
20.44680
20.37585
20.21335
21.02744
21.69003
21.99830
21.97210
21.85544
22.06008
22.52195
22.81159
22.76563
22.27454
22.47046
22.48247
22.44731
22.74065
22.87659
22.64134
22.58164
22.69199
22.77558
22.58146
22.15856
22.25280
22.24524
22.14128
22.30832
22.39828
22.20337
21.87471
21.56496
21.31520
21.10362
20.91629
20.74991
20.59665
20.46830
20.85685
21.90306
22.20589
22.02796
21.70671
21.48498
21.27935
21.09312
20.98215
20.86837
20.67268
20.71637
21.18519
21.29858
21.14025
20.89964
20.65595
20.45065
20.26342
20.16124
20.21877
20.25131
20.27193
20.31873
20.23645
20.13232
20.02097
19.99727
20.06613
20.05053
19.97535
19.87555
19.76443
19.70038
19.61135
19.53295
19.47893
19.54177
19.60679
19.64214
19.52949
19.67271
20.28370
20.68707
20.76206
20.64155
20.56848
20.36691
20.28035
20.62694
20.97332
20.98148
20.77116
20.49039
20.18811
19.96244
19.80117
19.86222
19.96596
19.90647
19.78782
19.63745
19.50625
19.37453
19.26153
19.24094
19.51822
19.84913
19.93978
19.83894
19.67566
19.48972
19.34003
19.21691
19.20623
19.30189
19.29868
19.25444
19.20400
19.10264
19.22098
19.31643
19.28623
19.20802
19.11388
19.02049
19.03909
19.12951
19.09813
19.05669
19.01733
19.00715
18.95315
19.06526
19.35371
19.46635
19.40357
19.30694
19.16650
19.03397
18.90353
18.84572
18.79487
18.91576
19.03738
19.01740
18.92822
18.83704
18.73001
18.64922
18.61501
18.87612
19.21941
19.56610
19.72905
20.54137
21.32642
22.64052
23.52244
24.25596
25.15306
26.20587
27.11839
27.87608
28.41186
28.52707
28.41606
28.81453
29.16508
28.95142
28.55962
28.36478
28.19435
27.97342
27.33867
27.58045
27.18488
26.83194
27.04029
27.52870
27.52562
27.08430
26.76468
27.24677
27.26359
27.12464
27.14073
26.50888
26.25306
26.24644
26.55157
26.86465
26.62179
26.61129
26.79976
26.56673
26.25424
26.17971
26.68722
26.73321
26.53997
26.24208
25.86697
25.71072
25.76106
26.09997
25.79313
25.65125
25.50426
25.62680
25.47305
25.34038
25.01973
25.28825
26.62254
26.84316
26.32123
26.24508
26.51459
27.49155
27.83158
27.68794
27.23278
26.99410
27.10312
27.32337
27.59217
27.22749
27.40001
27.49084
27.56926
27.48954
27.55883
27.40020
27.24614
26.83168
26.43509
26.22776
26.35320
26.53097
26.91352
26.97234
27.05334
27.01290
27.06610
26.77938
26.87467
26.72422
26.80612
26.49178
26.45788
26.41481
26.24277
26.49277
26.62054
26.47509
26.19988
25.71251
25.71813
25.58370
25.05159
25.14483
25.20074
25.29685
25.24643
25.14703
25.04539
24.83956
24.64163
24.49768
24.35403
24.23789
24.09149
24.35352
25.27701
25.48717
25.42056
25.38773
25.23962
25.07667
25.41536
25.69078
25.62894
25.64695
25.99122
26.70845
27.25325
27.73418
27.85595
27.64493
27.74242
27.88018
27.90725
27.79567
27.43108
27.32018
27.54263
27.50266
27.35558
27.11666
26.84576
26.68450
26.35152
26.38409
26.41105
26.37183
26.55854
26.23177
26.01850
26.34113
26.44196
26.46216
26.18481
26.16567
26.22078
25.97872
25.52587
25.36945
25.12696
25.97175
26.40608
25.87199
25.90401
25.79177
25.62023
25.39533
26.07877
26.19129
26.07622
25.74800
25.74493
26.06417
26.39610
26.24078
26.31484
26.16483
25.88650
25.73497
25.97917
26.24762
26.30942
26.13169
25.99890
25.83330
25.62222
25.41994
25.44752
25.31928
25.32151
25.81608
26.31383
25.91811
25.86877
25.92880
26.20331
26.58064
26.46398
26.29048
26.19114
26.16161
26.10694
26.10541
25.99941
25.77048
25.51487
25.41746
25.66720
25.80255
25.70482
25.69591
25.76660
25.89224
25.73337
25.56002
25.31952
25.45502
25.58215
25.54548
25.43049
25.31725
25.18657
25.12960
24.77181
24.46153
24.49560
24.67378
24.70087
24.59347
24.15895
24.09838
24.42539
24.65301
24.91020
24.81397
25.37339
25.74194
25.71627
25.96715
25.76617
25.34834
25.90371
26.33752
26.74266
26.97122
26.82011
26.54762
26.11834
25.73342
25.18865
25.21276
25.47034
25.67417
25.42455
25.49818
25.34395
24.53896
24.47355
24.16473
24.26217
24.15552
24.21951
24.20488
24.19938
24.33862
24.90508
25.20823
25.56074
26.26740
26.81972
27.36991
27.86798
27.79702
27.25730
27.30591
27.50687
27.46283
27.21072
26.90301
26.84426
26.64692
26.67178
26.24340
25.95627
25.75140
26.10116
26.35499
26.57420
26.39181
26.53398
26.61929
26.46520
26.17460
25.98915
26.44779
26.60911
26.67849
26.52937
26.25046
26.36638
26.26610
26.66203
26.89819
26.37951
26.42361
26.71419
26.71014
26.70398
26.51493
26.64289
26.85218
26.82799
26.90752
26.65728
26.20332
26.10200
26.58380
26.55588
26.73415
27.22446
27.56116
27.85823
28.16174
27.93142
27.75136
27.39922
27.02985
26.77516
26.74585
27.17647
27.11169
26.98795
26.45381
26.11736
25.94501
26.62867
26.99356
26.93437
26.83418
26.64378
26.46165
26.51403
26.72333
27.12781
26.99404
26.97135
26.58951
26.42346
26.61321
26.96943
27.61424
27.77421
27.60264
27.52428
27.29826
26.86430
26.23844
26.67135
27.18513
27.24519
27.36325
27.39275
27.60113
27.36715
27.78461
28.02516
27.70745
27.58126
27.77433
27.73048
27.90183
28.88327
28.92901
29.29703
29.76823
29.36358
29.25610
29.17322
29.27921
29.52469
29.72298
29.18503
28.87892
29.33624
28.96972
28.41535
28.89707
29.57398
29.26989
29.70384
29.71229
29.40746
28.79238
28.45195
28.67713
28.37164
28.22175
27.83539
27.62683
27.59961
27.69712
27.19527
27.14033
27.21349
27.63202
27.51331
28.07292
28.24161
27.87840
28.21303
28.45706
28.00317
28.34447
28.51728
28.55842
28.01936
27.95882
28.49876
28.31742
28.22779
27.84447
27.96391
27.95410
27.74181
28.51429
28.66852
28.62410
27.96036
27.91769
27.92210
28.02939
27.93869
28.10269
28.15774
27.84998
27.77516
27.77300
27.81804
27.69555
27.98932
28.52662
28.64647
28.71727
28.25285
27.89831
27.73845
27.92506
28.04893
27.83597
27.47266
27.62162
27.61643
27.95570
28.30123
28.06887
28.08552
28.45498
28.35293
28.48433
28.65791
28.84009
29.06667
28.95006
29.08467
29.26072
29.20273
29.04664
29.07632
29.06837
28.76049
28.68639
28.70364
28.88043
30.06320
30.56460
30.33508
30.19971
30.29424
30.11342
29.69566
29.12823
28.79007
29.01475
29.45538
29.45937
29.26725
29.07950
28.87378
28.56623
28.50366
28.37170
28.49416
28.77526
28.82561
28.74515
29.03472
29.20223
28.85747
29.12613
28.98256
29.03286
29.00292
28.91951
28.73893
28.52681
28.16395
28.00014
27.83523
28.49166
28.15885
27.93051
28.63390
28.21956
27.89282
28.90071
30.12755
30.29116
30.07009
29.70686
29.45600
29.27667
28.94922
28.41907
28.48258
28.21556
28.23647
28.92982
28.84590
28.62059
28.65544
29.01355
29.32116
29.03736
28.99366
28.72841
29.03766
29.21121
29.10290
28.79700
28.83724
29.17503
29.45802
29.65459
29.57193
29.32838
29.10834
28.93436
29.22867
29.45066
29.32706
29.57024
29.67687
29.67000
29.77082
29.60950
29.75148
29.90741
29.29155
29.89401
30.28877
30.11953
30.15040
30.15430
29.91647
29.61315
30.01086
30.44471
30.05915
30.38280
31.10590
31.68861
31.26713
30.42560
31.05398
31.46958
31.67051
31.69033
31.54738
31.12679
30.75523
30.62294
31.00262
31.43459
31.37338
31.07827
31.03681
30.69448
30.11327
29.85247
30.01290
30.70741
31.21249
31.41610
31.15160
31.10477
31.46693
31.38011
31.45818
32.25108
32.67859
33.41516
33.29785
33.75659
34.35560
34.47508
34.36321
34.13000
34.13652
34.77677
34.60643
34.23974
33.73592
33.11853
32.50807
32.18627
32.29275
31.89803
31.10594
31.52006
31.71203
31.52892
31.10613
30.59795
30.35510
30.38496
30.43848
30.29420
30.21322
30.61045
30.85854
30.55976
30.19759
29.76487
29.38033
28.97812
29.06405
29.35859
29.32417
29.13546
28.93207
28.83581
28.81072
28.67950
28.52589
28.39259
28.25660
28.17366
28.19730
28.32972
28.52877
28.64622
28.58728
28.51899
28.46425
28.76736
29.23598
29.41171
29.34689
29.14221
29.07234
28.95126
28.78018
28.57427
28.42446
28.25935
28.18386
28.07782
27.95343
27.78267
27.70307
27.58413
28.42863
29.21840
29.21578
29.17310
28.90989
28.60816
28.28932
28.30013
28.47141
28.50002
28.43237
28.21633
28.02390
27.84227
27.84804
27.94610
27.96040
27.87300
28.19550
28.58948
28.52482
28.30811
28.03836
27.77194
27.63089
27.41413
27.26794
27.20043
27.10973
27.05538
26.99137
27.00950
27.25334
27.41339
27.42641
27.31029
27.41622
27.63898
27.68156
27.68442
27.56773
27.50260
27.35268
27.23767
27.18584
27.16487
27.26605
27.33091
27.33206
27.31842
27.32422
27.31253
27.33572
27.35003
27.38234
27.37283
27.41356
27.39276
27.42943
27.38795
27.42734
27.36647
27.41175
27.33256
27.38351
27.30314
27.38460
27.31000
27.42316
27.31769
27.44943
27.30284
27.45122
27.29838
27.47192
27.27135
27.46757
27.21975
27.47289
27.20459
27.47367
27.28603
28.26540
28.40450
29.10484
28.64202
29.08395
28.40541
29.26621
28.62939
29.73500
28.33363
