24.50735
22.43576
22.77904
21.73546
23.03997
23.61593
23.38923
23.53992
25.07503
25.44956
25.09014
26.16431
27.54083
28.31867
27.45484
25.93519
25.40790
24.67377
24.45436
24.25467
26.61055
26.40226
25.27111
24.66548
24.40294
24.10087
24.03761
23.77380
23.61499
23.31120
23.22874
22.91176
23.03407
22.93546
25.16791
26.20079
24.83302
24.10034
23.52912
23.27274
23.00416
22.88678
22.66481
22.53889
22.35745
22.24590
22.08013
21.97195
21.81487
21.70944
21.55379
21.44420
21.28919
21.17579
21.02612
20.90284
20.75213
20.63034
20.47765
20.35590
20.20431
20.08539
19.96113
20.16381
20.19597
19.96920
19.78744
19.63703
19.50875
19.38008
19.25907
19.15187
19.07400
18.96857
18.85082
18.74080
18.62887
18.51439
18.40426
18.29552
18.18653
18.07773
17.97385
17.86275
17.75840
17.64012
17.64965
17.94644
17.87725
17.75432
17.64513
17.49908
17.36598
17.25596
17.14165
17.04157
16.92744
16.87844
16.88175
16.78488
16.66320
16.56619
16.44634
16.47660
16.53782
16.38390
16.25687
16.14007
16.06147
16.02393
15.92306
16.07664
16.19531
16.27786
18.37501
19.51561
18.97803
18.49755
18.25383
20.38258
21.17804
20.38842
19.91463
22.07382
23.99705
23.80941
24.24308
23.37135
22.78098
22.24142
23.66475
23.68090
22.93450
22.32384
22.13530
21.75493
21.99110
21.90302
23.11701
25.85227
26.86709
25.99530
28.07865
28.60541
27.88384
29.77702
28.58170
26.97390
26.81541
26.87743
25.73502
25.32143
25.03173
25.00660
24.56531
24.29769
24.15790
24.13870
23.96846
23.89122
24.61559
27.42916
26.81268
25.45597
24.72795
24.30225
24.01972
23.77493
23.65453
23.41632
23.34533
23.18685
25.69364
26.52028
24.97850
24.53043
24.29828
23.79029
23.54655
23.27916
24.41331
25.24742
24.18441
23.69107
23.29402
23.14229
22.52175
22.14533
22.22169
22.35149
22.21301
22.15942
21.93957
21.88638
21.22816
20.79178
20.61565
20.43734
20.34691
20.38269
20.54371
22.36969
23.29165
23.41057
22.77791
22.33699
22.15609
21.72151
21.46100
21.08745
21.18505
21.33877
21.28390
21.20683
21.02647
20.87671
20.77325
20.64442
20.50811
20.35876
20.27228
19.93574
19.29527
19.11830
18.97687
19.23622
19.31810
18.87195
18.34474
19.11474
21.80913
21.83752
20.96142
20.24740
19.89904
19.60640
19.48959
19.29623
19.15242
18.96521
18.91091
18.83861
18.76776
18.54682
18.47297
18.23456
18.36868
18.25346
19.57974
24.30512
25.94634
25.13826
24.02152
23.22779
22.73769
22.37129
22.10949
21.61872
21.29496
21.07620
20.84427
20.64397
20.68649
20.76575
20.57869
20.46138
20.27889
20.14429
19.97857
19.86819
19.70121
19.52141
19.36570
19.37575
19.00637
18.71946
18.84383
18.70622
18.63697
18.56224
18.18608
17.65391
18.26201
18.22913
17.88760
17.59441
18.99990
21.01897
20.56336
19.91733
19.63311
19.57556
19.46785
18.99971
18.48771
18.48510
18.36652
18.50997
18.49286
18.42251
18.23240
18.15396
17.94552
17.87720
17.67197
17.59179
17.39355
17.34239
17.13592
17.10622
16.86478
16.77669
16.69441
16.88798
16.80417
19.23284
21.45163
20.93513
20.26325
19.72972
19.37750
19.32514
19.57352
19.48848
20.22985
23.26551
23.61605
24.15392
23.41581
24.19046
27.69264
29.68113
29.26258
28.22074
27.21468
28.40352
29.07300
27.73286
27.75420
28.57819
28.60111
26.74185
26.16839
25.25712
25.12955
24.60943
24.70800
24.66484
24.63039
27.18930
28.56966
27.01332
26.06823
25.39338
25.16743
26.47720
26.94029
25.72202
25.30647
24.75278
24.85113
24.34915
24.41843
23.98422
25.39969
26.97950
25.76494
26.46220
25.60664
24.64931
24.52607
24.56080
24.14055
23.84078
23.20484
22.99294
22.79301
23.01520
23.14056
23.15260
22.79551
22.52155
22.79280
22.05545
22.33430
24.44644
23.97092
23.07232
22.38721
22.21194
21.81687
21.96066
21.43643
23.14809
26.90193
27.38399
26.40286
25.14859
24.93890
24.57170
25.37452
26.67598
27.68423
26.44875
25.83057
25.22936
24.92853
24.60617
26.43199
27.15708
26.67711
26.08016
25.27133
25.16310
24.60536
24.45052
24.43529
24.27735
26.96146
28.00342
26.53208
25.70451
24.46315
23.95212
23.54826
23.38544
23.13907
22.90824
22.72342
22.62235
22.42126
22.31824
22.16490
22.02921
21.82052
21.61401
21.34895
21.21079
20.91961
21.01523
21.33703
21.37111
21.31485
21.42776
21.53043
21.40727
21.25457
20.82641
20.58033
20.37994
20.06455
19.89217
19.88760
20.03029
19.87694
21.23118
22.13283
21.52559
21.06952
20.74115
20.56574
20.32124
20.14777
20.47592
20.41330
20.21583
20.36156
20.09001
20.21348
21.20934
21.73973
21.11300
20.82784
20.72873
20.57510
20.46815
20.31086
20.23551
20.50354
20.12446
19.65849
19.60442
19.96222
20.38712
19.95883
19.64316
20.18212
21.63844
22.38686
25.39632
27.85662
27.38800
25.91892
28.08922
29.34518
28.15668
26.79832
27.50810
28.47073
26.36859
25.90835
25.37969
27.18491
27.26895
25.96717
25.16416
24.86191
27.10140
29.28447
29.48483
28.02775
26.92717
26.54164
26.37028
25.86393
25.83061
25.24453
24.77347
24.87871
24.36533
24.31606
24.19599
23.89295
23.85819
23.71580
23.63484
23.44357
23.38880
23.54219
23.49896
23.27825
23.33410
23.22600
23.09423
22.65160
22.47853
22.32089
21.90834
22.02921
22.07409
21.98607
21.79055
21.43924
21.08239
21.13204
21.00016
20.94020
20.74134
20.68192
20.45991
20.39776
20.44162
20.11648
20.39715
20.20433
19.97295
20.18255
19.98152
19.88654
20.05952
19.92132
19.85166
20.02365
20.23635
20.08899
19.97703
19.85611
19.77176
19.59790
19.50626
19.34269
19.88707
21.15605
20.96757
20.59958
20.46978
20.35804
20.17322
20.25524
20.17660
20.14123
20.68634
20.30527
19.97213
19.89660
20.19132
19.89577
19.88796
19.89933
19.66305
19.36319
19.34988
19.46966
19.15210
19.18002
18.92180
18.94285
18.81008
18.37724
18.16716
18.00141
17.93558
18.20481
18.86987
18.69168
19.94669
20.60666
19.86030
19.52083
19.11107
19.05560
19.12532
21.19436
23.20758
23.94990
24.57010
23.63678
23.05955
22.90351
22.65084
22.32541
22.07995
21.79989
21.72842
21.58937
21.47612
21.26307
21.59286
22.09017
21.73956
21.42037
20.99324
20.82330
20.73981
20.66717
20.53052
20.43195
20.22347
20.18399
20.01171
19.92035
19.66949
20.43350
22.40868
22.52179
22.15936
21.43362
21.44455
21.35063
21.22137
20.98983
20.82605
20.74151
20.60845
20.49793
20.31216
20.10204
19.86005
19.56431
20.11035
20.68067
20.98199
20.59636
20.50283
21.12040
23.60420
26.66561
26.09137
24.91413
24.16334
23.74034
23.40751
23.15290
22.93819
22.69969
22.69960
23.26630
22.91571
22.48610
22.20835
22.01377
21.82405
21.69505
21.50489
21.39588
21.36650
22.52995
23.29196
22.81022
22.67683
22.31534
22.01610
21.74556
21.68615
21.36244
21.87520
22.29781
22.05074
21.89746
24.37878
25.32442
24.43375
24.05831
23.29786
23.28505
23.19135
22.86381
22.55997
22.45021
22.22074
22.31077
22.49581
22.43029
22.11188
24.78161
26.35315
25.57540
27.20686
28.13868
27.01052
26.44256
25.29100
24.73515
26.99824
28.48749
28.50465
28.99870
29.83998
29.09022
27.94458
27.31679
26.43603
28.58927
30.07548
28.42726
29.76462
30.71332
28.96771
28.21445
27.64593
29.42378
31.14582
29.85819
28.99285
28.90684
28.54888
28.03830
27.84176
27.67132
27.78615
27.85978
30.50852
31.85548
32.76824
32.19360
32.74621
33.18681
31.73384
30.73391
30.03764
29.70615
29.39818
30.32224
31.74754
30.76078
30.01528
29.58406
29.34933
29.08751
28.90829
28.67010
28.51050
28.29225
28.12198
27.92367
27.76746
27.53629
27.44322
27.44847
27.35585
27.11398
26.94848
26.72538
26.59559
26.38128
26.25006
26.03277
26.04525
25.95715
25.81468
25.57962
25.52031
25.28407
25.24427
25.02237
25.04531
24.85598
27.75946
29.38847
30.87420
30.93766
29.69422
32.02092
32.34752
30.42936
32.44608
34.27791
32.32273
31.18590
31.82159
33.79678
32.66250
31.34036
30.46949
30.08702
29.67800
29.44467
29.11225
28.89778
28.60928
28.42831
28.16668
27.97992
27.73596
27.56470
27.33234
27.15569
26.94277
26.77725
26.56891
26.40849
26.21558
26.16267
26.02098
25.84660
25.80718
25.62491
25.42540
25.25341
25.10277
24.93664
24.80912
24.62969
24.71907
25.04541
24.80700
24.56309
24.37911
24.24570
24.09307
23.95768
23.81349
23.68535
23.54936
23.42658
23.29172
23.16640
23.05785
22.94427
22.81383
22.69444
22.56853
22.45245
22.32884
22.20395
22.07478
21.95727
21.82771
21.71143
21.58755
21.47387
21.34724
21.23890
21.12382
21.03594
21.07664
21.95056
22.11673
21.76843
21.52732
21.35436
21.20151
21.07888
20.93077
20.82177
20.68129
20.59698
20.44991
20.36657
20.20915
20.14994
19.98600
19.92979
19.74952
19.71084
19.51877
19.49576
19.29354
19.28644
19.06323
19.08490
18.84183
18.88781
18.62099
18.70670
18.41209
18.53425
18.19406
18.36689
17.95957
18.21766
17.83417
18.31247
17.80004
18.27307
17.36536
19.66778
22.06247
