24.87894
24.06775
25.37727
24.59614
25.22216
24.52185
24.90805
24.36333
24.76010
24.39311
24.71730
24.40426
24.62869
24.34368
24.51887
24.26655
24.41595
24.21924
24.34700
24.16457
24.33744
24.43730
24.69041
24.59187
24.59558
24.44002
24.46562
24.35428
24.37855
24.30553
24.33463
24.25616
24.25571
24.18961
24.19654
24.12984
24.12429
24.07007
24.06279
24.01167
23.99625
23.96375
23.94859
23.91741
23.91206
23.89457
23.90264
23.88296
23.85785
23.83051
23.80355
23.78087
23.76308
23.75471
23.74330
23.73829
23.86967
23.99429
24.03579
24.03359
23.98428
23.93574
23.89325
23.85469
23.82244
23.79680
23.77315
23.75185
23.73110
23.71327
23.69388
23.68195
23.71344
23.75947
23.77206
23.75728
23.72841
23.70004
23.67468
23.65294
23.63493
23.61871
23.60356
23.59324
23.58948
23.58683
23.60981
23.67646
23.70849
23.71386
23.71270
23.70113
23.69435
23.71421
23.77788
23.82461
23.82740
23.80845
23.79694
23.79453
23.78535
23.77202
23.75436
23.73581
23.72485
23.72677
23.72388
23.71542
23.70185
23.69646
23.68997
23.68150
23.67049
23.65287
23.63624
23.62211
23.60763
23.59463
23.57890
23.56909
23.57335
23.58641
23.60425
23.62524
23.73889
23.84257
23.86493
23.84759
23.81572
23.78310
23.75482
23.73675
23.71888
23.70048
23.70481
23.71002
23.71961
23.73874
23.74387
23.74434
23.73204
23.70852
23.68307
23.66299
23.65752
23.64692
23.66066
23.62543
23.64530
23.91473
24.26103
24.44751
24.51364
24.48916
24.48335
24.47384
24.55484
24.73255
24.98800
25.17243
25.25721
25.21952
25.13133
25.02939
24.94328
24.85480
24.82713
24.78934
24.74854
24.76859
24.82354
24.82175
24.77694
24.75418
24.82814
25.03363
25.43741
25.88191
26.03755
26.04505
26.26817
26.36575
26.30874
26.15968
26.06430
26.27395
26.34704
26.31528
26.21729
26.07464
26.27683
26.58891
26.60611
26.59194
26.48283
26.40966
26.35241
26.62496
26.83800
26.80569
26.67456
26.47961
26.35345
26.24127
26.16874
26.09296
26.08001
26.05495
26.13698
26.21872
26.25735
26.19548
26.22166
26.21055
26.24019
26.22593
26.36736
26.55626
26.24483
26.22474
26.21058
26.30466
26.48378
26.55143
26.52755
26.47101
26.37591
26.33741
26.33377
26.32936
26.34128
26.64723
26.85328
26.77293
26.70369
26.67445
26.74187
26.96685
26.98391
26.99473
27.08014
27.09338
27.01908
26.86696
26.62708
26.75531
26.90562
27.06581
27.15179
27.09746
27.01494
26.94424
26.88121
26.86078
26.83859
26.89643
26.89554
26.95717
26.94285
26.89857
26.90890
26.89244
26.86972
26.80828
26.74097
26.68854
26.64066
26.61370
26.64737
26.67299
26.67333
26.66025
26.61953
26.68797
26.71548
26.71317
26.65572
26.64336
26.62124
26.69708
26.85643
26.98055
26.92482
26.90114
26.87833
26.94219
27.11037
27.29792
27.30771
27.31367
27.39380
27.08247
27.04789
27.12170
27.18110
27.18784
27.21164
27.28452
27.30299
27.26853
27.19998
27.22311
27.23547
27.21226
27.25204
27.27715
27.21766
27.18976
27.26324
27.19423
27.14601
27.09245
27.07762
27.05439
27.00632
27.02663
27.09822
27.09948
27.16411
27.18808
27.19969
27.24235
27.44944
27.59051
27.66524
27.65709
27.59032
27.51284
27.51053
27.53919
27.45660
27.48873
27.45347
27.45586
27.40201
27.36827
27.34731
27.44791
27.62840
27.75043
27.88356
27.90782
27.88439
27.81721
27.75129
27.65206
27.62876
27.69578
27.77502
27.74013
27.73562
27.66402
27.65180
27.57354
27.61032
27.35144
27.03636
27.09207
27.17729
27.19751
27.13775
27.11099
27.00748
27.06151
27.38511
27.16089
27.19043
27.27606
27.27296
27.18387
27.14929
27.15496
27.01562
26.95514
26.95262
27.06865
27.06588
27.02675
26.98116
26.85720
26.81523
26.89050
26.88963
26.89451
26.83442
26.82561
26.78663
26.63263
26.58440
26.63222
26.66608
26.79194
27.01539
27.14720
27.13911
27.05747
26.96770
26.87968
26.85345
26.87972
26.84172
26.83114
26.90135
26.93815
26.90779
26.89816
26.76701
26.68130
26.62806
26.58935
26.57726
26.53206
26.49238
26.53167
26.78537
26.88566
27.11958
27.28835
27.04222
26.99659
26.98615
27.06526
27.10288
27.13821
27.18700
27.15325
27.09007
27.12346
27.21408
27.35451
27.35882
27.32452
27.35726
27.44459
27.50397
27.56493
27.64649
27.60308
27.59938
27.59369
27.54339
27.57856
27.62697
27.59248
27.61452
27.56463
27.84611
28.10482
28.18052
28.01385
27.75490
27.70880
27.82562
27.99057
28.14127
28.48094
28.59315
28.49884
28.37284
28.26072
28.16099
28.08629
27.99667
27.98064
27.98009
28.28734
28.35809
28.34541
28.29533
28.23091
28.12740
28.10642
28.06077
27.99486
28.02933
27.97511
27.97736
27.95768
27.97784
27.93107
27.81196
28.00235
27.74935
27.81627
27.97458
27.82839
27.74620
27.67939
27.69379
27.77940
28.03466
28.15183
28.16146
28.12814
28.02462
28.07484
28.03929
28.02265
27.98702
27.98683
27.97981
27.96261
27.91446
27.93141
27.95659
28.03184
28.25872
28.36902
28.32075
28.35296
28.50265
28.52801
28.62107
28.74115
28.79116
28.80690
28.78851
28.71398
28.62138
28.51119
28.45365
28.30807
28.21163
28.34424
28.47395
28.44921
28.47380
28.48200
28.31020
28.10302
28.03293
28.04715
28.04649
28.03963
28.01970
27.95767
27.88799
27.82434
27.76283
27.71418
27.68807
27.67040
27.63565
27.59850
27.56150
27.58445
27.60341
27.57490
27.54681
27.55287
27.57408
27.56840
27.54244
27.46082
27.36418
27.36770
27.45317
27.53977
27.57362
27.80927
28.08227
28.37379
28.47435
28.37413
28.39290
28.43684
28.37433
28.34434
28.31682
28.11733
28.08856
28.17582
27.88158
28.13563
28.25067
28.22288
28.03391
27.94860
28.07750
28.04698
28.07387
28.05112
27.99570
28.06967
28.10516
28.22547
28.10603
28.15495
28.25826
28.22320
28.19918
28.37477
28.44627
28.42716
28.36584
28.28981
28.16688
28.02845
28.12816
28.13627
28.07573
28.05094
28.02757
27.78542
27.60237
27.84317
28.33727
28.71750
28.28508
28.07295
28.26805
28.36347
28.53904
28.78232
28.85926
28.52925
28.49354
28.37217
28.35971
28.31615
28.33298
28.16964
28.25421
28.20073
28.25134
28.24034
28.25420
28.26171
28.30496
28.29220
28.31326
28.60618
28.72471
28.74926
28.71681
28.53091
28.61284
28.60955
28.51804
28.45991
28.28637
28.22582
28.40012
28.49304
28.47406
28.41974
28.44313
28.60108
28.65356
28.82725
29.07163
29.23538
29.17707
28.87549
29.04951
29.20422
29.29065
29.23400
29.15628
29.06528
28.96251
28.85138
28.81236
28.78004
28.79665
28.78801
28.80428
28.82942
28.90390
29.05218
29.11532
29.09053
29.08776
29.04133
28.97820
28.94020
28.88960
28.76317
28.78493
28.81730
28.84530
28.80981
28.77684
28.72067
28.70948
28.64941
28.68011
28.73944
28.74326
28.82405
28.88035
28.86316
28.85424
28.79332
28.77022
28.70125
28.69738
28.66954
28.66774
28.39621
28.37312
28.40672
28.34913
28.35813
28.34748
28.34771
28.28104
28.20734
28.18798
28.24622
28.24853
28.24016
28.26013
28.30341
28.32154
28.30832
28.31643
28.35809
28.41791
28.42976
28.41792
28.39424
28.32322
28.27899
28.28575
28.26291
28.23024
28.21131
28.18232
28.20438
28.19587
28.16466
28.15738
28.17211
28.20508
28.22201
28.22586
28.25277
28.28977
28.26304
28.23220
28.18321
28.12048
28.11181
28.11160
28.10388
28.15380
28.14207
28.11461
28.07498
28.05374
28.03491
28.01259
27.99422
27.98850
28.02718
28.08839
28.08152
28.06058
28.00327
27.97868
27.96501
27.95267
27.94045
27.91958
27.90004
27.87618
27.88349
27.91175
27.91170
27.90659
27.89430
27.87292
27.85756
27.83547
27.84739
27.86295
27.85667
27.84816
27.82577
27.81896
27.78968
27.76681
27.75232
27.74027
27.72864
27.71734
27.69981
27.68649
27.67103
27.65432
27.62891
27.60930
27.63282
27.62596
27.59928
27.59570
27.59205
27.58765
27.59010
27.60644
27.62802
27.71843
27.77701
27.78668
27.75501
27.72783
27.69626
27.71299
27.78726
27.82303
27.81061
27.76688
27.73067
27.69037
27.66199
27.63291
27.60434
27.58823
27.57255
27.55734
27.53387
27.51987
27.49560
27.47492
27.46284
27.45982
27.44033
27.43012
27.42372
27.42619
27.39013
27.37449
27.36682
27.38199
27.38875
27.37740
27.36696
27.36011
27.32042
27.28751
27.32076
27.43192
27.52395
27.52749
27.52463
27.46201
27.43706
27.39345
27.37192
27.32542
27.34355
27.31667
27.30430
27.24829
27.31612
27.36957
27.35404
27.27265
27.29537
27.23024
27.24975
27.18765
27.23152
27.15209
27.18916
27.09860
27.17208
27.09182
27.20377
27.10366
27.21389
27.06547
27.21515
27.04495
27.20436
27.00430
27.25346
27.00349
27.29430
26.89909
27.47089
