18.33660
17.12672
17.93821
17.29716
17.94082
17.74314
18.40219
17.90155
18.11539
17.81865
17.97892
17.60525
17.67939
17.37251
17.47071
17.25771
17.33483
17.22263
17.29696
17.09843
17.17323
17.01061
17.16346
17.03777
16.99238
16.86775
16.92378
16.80966
16.80394
16.68888
16.68739
16.59922
16.57404
16.48412
16.46655
16.38013
16.35298
16.27332
16.21872
15.99075
16.12101
16.14453
17.29666
18.83258
18.75197
18.19826
17.82433
17.63808
17.50387
17.42800
17.33227
17.26811
17.18936
17.13611
17.07794
17.01453
16.95853
16.92988
16.85505
16.82326
16.79130
16.74272
16.68755
16.63636
16.57753
16.52023
16.46460
16.41284
16.36931
16.32973
16.27983
16.22779
16.18440
16.16329
16.11238
16.10438
16.02392
15.97763
15.92274
15.90095
15.93552
15.94402
15.84542
15.80504
15.71853
15.67840
15.60127
15.57019
15.48612
15.45883
15.37021
15.34622
15.24520
15.24304
15.15228
15.22654
15.00567
15.55905
16.78580
17.75919
18.28698
19.16765
19.86553
19.43304
18.92152
18.57901
18.42453
18.39587
18.55423
18.39694
18.27240
18.23103
18.15141
18.02112
17.94009
17.85694
17.78617
17.73712
17.67008
17.61602
17.51386
17.51624
17.14082
16.68540
16.86006
17.09212
17.24394
17.10466
17.06796
17.30615
19.61506
21.59704
23.85114
25.98139
27.39764
27.46269
27.14067
26.39572
27.07770
27.87548
28.26253
28.83387
27.21899
27.48669
27.63723
29.29771
29.30676
28.32518
27.91006
27.63986
27.36361
26.61212
27.48524
29.66769
28.77443
27.91644
26.31923
26.44478
26.63773
28.86378
29.09578
27.10898
27.94073
27.92117
27.58081
27.43317
27.48528
27.28263
26.87949
26.57553
27.01062
26.98004
25.79881
25.93659
26.50437
25.81895
26.09055
26.16471
26.11007
25.57138
25.56360
25.69643
26.62576
26.65646
26.65046
26.76584
28.33432
28.34447
27.47988
27.77168
27.11709
26.38210
25.80031
25.66975
25.56712
25.01087
25.34246
26.60772
26.20849
25.57230
25.12426
24.96499
25.02398
24.94136
25.65498
26.00674
25.38414
25.14386
24.63786
24.52396
25.32030
25.32805
25.13535
25.45684
25.52741
24.92538
25.83298
27.02746
27.83037
27.30136
26.34392
25.97009
25.94179
26.72859
26.94603
27.13361
27.99023
28.36597
29.67582
29.09329
27.66735
28.24427
29.31708
30.25903
29.96909
30.32469
30.50550
30.35350
30.17729
30.04927
30.95691
29.86333
30.66588
31.62237
32.60485
32.19665
31.31083
31.41495
32.74267
33.12694
30.88250
30.34416
30.14789
30.27796
30.45680
29.99263
30.02722
29.50780
29.56035
29.71361
29.20392
29.46786
29.58228
29.44295
29.34176
29.72081
29.11996
28.70397
28.26313
28.47787
28.14220
27.86573
27.87160
27.68202
27.48093
27.31613
27.68127
27.70293
27.88561
28.05344
27.54073
26.87386
26.96431
26.53508
26.20594
26.31764
26.97253
26.47345
25.49848
25.57435
26.53741
27.09324
26.76050
26.83444
27.47922
27.79103
27.42638
26.80906
26.35189
26.00134
25.98810
26.18808
26.80950
26.75986
26.47251
26.51314
26.51519
26.35407
26.38609
26.35045
25.83860
25.00224
26.30483
25.89499
26.41842
25.73803
25.25821
25.58693
26.91677
27.30387
26.85946
26.41703
26.09314
25.87725
25.11675
25.87240
26.27905
25.97552
25.51686
25.70195
26.40792
25.31572
25.78861
26.73042
26.27390
27.33332
26.93929
26.48027
26.85293
26.47779
25.56128
25.52151
25.47902
25.67144
25.65842
25.15063
26.28050
27.50499
26.53180
26.03133
25.90823
26.52781
25.82174
26.22981
27.48285
27.28619
26.90437
27.02443
27.40628
26.55784
26.20568
26.39317
26.22674
25.36643
25.70916
27.83990
29.02506
28.39929
27.64518
27.50924
27.57774
27.25308
26.97855
26.78143
26.98119
26.54933
26.66365
26.46849
27.34207
28.33598
30.40456
30.30427
29.16963
28.30281
29.06777
28.71858
28.68332
28.40070
27.99378
28.42961
28.15132
28.11928
27.94699
27.79580
27.60836
27.46671
27.32277
27.27160
27.38857
27.40214
27.21630
27.13350
26.95228
27.37093
28.33240
28.76118
28.26038
27.93690
27.64860
28.27963
28.50550
27.82898
27.46955
27.18947
27.92799
28.40549
27.76473
27.49492
27.43256
27.81050
28.19563
28.06422
27.52306
27.12627
27.30287
28.46401
28.15880
27.55386
27.23130
27.07284
26.94968
26.92710
26.81844
26.82581
27.21547
27.31104
26.75716
28.21215
28.77606
27.57672
27.61235
28.32195
26.40925
26.15378
26.50535
28.24730
31.39286
32.58453
32.34789
31.09286
30.23640
29.65152
29.52061
29.13164
29.27347
30.08240
29.75279
29.75158
30.90375
30.98726
30.44629
29.97037
29.97169
30.42589
30.98625
30.91231
30.37395
31.08998
30.93255
30.16917
31.11440
31.00796
30.26452
30.17029
30.21906
30.70597
31.06896
30.36227
30.56832
30.46683
30.31415
29.80994
29.69155
29.51564
29.41965
29.23937
29.34074
29.15431
29.29451
29.42906
29.21826
28.52802
28.78438
28.89405
29.31756
29.17628
29.07279
28.76612
28.51601
28.28026
29.12136
29.57985
29.58218
30.84285
30.14848
29.39421
29.06076
29.32476
29.28623
28.91275
29.19712
29.54580
29.16082
28.78926
28.90784
30.27675
31.76159
31.58608
32.59846
32.84772
34.41743
33.97683
33.69817
34.07751
32.67781
31.97182
31.66016
32.67308
32.04543
32.21904
32.25618
31.60678
31.42271
32.95498
32.92978
31.90610
32.10961
31.99809
31.24582
31.57301
31.48384
31.56626
33.28144
34.47675
35.00511
36.35975
36.35649
34.76119
34.46562
36.06215
37.90713
37.27699
38.18959
37.73609
37.77939
37.09619
39.29295
39.94437
37.68154
37.22537
35.45946
35.37859
36.61545
36.60411
35.99139
35.89746
36.03895
35.34125
34.99195
35.38210
34.04076
34.70637
35.82479
35.28201
34.61688
33.98356
33.75412
34.16615
36.03867
36.44540
37.19754
38.89603
38.94660
37.56524
40.56420
42.39959
42.39873
40.64987
40.00119
39.31812
38.94154
38.42578
38.10976
37.79844
37.65366
37.69845
37.45870
37.02705
36.79951
36.51200
36.28614
36.02235
35.80190
35.57127
35.41923
35.22683
35.02423
35.01728
36.37447
36.08836
35.01255
35.29144
36.67811
35.76946
34.90156
33.80895
33.28388
33.13633
33.09884
33.09334
32.83091
32.80846
32.71328
32.77666
32.58294
32.39458
32.24304
32.09069
31.94094
31.78065
31.62465
31.64660
31.53896
31.43430
31.30322
31.18974
31.05521
31.03861
30.91543
31.01530
31.75264
32.13822
31.75569
31.24022
30.89560
31.19185
31.51030
31.32523
31.67667
31.64053
31.10545
30.80243
30.56244
30.43571
30.28709
30.39263
30.32166
30.07830
30.16804
29.99058
29.78500
29.68637
29.59063
29.53945
29.39276
29.28428
29.11217
29.07222
28.97036
28.89621
28.83285
28.78219
28.69550
28.62626
28.54848
28.47077
28.38849
28.30832
28.22460
28.13193
28.04968
28.00465
27.92590
27.85720
27.89908
27.95634
27.97041
27.83260
27.73937
27.62193
27.54507
27.43075
27.39371
27.55850
28.44835
28.77893
28.25833
28.04902
28.17942
27.95918
27.76109
27.56757
27.44743
27.29355
27.25184
27.06636
27.74055
28.67377
28.37280
29.04125
29.54203
29.06305
28.40869
28.11155
27.92534
27.80514
27.64007
27.56395
27.43046
27.34193
27.40349
27.35471
27.28045
27.22830
27.11552
27.06206
26.99535
26.94888
27.45962
29.21523
29.84244
31.53902
32.84910
32.46654
31.48542
31.78936
32.69099
31.68983
31.08124
30.79775
30.84801
29.88821
30.05731
30.37010
30.30238
30.13265
30.03371
29.85007
29.73787
29.67462
29.62328
29.81702
29.82245
29.65433
29.47988
29.41982
29.25359
29.78779
30.56627
30.44394
31.26155
31.40735
32.50962
32.45195
30.67769
30.32615
30.27271
30.50331
30.34923
30.14070
29.95356
29.88137
29.72390
29.80398
30.15165
29.98292
29.76058
29.75025
30.20116
30.51865
30.20281
29.59397
29.35684
29.36115
29.25869
29.16598
29.00960
28.95475
28.78043
28.72200
28.64235
28.39255
28.33692
28.34346
28.34670
28.77089
28.85734
28.68562
28.18015
27.74505
27.58700
27.54860
27.41426
27.21503
27.08862
27.01126
26.72764
26.87548
27.23607
27.16262
27.06893
27.05203
27.02561
26.86439
26.78242
26.68693
26.57698
26.47896
26.38260
26.31381
26.20171
26.17186
26.09874
26.00310
26.11472
25.97214
25.88258
25.83891
25.72456
25.65765
25.54565
25.45969
25.19443
25.04938
24.90346
24.71867
24.85993
25.10491
24.93637
24.93798
24.83380
24.66366
24.65417
24.62250
24.51364
24.49353
24.18629
23.87705
23.89104
24.61303
25.50196
25.72054
25.85214
25.62870
25.36829
25.17949
25.03484
24.95267
24.75414
24.72172
24.56561
24.69290
24.57976
24.43959
24.31156
24.23935
24.09524
23.98184
23.90836
23.32247
22.36590
23.34341
22.91491
23.11934
22.68118
22.99504
22.40846
23.47291
24.46735
25.56205
24.68352
25.79064
24.90977
25.90422
24.03951
28.39695
