6.97666
6.57973
6.86739
6.59383
6.81586
6.66950
6.82773
6.68992
6.76772
6.70727
6.81192
6.70112
6.79197
6.74948
6.86305
6.86960
6.95275
6.89806
6.94983
6.88788
6.95240
6.99886
7.04539
6.99351
7.04415
7.08338
7.10385
7.05561
7.01758
6.96880
7.00112
7.09877
7.16339
7.15071
7.12891
7.07294
7.03293
6.98840
6.95356
7.00686
7.29274
7.44199
7.46178
7.38555
7.29433
7.20305
7.18445
7.32444
7.40915
7.39416
7.35952
7.27521
7.21148
7.16513
7.17059
7.18487
7.15601
7.13222
7.09584
7.07463
7.04907
7.05501
7.01830
7.00778
6.98575
6.99749
6.97366
6.95817
6.94387
6.93528
6.96992
6.99290
7.00705
7.00070
6.98263
6.96901
6.95367
6.93815
6.93174
6.91790
6.92161
6.91469
6.89046
6.89174
6.87725
6.87739
6.86691
6.86330
6.85850
6.85610
6.85297
6.85034
6.84659
6.86123
6.85112
6.84152
6.85765
6.94406
7.00017
7.03640
7.03117
6.98300
6.95078
6.93328
6.91655
6.90151
6.88943
6.90089
6.86849
6.86559
6.85407
6.84377
6.84944
6.85680
6.83694
6.83545
6.83056
6.82289
6.81633
6.81014
6.80211
6.79723
6.79080
6.79021
6.77630
6.78309
6.77578
6.76567
6.76347
6.79602
6.89268
6.93948
6.94857
6.94072
6.94792
6.94522
6.94589
6.91581
6.91224
6.88023
6.86182
6.85044
6.84292
6.84094
6.82088
6.81275
6.80077
6.79639
6.80846
6.82129
6.80645
6.81025
6.79905
6.82172
6.95262
7.11523
7.34097
7.56123
7.69878
8.01733
8.30325
8.38565
8.50863
8.83828
8.86340
9.01586
9.19159
9.24464
9.17491
9.37426
8.98044
8.78857
9.08834
9.00198
9.03607
9.12503
9.09991
8.93658
8.75023
8.59803
8.62200
8.63118
8.58473
8.58522
8.50988
8.57439
8.71383
8.69175
8.65974
8.69018
8.81661
8.78054
8.84683
9.15117
9.30486
9.29261
9.14007
8.89281
8.75443
8.70266
8.59250
8.54642
8.68612
8.74453
8.70708
8.61348
8.54255
8.44562
8.41872
8.41608
8.42899
8.61257
8.74227
8.74575
9.04003
9.20972
9.04072
8.88072
8.74763
8.61884
8.56587
8.57685
8.55879
8.57233
8.51922
8.58684
8.63878
8.64490
8.62940
8.54526
8.55154
8.53801
8.53057
8.61320
8.88388
9.10567
9.10690
9.03448
9.13179
9.21077
9.12390
9.27497
9.45247
9.40186
9.34419
9.22092
9.06485
8.91881
8.77421
8.64985
8.66688
8.87070
8.95074
8.90682
9.04231
9.17268
9.06587
8.94030
8.81851
8.71269
8.63930
8.63874
8.71965
8.68137
8.63773
8.57627
8.65244
8.92711
9.02549
8.95235
8.83736
8.70971
8.62890
8.56699
8.53990
8.67184
8.76339
8.73875
8.67174
8.60368
8.53477
8.45709
8.39295
8.45414
8.66770
8.67660
8.95611
9.37504
9.45729
9.32439
9.12405
8.91029
8.75280
8.60870
8.55980
8.58357
8.98158
9.33673
9.29978
9.28372
9.48774
9.56831
9.44194
9.26030
9.06597
8.97996
8.87234
8.80796
8.69338
8.61151
8.52698
8.47209
8.41920
8.38537
8.34946
8.34696
8.33365
8.32079
8.30912
8.40818
8.49103
8.48647
8.45810
8.43913
8.43145
8.46062
8.53433
8.56681
8.52179
8.48493
8.42198
8.36832
8.37152
8.39104
8.33384
8.39858
8.47283
8.44805
8.43080
8.38456
8.32957
8.28708
8.27638
8.23727
8.22328
8.26450
8.28584
8.26152
8.26009
8.22802
8.20868
8.17360
8.15088
8.16962
8.24172
8.36498
8.39711
8.36572
8.33910
8.27456
8.20263
8.17783
8.17542
8.16308
8.15169
8.13401
8.08818
8.07123
8.04520
8.20925
8.39277
8.40452
8.47338
8.83171
9.10323
9.09236
8.96231
8.78130
8.81987
8.94375
8.89802
8.81454
8.66784
8.58316
8.50086
8.41095
8.36717
8.37956
8.35785
8.47149
8.59799
8.60586
8.55419
8.47022
8.37949
8.40607
8.66146
8.77370
8.74362
8.63738
8.54583
8.44752
8.36513
8.30299
8.27043
8.23664
8.20482
8.15761
8.13367
8.05575
8.02892
7.99674
8.00745
7.99142
8.03972
8.01886
8.15051
8.28837
8.31164
8.36035
8.54867
8.69676
8.66938
9.06080
9.40173
9.39087
9.24487
8.95258
8.69255
8.55717
8.82521
8.89858
8.82098
8.71369
8.60746
8.51227
8.41264
8.35433
8.28317
8.40056
9.02827
9.36419
9.43655
9.77416
9.83231
9.73693
9.48771
9.43953
9.57994
9.50453
9.38439
9.15337
8.93519
8.74546
8.81486
9.14671
9.23170
9.17868
9.01752
8.86120
8.80974
8.77532
8.68028
8.62479
8.56744
8.51025
8.45624
8.39458
8.32070
8.29118
8.25788
8.29445
8.34714
8.35549
8.33669
8.30354
8.36689
8.46664
8.47052
8.38247
8.36757
8.27997
8.24203
8.20145
8.20144
8.17990
8.18615
8.13519
8.09888
8.09142
8.16888
8.25144
8.19506
8.23276
8.23892
8.23667
8.21988
8.19132
8.23133
8.28033
8.45547
8.86485
8.99521
8.94702
8.81634
8.66614
8.54601
8.44728
8.38925
8.31389
8.26093
8.21956
8.18285
8.15823
8.14315
8.13881
8.19732
8.39290
8.48731
8.48280
8.43149
8.36390
8.31741
8.29638
8.26865
8.30085
8.33970
8.33065
8.29125
8.25277
8.20653
8.17739
8.13836
8.12579
8.06913
7.96528
7.97489
8.03963
8.05659
8.03166
8.03247
8.05113
8.21744
8.39553
8.43401
8.42156
8.36032
8.33898
8.43895
8.42424
8.42420
8.44223
8.40989
8.32885
8.25613
8.19333
8.14344
8.19833
8.28998
8.29082
8.28729
8.23261
8.27511
8.44016
8.49174
8.46026
8.41677
8.30966
8.26466
8.30257
8.30623
8.34498
8.35176
8.33083
8.33320
8.33226
8.27463
8.21308
8.22546
8.29845
8.30924
8.28910
8.22223
8.15874
8.30755
8.58290
8.64822
8.70551
8.68028
8.58348
8.47583
8.39068
8.31314
8.32810
8.35168
8.34297
8.29602
8.23978
8.20549
8.15642
8.10498
8.06771
8.07047
8.22354
8.33835
8.33574
8.29355
8.22948
8.14009
8.09499
8.06133
8.09379
8.10054
8.09207
8.10279
8.08033
8.05803
8.02616
7.99700
7.97542
7.98750
8.01976
8.07929
8.12632
8.11895
8.08233
8.04688
8.01316
7.98978
7.95726
7.93570
7.91580
7.92490
7.92011
7.92615
7.85582
7.82868
7.79927
7.80108
7.77158
7.75584
7.78843
7.85487
7.91153
7.93017
7.90925
7.88839
7.86326
7.81334
7.81244
7.76330
7.81452
7.93073
7.96390
7.93859
7.90465
7.86940
7.82041
7.81629
7.78452
7.75987
7.81531
7.84206
7.84169
7.83655
7.85039
7.81850
7.78442
7.76308
7.74282
7.72488
7.72828
7.69589
7.65473
7.65403
7.73216
7.98595
8.10761
8.13097
8.07792
8.00323
7.92500
7.89916
7.96514
7.98617
7.96685
7.92613
7.87412
7.83998
7.86551
7.91376
7.91503
7.90151
7.88284
7.83248
7.79812
7.76474
7.74507
7.72085
7.71318
7.69048
7.67653
7.66181
7.63631
7.62452
7.61622
7.61914
7.61154
7.60078
7.58321
7.57722
7.56059
7.55997
7.53636
7.54599
7.54917
7.53868
7.54025
7.52902
7.50908
7.49638
7.48936
7.48696
7.47658
7.46526
7.47475
7.50682
7.48285
7.48409
7.53895
7.81716
8.09651
8.17357
8.14153
8.06308
7.98819
7.89625
7.81804
7.79625
7.78188
7.75128
7.71366
7.67914
7.64758
7.62189
7.58677
7.70384
8.46664
9.10100
9.17783
9.30892
9.60815
9.66795
9.63296
9.49723
9.26021
9.02410
8.84290
8.70413
8.60344
8.53095
8.47022
8.41752
8.39325
8.36159
8.34195
8.31522
8.29378
8.25094
8.23013
8.21185
8.18285
8.15085
8.11265
8.18908
8.96878
9.65168
9.79923
9.73874
9.69868
9.65194
9.48638
9.31140
9.11034
8.94017
8.82733
8.76670
8.69796
8.64479
8.57818
8.51936
8.46674
8.42345
8.38703
8.35429
8.32668
8.29912
8.26697
8.24519
8.23508
8.24891
8.24366
8.23653
8.20947
8.18845
8.15794
8.13907
8.12085
8.10584
8.08589
8.07978
8.07245
8.06775
8.04411
8.03366
8.02091
8.00902
8.01518
8.01386
8.00856
8.00382
7.99159
7.99167
7.98078
7.96713
7.95669
7.95201
7.95036
7.92845
7.92282
7.91255
7.90529
7.89755
7.89143
7.88440
7.87984
7.87753
7.85679
7.85552
7.84496
7.83209
7.82716
7.82136
7.81728
7.80831
7.80239
7.79521
7.78802
7.78090
7.77548
7.76213
7.75746
7.74640
7.74929
7.73667
7.72496
7.71708
7.70884
7.70452
7.69630
7.68735
7.68021
7.67165
7.66468
7.65689
7.64879
7.64222
7.63441
7.63543
7.62604
7.61480
7.60699
7.60337
7.58886
7.58821
7.58097
7.56295
7.56483
7.55017
7.55744
7.54281
7.53444
7.52040
7.52619
7.52068
7.50495
7.48684
7.49831
7.49847
7.47804
7.45559
7.48113
7.44823
7.45000
7.42418
7.44186
7.41270
7.42506
7.39180
7.43150
7.40958
7.42593
7.38920
7.41779
7.38268
7.41568
7.34425
7.40187
7.32667
7.39631
7.30892
7.39539
7.29315
7.40518
7.27093
7.41544
7.24136
7.41722
7.19226
7.45052
7.11400
7.52483
