22.89289
21.76759
22.84320
22.07216
22.68783
22.03707
22.45507
21.95891
22.29885
21.90296
22.14687
21.84974
22.10120
21.83167
22.00020
21.76028
21.89654
21.71386
21.85534
21.70310
21.81561
21.67071
21.85800
21.90018
22.02039
21.92061
21.92826
21.81904
21.84027
21.75764
21.76748
21.68544
21.68846
21.62026
21.61681
21.56245
21.60036
21.59964
21.62652
21.64855
21.66306
21.63852
21.61164
21.56799
21.55055
21.51712
21.47421
21.44453
21.41767
21.40596
21.41726
21.41226
21.40210
21.37828
21.33352
21.31352
21.28449
21.26820
21.24827
21.22279
21.17456
21.17005
21.14202
21.16736
21.21976
21.22712
21.26488
21.26700
21.25126
21.22623
21.20526
21.16917
21.15675
21.11178
21.09133
21.06325
21.02408
20.99611
20.96832
20.93354
20.91307
20.91767
20.90999
20.94082
20.97409
20.95915
20.94060
20.91280
20.93055
20.97311
20.98005
20.96425
20.95075
21.00471
21.04760
21.05780
21.03812
21.00880
20.98771
20.95687
20.94565
20.92261
20.88317
20.83984
20.79918
20.76384
20.72672
20.70254
20.67323
20.64339
20.61792
20.58884
20.56144
20.53224
20.50389
20.49916
20.50090
20.48991
20.46085
20.50006
20.62217
20.71068
20.77637
20.79729
20.75943
20.81521
21.41428
22.07847
22.31542
22.34857
22.24847
22.11482
22.19044
22.78804
23.23089
23.49121
23.47105
23.30658
23.07044
23.08263
23.11481
22.99322
22.89734
22.73225
22.60366
22.46698
22.40969
22.35584
22.40713
22.41193
22.33237
22.40915
22.53158
22.56643
22.56729
22.52717
22.51209
22.52126
22.49458
22.43019
22.31611
22.23484
22.22180
22.18967
22.24660
22.32788
22.29617
22.31792
22.38145
22.57182
22.76171
22.93021
22.94671
22.91658
22.84635
22.74199
22.65958
22.59161
22.50530
22.42755
22.33851
22.26700
22.20328
22.15610
22.10336
22.11223
22.10129
22.09103
22.12599
22.19592
22.20170
22.16321
22.11343
22.06259
21.99347
21.93335
21.96414
22.14014
22.18848
22.18288
22.14210
22.16256
22.37131
22.44625
22.45037
22.37185
22.31381
22.23885
22.18076
22.18642
22.26043
22.29229
22.87890
23.59518
23.79136
23.85752
23.74828
23.53997
23.36026
23.20221
23.13412
23.10460
23.06157
23.00625
22.95827
22.91088
22.79872
22.71659
22.67721
22.63351
22.57854
22.53063
22.49471
22.56117
22.78120
22.88946
22.89631
22.85651
22.80907
22.73551
22.68905
22.67549
22.87952
23.03726
23.05434
22.99757
23.01210
23.13051
23.13818
23.15234
23.18337
23.10401
23.00751
22.95901
22.88038
22.81409
22.72131
22.68989
22.62565
22.56316
22.50374
22.46440
22.43292
22.36705
22.31863
22.29227
22.29043
22.29929
22.26012
22.21612
22.18117
22.14304
22.12926
22.14707
22.17103
22.17170
22.19520
22.19156
22.20731
22.28231
22.40091
22.74028
23.31288
23.54272
23.49859
23.37449
23.23099
23.14477
23.04651
22.93229
22.87668
22.94936
22.98685
22.91895
22.85581
22.82573
22.77307
22.70830
22.73713
22.81929
22.83902
22.82382
22.77292
22.70547
22.64636
22.58042
22.51956
22.44481
22.39453
22.35307
22.34237
22.38182
22.39005
22.40191
22.39546
22.36559
22.32937
22.29952
22.25046
22.20791
22.16056
22.12876
22.07382
22.04557
22.05490
22.15191
22.33796
22.46397
22.58772
22.62086
22.58207
22.51149
22.44138
22.36771
22.31839
22.31251
22.36181
22.31143
22.43632
22.48256
22.48382
22.44131
22.34735
22.30839
22.28716
22.34459
22.45995
22.51096
22.57749
22.68515
22.95645
23.39697
23.67442
23.86174
23.90705
23.84470
23.82870
23.62743
23.45739
23.52718
23.53817
23.45313
23.31732
23.30829
23.58639
24.07316
24.31918
24.34941
24.39865
24.73954
24.61738
24.52225
24.46952
25.02876
25.37410
25.31621
25.19799
25.07096
24.97467
24.85535
24.81628
24.72344
24.60775
24.50072
24.38448
24.28424
24.25836
24.22288
24.17045
24.10254
24.03550
23.96323
23.90517
23.87526
23.84368
23.91978
24.16734
24.35172
24.43502
24.58698
24.55467
24.46466
24.39287
24.36083
24.31664
24.26757
24.18971
24.16433
24.19574
24.23218
24.28144
24.26116
24.20505
24.14097
24.10692
24.29113
24.60581
24.76205
24.72267
24.63115
24.54042
24.51173
24.48521
24.44797
24.58045
24.70690
24.84118
25.14385
25.38613
25.45892
25.33937
25.12724
24.98714
24.94901
24.96491
24.91143
24.85691
24.81369
24.95615
25.24678
25.41093
25.31839
25.19743
25.05511
25.25163
25.50480
25.57134
25.46122
25.37502
25.43639
25.47998
25.38482
25.21659
25.08837
25.01342
24.95454
24.88260
24.83599
24.83185
24.78697
24.77720
24.87840
24.97065
25.08140
25.15537
25.07628
24.94121
24.90788
24.86592
24.85020
24.83688
24.78904
24.84123
25.12006
25.29176
25.27674
25.16912
25.05539
24.94561
24.90676
24.87163
25.17273
25.12068
25.27939
25.65211
25.87314
25.95359
25.84164
25.71017
25.71256
25.86521
25.76443
25.57577
25.50657
25.49357
25.81392
25.87815
25.88899
25.76581
25.58732
25.41252
25.32320
25.35401
25.32243
25.32448
25.38299
25.46054
25.74127
25.79197
25.70816
25.50800
25.54880
25.66047
25.55603
25.47762
25.49331
25.56074
25.55754
25.62396
25.62430
25.76313
25.80089
25.85314
25.99823
25.92619
25.83190
25.70989
25.59577
25.57057
25.59895
25.57362
25.59645
25.59713
25.60225
26.25022
26.69011
26.69676
26.52120
26.33759
26.18764
26.08760
26.03035
26.01245
25.94254
25.86970
25.79812
25.73215
25.77949
25.95562
25.98175
25.91621
25.82032
25.78127
25.68960
25.68187
25.59537
25.58368
25.54685
26.14696
27.14896
27.47376
27.36163
27.12309
26.79264
26.57102
26.33507
26.79751
27.60226
27.76508
27.73322
27.45060
27.19151
26.87083
26.65873
26.47710
26.37272
26.21440
26.86562
27.40960
27.42118
27.23380
27.08690
26.98620
26.82333
26.65817
26.59748
26.52999
26.43254
26.34036
26.32641
26.29135
26.31211
26.32398
26.25419
26.21670
26.08666
26.06513
26.05365
26.69089
28.08400
28.65204
28.58450
28.38933
28.17095
27.81560
27.52677
27.39367
27.26667
27.15412
27.06723
26.92909
27.14934
27.52181
27.61882
27.56687
27.37992
27.21820
27.14327
27.02699
27.26941
27.44702
27.31345
27.12024
26.97160
26.89278
26.82875
26.74288
26.70577
26.62330
26.64772
26.61560
26.53873
26.51426
26.45592
26.36292
26.36884
26.32948
26.25390
26.25581
26.23783
26.30177
26.34574
26.36008
26.36270
26.37886
26.57003
26.60974
26.85835
27.01491
27.02771
26.94811
26.85570
27.18112
27.78437
27.95595
27.86546
27.67154
27.45917
27.24618
27.14946
27.04096
27.06752
27.20451
27.18749
27.07791
27.00300
27.03802
27.07031
26.91131
26.78405
26.70174
26.60304
26.52701
26.66941
27.30239
27.63647
27.76227
27.58666
27.46265
27.32639
27.18278
27.00483
26.86190
26.62391
26.39982
26.36797
26.27567
26.30508
26.17762
26.23236
26.35055
26.42164
26.58076
26.54501
26.58505
26.40125
26.77584
27.54233
27.81383
28.02529
27.82854
27.57610
27.26145
27.03494
26.84135
26.71807
26.58085
26.47961
26.35844
26.29177
26.35829
26.69038
26.76590
27.27060
27.72704
29.26471
30.27328
30.54987
30.20937
30.55745
31.17497
31.13818
30.84349
30.32922
29.95425
29.53195
29.23784
28.92593
28.65568
28.46872
28.34298
28.18557
28.23654
28.47018
28.44954
28.32436
28.15163
28.08943
28.15188
28.34909
28.56717
28.51160
28.42518
28.28216
28.13930
28.10849
28.16691
28.15193
28.06453
27.99035
27.88179
27.92125
28.25130
28.41316
28.40517
28.27398
28.11244
28.02995
27.88157
27.78378
27.68157
27.63163
27.55317
27.50190
27.41277
27.38391
27.31093
27.30471
27.32326
27.91549
28.18574
29.20946
30.38551
31.19489
32.08299
32.20072
31.66764
30.95190
30.64175
31.32860
32.04893
31.86406
31.51068
30.92079
30.47687
30.08769
29.83566
29.60245
29.42177
29.23540
29.12558
29.00083
28.95044
28.86091
28.78956
28.73047
28.70504
28.64938
28.58637
28.54966
28.63556
28.61105
28.79460
29.10795
29.15710
29.04851
28.89954
28.81559
28.73001
28.65450
28.65878
28.64122
28.59784
28.55906
28.52726
28.48677
28.42266
28.37493
28.33159
28.27117
28.24018
28.20307
28.16256
28.10157
28.06299
28.08841
28.37625
28.63285
28.63637
28.54635
28.43160
28.34234
28.28287
28.26290
28.28079
28.31935
28.37853
28.39776
28.29133
28.20056
28.11874
28.08862
28.11730
28.09094
28.02833
28.00942
27.95540
27.91810
27.89444
27.86996
27.82998
27.78461
27.72123
27.66847
27.62924
27.66539
27.69684
27.67731
27.63052
27.60543
27.58801
27.52202
27.47032
27.45063
27.47200
27.49958
27.50532
27.47668
27.47392
27.53953
27.57567
27.51288
27.48064
27.38022
27.38091
27.39453
27.43534
27.36795
27.38554
27.48959
27.77696
27.67305
27.67708
27.49036
27.51651
27.32835
27.38819
27.20543
27.30305
27.09959
27.20373
26.97659
27.12427
26.86657
27.07383
26.76846
27.00919
26.67076
26.96114
26.53986
26.95888
26.54629
27.16090
26.56519
27.19617
26.49878
28.49331
28.35638
30.33642
