18.02260
17.34483
17.51504
16.47638
17.08975
17.25504
18.25130
17.95861
17.93381
17.95174
18.06596
17.43903
17.20434
16.72001
16.66304
16.32242
16.36316
16.56231
16.70947
16.35447
16.31458
16.01480
16.46154
16.44080
16.44640
16.85158
16.71346
16.37192
16.20793
16.06800
16.42719
16.82115
16.72205
16.58184
16.33151
16.46954
16.85987
16.78547
16.59584
16.63187
16.71053
16.58006
16.33455
16.51388
17.20470
17.19590
16.95650
16.69678
16.75208
16.74603
16.52430
16.35926
16.23284
16.18882
16.14879
16.01139
15.94132
15.88692
15.79789
15.68134
15.62592
15.50769
15.56039
15.71210
15.63875
15.47861
15.39438
15.28909
15.26418
15.41108
15.73103
15.89574
16.39119
16.68831
16.47012
17.32496
18.50217
18.82352
18.70817
18.31371
17.76703
17.59086
17.40465
17.20505
17.22691
17.00833
16.80853
16.56017
16.32122
16.17151
16.13175
15.96585
15.82445
15.61547
15.85906
16.48402
17.21622
17.75982
18.40740
18.89068
18.54500
18.02616
17.60137
17.39543
17.33319
17.14997
17.05052
16.82972
16.73659
16.56560
16.98648
17.41742
17.95012
18.35336
17.97119
17.51779
17.14975
16.93421
16.74776
17.00514
17.28449
17.47326
17.37098
17.16851
16.97762
16.77058
16.65408
16.53061
16.50157
16.50499
17.03318
17.17215
16.97559
16.96123
17.10699
16.90651
17.73626
19.42468
20.71500
21.85318
22.19526
21.68173
20.49035
21.34701
21.62744
21.30523
20.92395
20.70933
21.25979
21.41394
22.21652
22.16909
21.75693
21.38050
21.00549
21.07921
22.15414
22.36170
22.47259
23.42468
22.83826
23.19955
23.54676
23.89122
24.09995
23.44619
23.30963
23.27703
23.14034
23.14242
23.47296
23.89373
23.41362
22.96367
22.82398
22.29938
22.27238
21.62268
22.04527
22.95748
22.83448
22.67373
22.49914
22.60388
22.28535
21.86860
21.81188
21.77170
21.66103
21.59566
21.26640
21.27896
21.43446
21.33441
21.14909
20.89440
20.58173
20.97186
21.75356
21.62438
21.37935
21.81887
21.86425
21.68858
21.56467
21.88881
22.56412
22.34368
22.19776
22.21965
22.26093
22.26283
22.07677
22.57444
22.58381
22.29592
21.86209
21.49458
21.23203
21.06264
21.41686
21.59999
21.01576
21.29368
21.57263
21.63148
21.36490
21.06221
20.81198
20.57708
20.71552
21.04201
20.84603
20.58581
20.35120
20.35405
20.17441
20.07075
19.90324
20.52509
21.44935
21.28191
20.84968
20.63622
21.34943
21.99453
22.24228
22.62080
22.95620
22.91229
22.03652
22.22529
22.70592
21.54457
22.15398
22.56396
22.45442
21.56324
21.29316
21.60809
21.72981
21.38485
20.96643
20.71597
20.56010
20.47047
20.35984
20.10739
20.20108
20.28766
21.17731
21.57990
21.11790
20.71058
20.46380
20.39264
20.72022
20.73582
20.88863
21.05331
21.07713
21.53221
22.01499
21.95595
21.42924
21.17559
21.04147
20.76921
20.93748
22.29101
22.97971
22.62602
21.83607
21.39439
21.12765
21.00826
20.95074
20.95177
20.88688
20.81541
20.55224
20.91624
21.15907
21.90147
22.67993
22.30088
22.80218
22.56863
22.47972
22.46709
22.13545
22.64209
22.65531
21.99088
21.79367
21.70932
21.66281
21.69491
21.51213
22.08671
22.56896
22.76959
22.50708
22.05341
21.91970
22.17679
22.18813
22.15547
21.90267
21.62966
22.28289
23.73638
23.84341
23.27670
23.06624
23.59128
24.21016
24.63921
23.91726
23.90108
23.93510
23.47829
23.06550
23.39251
23.94479
23.43130
23.03606
22.77824
22.73531
22.47945
22.15892
21.92899
21.76375
21.61142
21.42887
21.44729
21.47055
21.27476
21.20542
21.05207
21.07253
21.53968
21.81477
21.56993
21.45838
21.56033
21.52210
21.27512
21.22692
21.04575
21.32770
21.53597
21.32143
21.00834
21.19368
21.55336
21.41096
21.24484
22.18147
23.80719
23.75762
23.04194
22.51512
22.33312
22.28312
22.01535
21.84736
22.28536
22.71567
22.90403
22.66713
22.16799
21.74026
21.48828
21.60477
22.57203
22.61831
22.26424
22.55698
24.24621
24.52897
23.50344
23.11037
23.43633
23.70430
23.23961
23.47160
23.84236
24.62166
25.11979
24.69346
25.17317
25.25006
24.94427
25.32788
25.62335
24.73012
24.22103
24.93526
25.64205
24.94725
25.32212
26.95604
27.28462
27.04100
25.96499
25.47467
25.04808
24.61940
24.42711
24.18007
24.23077
24.42059
24.94343
25.05966
24.63429
25.05000
25.12784
24.55483
24.45140
24.22972
24.05173
24.10692
23.99903
24.03627
23.85829
23.52929
23.65027
23.59119
24.09938
24.03472
23.54811
23.28540
23.66125
23.62903
24.04736
24.33285
23.88980
23.86555
24.21608
24.97397
24.84869
24.72869
25.02310
25.31847
24.80083
24.37873
24.57605
24.96092
24.36842
23.98453
23.91022
24.63067
24.50738
24.05261
24.48963
25.79432
25.39560
24.67377
23.91230
23.70634
23.55914
23.70702
24.10295
24.38181
24.35897
24.23293
23.95070
23.80681
23.91020
24.81635
25.31222
25.14702
24.53895
25.44448
26.64270
26.72606
26.79850
26.56573
25.91957
25.66165
25.50375
25.16341
26.37096
26.60449
25.81805
25.34016
25.87391
26.17258
25.69249
25.16912
25.15877
25.59161
25.24499
24.75116
24.59687
24.33634
24.20404
23.93529
23.72314
24.27630
24.51033
24.33687
24.52736
24.81030
24.58767
24.40992
24.36227
24.46765
25.10366
24.96521
24.77782
25.15228
25.44777
25.23263
25.19415
25.49885
25.00789
24.72294
24.81882
24.63510
24.42527
24.29608
24.41156
24.18879
24.17059
23.91346
23.79267
23.71161
23.36736
23.91013
24.17808
23.89640
23.66045
23.82011
24.05630
24.06728
24.20690
24.23499
23.85742
23.67366
23.82663
24.70051
26.50253
26.31573
25.64289
24.93213
24.78913
26.16709
26.16846
25.14751
24.57030
24.73231
25.07994
24.94078
24.62339
24.23030
23.96755
24.10044
24.16800
24.17851
24.04949
23.82528
23.90485
24.61365
25.10784
25.41316
26.20031
26.31473
27.31729
28.46036
28.71718
28.13530
27.00079
26.32389
25.97911
26.65693
26.49275
25.96468
25.53244
25.55654
25.47364
25.21962
25.03370
24.90262
24.90724
26.15431
27.42966
27.71648
27.29346
27.18235
26.89920
26.32143
26.22206
26.04456
25.93450
25.80443
25.71236
25.53354
25.47429
25.75422
25.54102
25.64772
26.41061
27.26928
28.42085
27.84390
26.96858
27.66906
28.91365
28.80830
28.78257
29.75712
30.50799
31.89832
32.55971
32.36084
31.41980
31.78080
32.83179
34.25901
33.17025
32.96300
33.87729
33.67098
32.36962
32.90336
33.40868
32.06628
32.78030
33.55586
33.96159
34.58851
33.20745
32.66703
32.30013
31.73778
31.12419
31.11197
31.52823
32.56625
32.59125
33.44839
35.49441
34.37641
32.92025
31.95290
31.62579
31.64191
30.92409
30.24419
29.91150
29.23824
29.19041
29.80222
29.87708
30.33648
30.53342
29.46053
29.81603
30.96286
30.71835
31.58604
33.01873
32.96821
33.96428
32.55112
32.54049
33.78326
32.84178
33.79797
34.22275
34.76918
34.63886
33.38317
31.95883
32.25605
32.06696
33.40854
33.57382
32.31094
32.51942
32.59957
32.73946
31.88897
31.01039
30.76616
30.56276
30.10303
29.81209
30.21654
30.40956
29.93772
29.88863
29.63689
29.11033
28.90083
28.92342
28.34970
28.78084
29.21770
29.63994
29.13257
28.47502
28.07440
28.76425
29.19413
28.61510
28.10312
27.86172
27.96303
27.61914
27.28600
27.40566
27.71471
27.67757
27.79660
27.48824
27.16261
27.45154
27.57971
27.23342
26.84014
26.56889
26.44418
26.27715
27.06277
27.92950
27.28697
28.42364
29.18694
29.22944
29.15866
30.24974
29.89746
29.16657
28.64654
27.63823
27.22769
26.79088
26.86645
26.78761
26.51687
26.20852
25.96117
25.78535
25.64287
25.46126
25.46504
25.51512
25.93156
26.15631
25.78421
25.47511
25.35558
25.14754
25.06197
24.96649
24.89280
24.82348
24.74041
24.66169
24.59157
24.50600
24.44676
24.38713
24.39353
24.55872
24.97787
24.97347
24.70532
24.56597
24.53645
24.45921
24.43120
24.72416
25.03088
24.93385
25.08039
25.34570
24.98029
24.80763
24.66048
24.83266
24.88019
24.74076
24.55718
24.42253
24.30408
24.19211
24.05298
24.40533
25.22558
25.31395
25.14673
24.78056
24.51663
24.34014
24.36674
24.27875
24.15166
24.10817
24.09968
23.90353
23.75980
23.65480
23.84590
24.37615
24.32954
24.04374
23.85820
23.67525
23.66138
23.98440
23.86557
23.64580
23.50000
23.40277
23.32192
23.36060
23.31396
23.17824
23.07435
22.97923
22.90505
22.83531
22.73128
22.78478
22.84540
22.76187
22.64745
22.58634
22.49421
22.45941
22.32336
22.52023
22.95976
23.52254
23.79731
23.41912
23.15760
23.00141
22.93008
22.76459
22.64587
22.51549
22.44340
22.33877
22.25441
22.15493
22.06853
21.99151
21.90731
21.83830
21.75039
21.66575
21.60781
21.58050
21.54056
21.47760
21.37771
21.51592
22.33681
23.44424
25.08787
26.70632
27.17983
26.16329
25.46900
24.92484
24.63630
24.41114
24.35529
24.07131
24.27505
24.27079
24.47376
24.57193
24.20027
23.73834
23.56213
23.25480
23.21113
22.97421
22.98591
22.72991
22.71264
22.37115
22.41607
22.11895
22.24662
21.90743
22.15244
21.78066
22.00683
21.64483
22.66331
24.46958
27.20681
28.64915
30.36978
30.13754
32.03933
30.07317
