42.17699
39.81107
41.83828
39.48175
40.45977
39.95633
40.15856
38.84065
39.13233
38.30290
38.74453
38.17465
39.09875
38.80048
38.76605
38.21866
38.74705
38.54265
38.51578
38.18300
38.22297
37.91191
37.96307
37.70570
37.72222
37.57036
37.82823
37.75268
38.54399
38.40952
38.06569
37.87513
37.70724
37.69924
37.72643
37.44290
37.31849
37.11647
37.03584
36.87479
36.81840
36.66582
37.03524
37.28963
37.07858
36.84313
36.70702
36.75266
36.63955
36.48473
36.35853
36.25549
36.34010
36.51250
36.75264
36.60574
36.46129
36.30751
36.13989
36.03330
35.94214
35.83348
36.02121
36.20530
35.97419
36.07814
36.24233
36.06440
35.86537
35.81167
36.18941
36.13060
35.91819
35.70699
35.61780
35.44763
35.78997
36.55556
36.34930
35.96990
35.72834
35.57734
35.46523
35.38916
35.32790
35.23261
35.17871
35.06939
35.25175
35.43364
35.26205
35.10242
35.01122
34.91520
35.08614
35.18782
35.10527
35.09339
34.99147
34.83010
35.14809
36.09963
36.07196
35.85026
35.58512
35.34819
35.21085
35.13937
35.90053
36.45739
36.04272
35.71527
35.46293
35.36507
35.25402
35.22355
35.10149
35.06293
35.00184
35.05361
34.92879
35.08353
35.48379
36.57173
37.11664
38.05505
38.21729
38.84758
39.67048
39.09656
38.48189
37.93670
37.69289
38.44434
39.13879
38.49952
38.20270
38.37157
39.73716
40.55091
41.55548
42.42348
41.41607
40.64443
41.58962
41.34592
41.61323
41.69273
41.12796
42.01600
42.06623
41.47736
41.13123
40.79108
41.13431
41.80035
42.24576
43.31569
43.59019
42.97146
42.00206
41.77531
41.83987
41.35873
41.70714
41.63180
41.98030
41.58277
41.28708
41.56933
40.98088
40.94482
40.90494
41.25885
41.12557
41.15355
41.12873
41.52781
41.27380
40.90538
40.77874
40.53009
40.43234
40.49758
40.15975
40.11444
40.14915
40.46941
40.61784
40.17594
40.32431
39.95364
39.65790
39.61530
39.72227
39.72255
39.80594
39.66424
39.49106
39.41081
39.26478
38.80358
38.96103
39.37659
38.96656
39.02748
39.03417
39.13102
39.37606
39.56542
39.50689
39.31063
39.20722
39.08720
38.69154
38.54359
38.58544
38.47436
38.20441
38.11785
38.12613
38.02677
38.27271
38.50000
38.26087
38.08464
38.14413
38.85722
38.71699
39.53705
39.62121
39.06445
39.27003
39.09343
38.71736
38.50684
38.30919
38.15670
38.15394
38.23991
38.38137
38.17517
38.10743
38.26018
38.25805
38.04752
37.97479
37.80422
38.11065
38.76591
38.41009
38.72838
38.62329
39.11628
40.27138
40.02772
39.62382
39.01192
38.68102
38.63361
38.51384
38.23564
37.96252
38.01797
38.71235
38.82721
38.86626
38.88636
38.69189
38.48620
38.34379
38.16547
38.06907
37.92841
37.93514
37.87000
38.17901
38.76784
38.51023
38.53385
38.46036
38.13846
38.11276
38.04185
38.16114
38.04222
37.79123
37.51819
37.82606
37.76909
37.50073
37.27542
37.14304
37.11209
37.37076
37.18159
37.20884
37.20787
37.26094
37.08542
36.88864
36.94348
38.06599
39.63988
40.51073
41.83436
42.06296
42.62270
42.87904
41.87044
40.81586
40.32263
40.14699
39.84195
39.78261
39.78676
39.52307
39.89939
41.40031
41.13796
41.17310
41.89145
41.37831
40.82222
40.44513
40.18821
40.04815
40.12873
40.02748
40.10186
40.19895
40.34447
40.41073
40.69104
40.36426
40.89112
41.71079
41.19782
40.63769
40.34980
40.37079
40.43344
40.07650
39.73306
39.50194
39.42044
39.35561
39.25340
39.20552
39.06577
39.09070
39.72145
39.88298
39.57032
39.49497
39.80236
40.27013
40.33996
40.21408
39.75126
39.16252
39.24638
39.93767
39.64528
39.38680
39.18373
40.12641
40.29032
39.77982
39.68860
39.50247
39.21345
38.95202
38.81575
38.69975
38.67232
38.58901
38.48538
38.24238
38.37619
39.00391
39.07871
39.16838
38.91336
38.62457
38.88578
38.77179
38.43752
38.44909
38.30205
38.49976
39.93691
40.27085
39.85316
39.85981
39.50658
39.52594
39.26793
39.03907
38.87597
39.70599
39.71713
39.38126
39.25423
38.93641
39.08698
39.12549
39.28308
39.56392
39.40882
39.42759
39.47881
39.17633
39.02579
38.88475
38.81599
38.70396
38.65834
39.80887
40.36754
39.85119
39.69841
39.33306
39.26176
38.97624
39.12394
39.40663
39.20017
39.02857
39.71920
39.74807
39.14755
39.36435
39.54131
39.21445
39.04634
38.87803
39.03672
38.77019
39.38380
41.22106
41.29421
40.59194
40.08496
39.96622
40.34018
41.23789
40.90625
40.00919
39.87647
39.90020
39.58881
39.47618
39.33138
39.21667
38.97994
38.85631
38.75252
38.78450
38.59078
39.28961
40.87533
40.38297
39.76096
39.37793
39.01158
39.35068
39.53397
39.21200
39.25978
39.42204
39.13332
39.38386
39.88896
40.49454
40.51125
40.69373
40.89938
41.83555
41.76285
41.84379
41.49221
40.99204
40.88803
40.75736
40.78571
40.79773
40.67658
40.90051
41.35312
41.55155
41.46291
41.45595
42.24529
41.83796
40.97204
40.87788
40.94339
40.69889
40.46834
40.17905
40.10252
40.05526
39.79882
39.93062
42.28526
42.45596
41.45866
41.58069
42.32018
42.02112
42.22044
42.54553
42.73898
42.22438
41.65876
41.46189
41.24846
41.24162
41.08086
41.53845
41.80035
41.44486
41.04844
42.18313
44.08005
43.32500
42.10086
41.75815
41.86758
41.57066
41.35584
41.23734
41.21160
40.81233
40.62477
40.30104
40.70532
41.26500
40.85806
41.35217
41.56378
41.24073
40.78595
40.72248
41.29979
40.84088
40.44249
40.22837
40.24892
40.39159
40.32221
40.82522
40.92993
40.47830
40.55871
41.35095
41.62045
41.21115
41.11285
40.73810
41.36291
42.52773
42.54880
41.77845
41.44176
41.30798
41.35644
41.72783
43.30445
43.39263
43.29385
42.69177
42.18596
42.01687
41.63262
41.44277
41.15979
40.86844
40.88051
40.81020
40.70703
40.85588
40.74417
40.65927
40.50885
40.78482
41.04230
40.59851
40.54858
41.12314
41.03472
41.62387
42.52666
42.33704
42.01744
42.08580
41.64576
41.55096
42.80414
42.71014
42.01919
41.82893
41.58895
41.27109
41.17086
41.03692
40.82897
41.10836
41.49286
41.20318
41.01688
40.86458
41.34698
42.29965
41.93001
41.59497
41.36157
41.17244
40.98144
40.97482
40.87506
40.84612
40.59245
40.73947
40.86309
41.63449
41.50664
40.83676
40.43589
42.17135
43.57615
42.75172
42.63028
42.57238
42.59365
42.58639
42.36820
42.31284
42.92441
42.28388
41.69843
41.68710
41.87363
42.45404
42.32559
42.51170
43.29968
43.92180
43.91511
43.66353
43.15231
43.42261
44.90477
44.31392
43.44380
43.06334
43.08573
42.94816
42.66526
42.50813
42.33048
42.46106
42.30060
42.33998
42.29292
42.23966
42.17156
41.94569
41.90829
41.92835
41.65635
41.77767
41.60929
42.87209
44.12273
43.40984
42.68221
42.61601
42.91704
42.40321
42.23069
42.40701
42.17483
42.07755
42.04054
42.14798
42.07033
41.91623
41.90620
41.73409
41.60814
41.65285
42.14006
41.96883
41.80603
41.91421
41.59546
41.71997
42.34624
42.03322
41.72089
41.59834
41.43125
41.68371
41.90933
43.05129
42.73716
42.61973
43.71404
43.07048
42.44565
42.00416
42.04847
41.67495
41.90963
41.95847
41.73754
41.46199
41.54976
41.55623
41.84510
42.16373
41.84853
41.76641
41.63244
41.66754
41.51320
41.76317
42.19267
41.76817
41.62053
41.61280
43.93492
46.04414
46.98736
47.52037
47.44748
48.05565
49.15497
48.44778
48.39115
49.43823
48.21140
47.73790
47.31569
46.72172
46.36577
48.20891
48.31846
47.86405
47.46650
48.27931
47.43856
48.14242
48.87805
48.65953
48.91656
48.46258
48.44400
47.24280
47.00843
47.09723
46.64615
47.00127
48.45540
48.03572
47.06720
46.83621
46.50695
46.26702
46.77927
46.73086
47.24445
48.01986
47.25864
46.63256
46.27859
46.04486
45.73991
45.49778
45.34677
45.28076
45.07420
45.07642
45.99107
46.21445
45.58028
45.98235
46.76891
46.46567
45.83779
45.33563
45.02139
44.75612
44.54557
44.33923
44.19150
44.05494
43.90272
43.71586
43.68542
43.70853
43.86227
43.95126
43.65139
43.40293
43.21741
43.09396
43.31867
43.21907
44.34253
44.71958
43.86888
43.51304
43.19443
43.27199
43.30465
42.99187
43.14097
43.84733
43.47215
44.03899
44.28512
43.59395
43.29387
43.00581
42.83277
42.62400
42.56851
42.36849
42.26018
42.05333
41.99312
41.77080
41.83602
41.70742
42.43004
43.36895
43.00457
42.57256
43.09302
43.27913
42.60184
42.33351
42.05603
41.93955
41.75911
41.60962
41.77811
42.41113
42.11496
41.83474
41.59614
41.47542
41.45927
41.45493
41.28335
41.28455
41.27093
41.17100
40.96138
41.29924
41.40696
41.19093
41.12791
40.97673
40.80212
40.70213
40.56647
40.48841
40.34347
40.30402
40.15357
40.13244
39.93643
40.41694
40.48373
41.05786
41.86255
41.35022
41.14247
42.74339
44.56214
43.97726
43.80769
44.57845
