26.43318
25.04405
26.14648
25.18443
25.90202
25.20143
25.73595
25.20734
25.67319
25.26584
25.57935
25.21583
25.48291
25.21185
25.42698
25.16815
25.34548
25.12619
25.26404
25.07101
25.16996
25.00753
25.10923
24.96447
25.03666
24.92364
24.96098
24.85375
24.87720
24.78744
24.81822
24.74789
24.76543
24.68369
24.68109
24.62305
24.63204
24.57377
24.56090
24.50465
24.48889
24.43738
24.41174
24.36267
24.34059
24.30096
24.26800
24.22275
24.19221
24.15298
24.11781
24.08252
24.04281
24.01295
23.99431
23.96133
23.93352
23.89965
23.86156
23.82158
23.78089
23.74001
23.69993
23.65862
23.63176
23.59337
23.58688
23.58966
23.56027
23.52706
23.49543
23.46194
23.42507
23.39491
23.36155
23.33161
23.29729
23.27469
23.25097
23.22578
23.19872
23.17131
23.13834
23.11058
23.08016
23.05193
23.02128
22.99782
22.99184
22.98000
22.95575
22.93470
22.91089
22.89553
22.87934
22.85614
22.84278
22.82446
22.84054
22.85602
22.83372
22.80883
22.78389
22.76475
22.75854
22.85452
22.85319
22.88231
22.93213
22.96993
22.98003
22.97529
22.96200
22.94501
22.93337
22.91676
22.89018
22.86441
22.82959
22.80947
22.77321
22.76447
22.75933
22.76943
22.73344
22.83193
23.19945
23.57698
23.84966
24.02742
24.13061
24.33066
24.56688
24.68056
24.65561
24.64163
24.60647
24.53661
24.52097
24.50824
24.46813
24.40268
24.35742
24.30058
24.24715
24.20602
24.17462
24.20850
24.18490
24.14434
24.13114
24.19412
24.19041
24.48638
24.75634
24.95865
25.14664
25.15807
25.11346
25.24962
25.38559
25.40055
25.12009
25.24875
25.26554
25.14830
25.25631
25.23920
25.33129
25.34794
25.34092
25.69874
26.12076
26.06962
25.92149
25.79264
25.81850
25.74514
25.61817
25.42725
25.44416
25.40733
25.43741
25.40690
25.52876
25.60779
26.14225
26.34216
26.09578
26.08265
26.07893
26.01683
25.96553
25.95652
25.93678
25.94886
25.94331
25.94673
25.90234
25.82597
25.77232
25.69462
25.66254
25.59934
25.61385
25.48752
25.30886
25.40192
25.50172
25.63474
25.63920
25.63456
25.59507
25.53431
25.41285
25.48940
25.61475
25.75052
25.77416
25.76600
25.71881
25.66548
25.61705
25.57367
25.48430
25.45938
26.05828
26.36287
26.65915
27.37734
27.27644
27.11592
27.01318
26.94556
26.85107
26.84033
26.89655
26.90342
26.84693
26.75985
26.98941
26.93751
26.55585
26.48311
26.38064
26.67736
26.68207
26.61228
26.59379
26.55477
26.41296
26.32257
26.44857
26.54216
26.51725
26.53949
26.56647
26.52277
26.42984
26.36968
26.40336
26.44362
26.36991
26.35714
26.20017
26.19478
26.28560
26.23004
26.36043
26.55685
27.12943
27.50372
27.41566
27.23483
26.99475
26.89318
26.87048
26.80446
26.73033
26.64882
26.58076
26.50786
26.43842
26.40123
26.36838
26.31142
26.22415
26.13310
26.06846
26.03485
25.96453
26.07917
26.10414
26.04189
26.00287
25.96552
25.93948
25.85173
25.73691
25.67756
25.64552
25.67018
25.69275
25.65902
25.60933
25.56831
25.51391
25.44062
25.41493
25.41050
25.34586
25.19654
25.17398
25.32104
25.51774
25.63758
25.65463
25.64636
25.59864
25.59069
25.51747
25.62704
25.87089
26.57890
26.72247
26.67397
26.68469
26.66531
26.68056
26.60742
26.56333
26.48933
26.30120
26.35117
26.40836
26.29251
26.26568
26.35474
26.36294
26.27743
26.31905
26.63718
26.72812
26.75769
26.90586
26.83199
26.77614
26.73022
26.62058
26.39475
26.52166
27.07703
27.05130
26.96559
26.90691
27.00278
27.05047
27.26708
28.27213
28.71285
28.57340
28.42374
28.34745
28.39404
28.40798
28.32777
28.24123
28.27124
28.46410
28.49745
28.40386
28.31756
28.25133
28.19220
28.10026
28.05304
28.14725
28.22637
28.15492
28.17276
28.01405
27.87900
28.03043
28.13963
28.16873
28.09283
28.03045
27.98548
27.90510
27.90334
27.87344
28.27675
28.35181
28.44692
28.46207
28.46423
28.40548
28.16138
28.07290
27.94540
28.05889
28.21089
28.11763
28.08748
28.09939
28.21630
28.15199
28.62643
29.05995
28.57652
28.41500
28.54109
28.83212
28.72702
28.67742
28.64164
28.57747
28.49595
28.39459
28.27969
28.18467
28.16592
28.23259
28.32406
28.29257
28.22043
28.07608
27.87875
27.89322
27.85176
28.05676
28.01244
27.98964
27.95303
28.15369
28.50421
28.50587
28.74165
28.84385
28.75928
28.69520
28.73495
29.56694
30.50639
31.25439
31.19237
31.11729
31.20650
30.94200
30.73844
30.58642
30.49116
30.37897
30.26822
30.23145
30.36516
30.27234
30.32690
30.52599
30.42115
30.28760
30.16950
30.08101
29.97319
29.95096
29.87101
30.10176
30.36672
30.30922
30.23021
30.16361
30.17225
30.10360
30.03226
29.96813
29.90044
29.82573
29.77089
29.84329
29.82122
29.74232
29.68365
29.60783
29.56347
29.60870
29.59837
29.55242
29.53322
29.48179
29.46054
29.38689
29.34819
29.24537
29.27399
29.22106
29.21538
29.50670
30.14551
30.11265
29.92232
29.85960
29.77681
29.74022
29.85812
29.69434
29.32227
29.23830
29.48394
29.37207
29.16128
29.29816
29.16411
29.10559
28.99783
28.94635
28.82949
28.60643
28.57910
28.51059
28.43729
28.37538
28.29710
28.22821
28.14364
28.17225
28.10602
28.09504
28.00014
28.01595
27.81959
27.73094
27.86264
27.83687
27.80456
27.82590
27.88453
27.97126
28.34113
28.82386
29.25859
29.20371
29.20381
29.08025
29.15445
29.06827
28.93167
28.79221
28.82069
28.74248
28.73227
28.79500
28.88083
28.89401
28.88118
28.71187
28.64381
28.52489
28.56060
28.47467
28.67826
28.69125
28.34625
28.68403
28.93623
28.94545
28.88146
28.86502
28.82767
28.57585
28.49688
28.42977
28.51159
28.48958
28.62783
28.88428
28.77648
28.81815
28.79107
29.11585
29.30740
29.30415
29.27376
29.17901
29.09116
29.13665
28.88435
28.76550
28.84926
28.84126
28.79259
28.66735
28.71014
28.57469
28.46103
28.49273
28.50632
28.28060
28.21184
28.21738
28.27465
28.26767
28.23926
28.09826
28.05672
27.96478
28.01757
29.04697
30.12581
31.06877
30.96391
30.98657
30.82814
30.68455
30.67317
30.41932
30.46118
30.50458
30.93674
31.30752
31.28532
31.11425
31.02272
30.86079
30.70596
30.54395
30.37722
30.24167
30.04434
29.99308
29.86866
29.82122
29.80255
29.94089
29.64278
29.50417
29.41691
29.39107
29.30615
29.23574
29.13694
29.10031
29.04761
29.02202
28.86274
29.19598
29.88194
29.95097
29.90947
29.83348
29.75999
29.67260
29.60827
29.52664
29.45468
29.37447
29.28888
29.29103
29.27465
29.19729
29.30223
29.44193
29.35199
29.30685
29.31342
29.37315
29.37583
29.79462
30.06511
29.97831
29.80886
29.84862
29.87113
29.80375
29.80981
29.74268
29.68292
29.59257
29.53691
29.45589
29.38852
29.29741
29.21066
29.12782
29.08412
29.02587
28.97770
28.91507
28.86634
28.78439
28.72651
28.65124
28.59593
28.51105
28.47215
28.36935
28.37250
28.38875
28.42345
28.49276
28.57498
28.65084
28.88553
29.31938
29.75321
30.20672
30.42440
30.50398
30.42221
30.32332
30.24987
30.17228
30.08468
30.10161
30.12937
30.01885
29.95765
29.87730
29.95561
29.88254
29.91148
29.84640
30.02592
30.39018
30.39624
30.57417
31.11460
30.99901
31.56943
32.34312
32.08411
32.11110
32.12923
31.94783
31.79623
31.69855
31.66163
31.65681
31.73957
31.70771
31.56592
31.50015
31.43726
31.81777
31.86831
31.72386
31.79911
32.30483
32.25758
32.03813
31.93169
31.86745
31.83249
31.73140
31.66930
31.65343
31.59024
31.50858
31.43043
31.34450
31.26460
31.17799
31.08929
30.99408
30.92914
31.03251
31.06107
31.03120
30.97652
30.93689
30.91887
30.86751
30.81547
30.76093
30.69266
30.67021
30.73878
30.91428
30.95208
31.52442
31.85757
31.75119
31.67433
31.57684
31.58425
31.68389
31.64895
31.56682
31.51692
31.43671
31.42847
31.41121
31.71701
31.86971
31.72573
31.68746
31.59298
31.55739
31.51329
31.46101
31.39102
31.33124
31.24818
31.19245
31.10515
31.04462
30.93197
30.94733
31.03419
31.00536
30.95025
30.91230
30.83040
30.84231
30.95214
30.93982
30.91228
30.87777
30.83760
30.79975
30.81692
30.81994
30.82030
30.78052
30.74307
30.69249
30.65152
30.67189
30.66660
30.62331
30.57797
30.53510
30.48546
30.43892
30.37021
30.33717
30.50945
30.56463
30.53902
30.64502
30.85171
30.84308
30.81777
30.78884
30.74921
30.69888
30.66224
30.64636
30.58669
30.55973
30.48774
30.46068
30.37900
30.35993
30.26874
30.25142
30.18165
30.19941
30.09991
30.10092
29.98474
30.06323
29.96105
30.05399
30.09280
30.25300
30.08243
30.19160
30.18216
30.96829
31.65764
32.34642
32.13574
32.14754
32.15535
32.79054
32.62721
32.92993
32.47033
32.78055
32.26409
32.71117
32.03240
32.65136
31.84148
32.83164
31.54139
33.24510
