12.67749
11.94729
12.47265
12.00710
12.35604
12.01533
12.27097
12.00877
12.20407
11.98830
12.13930
11.96395
12.10752
11.96900
12.06562
11.94335
12.02467
11.91864
11.98317
11.89237
11.94944
11.86652
11.90742
11.84631
11.87824
11.81763
11.84054
11.79239
11.80915
11.76591
11.78138
11.74918
11.76316
11.73321
11.73894
11.70795
11.71087
11.68243
11.67316
11.64208
11.63605
11.61265
11.59452
11.56604
11.55882
11.57229
11.57455
11.54916
11.52281
11.49578
11.47498
11.46429
11.45150
11.43469
11.41911
11.40623
11.40204
11.38765
11.39434
11.40517
11.39080
11.37327
11.35570
11.34306
11.33339
11.32423
11.30604
11.29204
11.27924
11.27057
11.25670
11.23940
11.22224
11.20979
11.19853
11.20220
11.20139
11.18600
11.17215
11.15193
11.13803
11.12319
11.10945
11.10002
11.08647
11.07010
11.05671
11.04407
11.02689
11.01148
10.99749
10.98517
10.97288
10.95787
10.94808
10.93887
10.92574
10.91128
10.89802
10.88544
10.87396
10.87352
10.87712
10.86193
10.85023
10.83487
10.82304
10.80910
10.79743
10.78198
10.77032
10.75867
10.74449
10.73075
10.71727
10.70432
10.69266
10.67899
10.67053
10.65611
10.64741
10.63428
10.62333
10.65257
10.68194
10.66756
10.65477
10.63658
10.65542
10.77005
10.91211
10.90904
10.90605
10.95053
11.36358
12.10597
12.70034
13.10160
13.36361
13.81106
13.82358
13.77917
13.72467
13.55544
13.42164
13.45851
13.45514
13.59400
13.61789
13.50346
13.39589
13.44715
13.36262
13.41031
13.43160
13.61865
13.82579
13.67934
13.53592
13.41675
13.35216
13.31049
13.25298
13.21999
13.15283
13.42697
13.97383
13.93388
13.74186
13.77131
14.00526
14.14199
14.77727
14.90374
14.75820
15.00498
15.24781
15.37890
15.51995
15.62507
15.30595
15.04372
14.90276
14.80292
14.71630
14.67041
14.62240
14.63178
14.82264
14.87791
14.76381
14.75640
14.74224
14.62373
14.52585
14.81037
15.32293
15.34977
15.14312
14.96360
14.84796
14.77511
14.71236
14.64761
14.64991
14.64061
14.69868
14.69367
14.61465
14.54555
14.49953
14.45136
14.48130
14.64329
14.67075
14.60116
14.57782
14.54756
14.47903
14.43315
14.49852
14.71787
14.75367
14.68761
14.64823
14.56525
14.48647
14.42719
14.38589
14.35023
14.31857
14.28231
14.24681
14.21549
14.23647
14.25537
14.23063
14.23922
14.29263
14.27983
14.35402
14.54390
14.50149
14.40551
14.29492
14.20286
14.16058
14.35104
14.55717
14.46273
14.36256
14.26737
14.54899
15.11382
15.43445
15.25557
15.02406
14.78027
14.96449
15.47565
15.50469
15.54330
15.35099
15.11456
14.91515
14.95547
15.22887
15.16489
14.95391
14.79641
14.68871
14.65231
14.61208
14.57005
14.53679
14.51255
14.43570
14.37327
14.36784
14.32706
14.27699
14.30990
14.30716
14.54938
15.09789
15.65698
15.61557
15.37095
15.23080
15.08688
14.96637
14.87684
14.81140
14.84380
15.25082
15.39005
15.63757
15.81170
15.60044
15.39029
15.25977
15.21368
15.04741
14.92504
14.98666
15.78590
16.02139
15.75302
15.44604
15.23611
15.08894
15.09689
15.16650
15.51866
15.73795
15.59405
15.76939
16.43710
16.28238
16.42282
16.62854
16.32012
16.00738
15.79150
16.00566
16.07414
16.35853
16.42176
16.17007
16.14861
16.46416
16.31523
16.13347
15.97071
16.19901
16.87125
17.14506
17.07431
16.73988
16.53839
16.38880
16.25139
16.31574
16.60491
16.45700
16.25758
16.13405
16.09471
16.06790
16.00714
15.91237
15.82975
15.86231
15.87257
15.89678
15.92508
15.88355
15.79025
15.74015
15.82407
16.26171
16.33843
16.44329
17.31149
17.44390
17.12590
17.22884
17.22720
16.94581
16.74974
16.58564
16.52967
16.61760
16.59106
16.45078
16.33279
16.24614
16.26302
16.26693
16.24099
16.20395
16.10854
16.05139
16.01424
16.03643
15.98938
16.00425
16.00593
16.09936
16.35109
16.30461
16.16430
16.13778
16.61013
16.78628
16.57169
16.40927
16.28157
16.24115
16.22066
16.56061
16.75498
16.58444
16.34961
16.22301
16.22190
16.27911
16.28499
16.19238
16.11372
16.07460
15.99205
16.01146
15.89624
15.98077
16.33066
16.28549
16.36472
17.21450
17.44340
17.28271
17.17062
16.90602
16.71078
16.57635
16.49259
16.66906
16.77713
16.65986
16.56511
16.53237
16.46871
16.38667
16.34857
16.36332
16.35500
16.29674
16.28986
16.23990
16.12218
16.19765
16.45302
16.45963
16.31183
16.56065
16.76346
16.62753
16.45374
16.30054
16.19439
16.16547
16.48798
16.68643
16.59615
16.47706
16.40713
16.21700
16.44785
16.83905
16.69011
16.64374
16.53974
16.46569
16.35726
16.33819
16.23014
16.17929
16.12198
16.53870
17.44644
17.68052
17.42065
17.08757
16.83192
16.62522
16.55231
16.52745
16.50295
16.46445
16.37616
16.43608
16.53650
16.48703
16.59203
16.58543
17.03925
16.99178
16.82752
16.71990
16.77732
16.66350
16.58910
16.51900
16.50509
16.42315
16.25207
16.22067
16.22028
16.19360
16.15409
16.18424
16.21846
16.27739
16.15052
16.23630
16.46901
16.65768
16.59345
16.50940
16.40553
16.33878
16.26635
16.26346
16.27569
16.27860
16.27725
16.36012
16.30500
16.18273
16.07934
15.99205
15.91060
15.95863
15.97049
15.96071
15.94422
15.83627
15.76426
15.88662
15.93601
15.85326
15.70766
15.68933
15.65931
15.63871
15.59785
15.58372
15.67515
15.76238
15.66162
15.71675
15.68688
15.81879
16.15080
16.77440
17.04657
16.99398
16.91344
16.81631
17.37278
17.59426
17.32879
17.08097
16.90530
16.81728
16.75895
16.90560
16.93058
16.74083
16.63783
16.56372
16.69245
16.63433
16.54659
16.47734
16.42018
16.34845
16.26238
16.23025
16.18061
16.10237
16.08036
16.07333
16.03923
15.96518
15.91914
15.89664
15.87349
15.91811
15.89535
15.86463
15.96140
15.98554
15.93655
15.93044
15.84239
15.91762
15.84568
15.91017
16.03738
15.96016
15.85277
15.88543
15.86656
15.79553
15.74237
15.74639
15.75873
15.82707
15.90627
16.49474
17.62999
18.12629
18.13989
17.97484
18.39978
18.27533
18.00986
17.70421
17.50213
17.31125
17.28250
17.31239
17.31254
17.07013
16.99785
16.99962
17.10078
17.08811
17.60839
17.78598
17.53852
17.24867
17.33417
17.48410
17.39503
17.30538
17.24925
17.15579
16.99605
17.14968
17.03065
16.89850
16.77550
16.67849
16.59550
16.57766
16.53703
16.48671
16.46245
16.51377
16.47936
16.48007
16.37172
16.30708
16.20808
16.18357
16.11463
16.04861
16.00700
15.99942
16.11984
16.10498
16.16403
16.28375
16.27453
16.23168
16.18667
16.15154
16.13809
16.08168
15.98332
16.01811
15.86734
15.81774
15.86934
15.87559
15.86811
15.83317
15.76711
15.74146
15.72248
16.01750
16.36905
16.39416
16.34392
16.35869
16.36298
16.39120
16.31404
16.50965
17.00495
16.97331
16.97724
17.39896
17.81710
18.07367
17.91796
17.62013
17.63981
17.87518
18.00985
17.96025
17.67698
17.47765
17.34123
17.45342
17.64521
17.49064
17.41966
17.47577
17.42473
17.35801
17.40922
17.58077
17.49460
17.42889
17.27108
17.13008
17.09648
17.05367
16.98686
16.92522
16.98802
17.21205
17.22276
17.11408
16.96927
16.94042
16.97731
17.69524
18.18044
18.37760
18.33088
17.99286
17.77869
18.25040
18.72166
18.76178
19.33754
19.81224
19.69098
19.37457
19.14441
19.04694
19.07036
19.13335
18.99049
19.34246
19.54427
19.28340
19.16874
19.26479
19.35641
19.61239
19.52358
19.47916
19.49078
19.70360
19.64414
19.65927
20.19819
20.78466
20.66383
21.08687
21.28279
20.88193
20.53230
21.32536
21.82746
21.46558
21.12152
21.20674
21.31837
21.10540
20.82625
20.91043
20.99765
20.83677
20.69467
20.50106
20.35653
20.21485
20.10058
19.99456
19.90677
19.80292
19.72744
19.64260
19.57498
19.56755
19.61664
19.52217
19.60722
19.92461
19.89355
19.79405
19.80866
19.77581
19.72419
19.71811
19.63225
19.54894
19.63436
19.71168
19.82119
20.05200
20.03823
19.81143
19.70363
19.68355
19.70752
19.80481
19.84514
19.69771
19.78904
20.07421
19.95000
19.81945
19.68352
19.56250
19.46162
19.39633
19.33244
19.32913
19.33815
19.29411
19.22897
19.16641
19.10412
19.05077
19.00164
18.95791
18.92518
18.88538
18.83710
18.80241
18.76881
18.77571
18.92723
19.03515
18.92951
19.01029
19.18086
19.07684
18.93748
18.83446
18.75914
18.70310
18.65773
18.61140
18.56694
18.56735
18.54771
18.60635
18.65512
18.62510
18.75524
18.81413
18.77309
18.72001
18.86815
19.04310
18.89413
18.79107
18.67495
18.66850
18.63127
18.63827
18.56231
18.59729
18.69821
18.77051
18.57547
18.55296
18.50370
18.69265
18.53348
18.52298
18.35196
18.43968
18.36665
18.50404
18.29207
18.42364
18.17207
18.35802
18.03173
18.55633
19.25788
20.67533
