18.15417
17.20217
17.91139
17.22314
17.62048
17.07570
17.38978
16.98710
17.28174
17.26933
17.69547
17.48298
17.65045
17.48313
17.64203
17.51101
17.63384
17.48513
17.54117
17.44610
17.69574
17.64964
17.68366
17.66824
17.85023
17.89282
18.01432
17.93977
17.89056
17.77861
17.75647
17.74325
17.77914
17.79756
17.92669
18.03370
18.21104
18.21225
18.18256
18.09583
18.02151
17.92209
17.86640
17.80556
17.75741
17.70736
17.68865
17.66646
17.65634
17.66087
17.66677
17.67849
17.66955
17.75207
17.97193
18.13887
18.14763
18.06767
17.97583
17.89123
17.81933
17.76213
17.72782
17.68770
17.68712
17.74329
17.75793
17.74630
17.74087
17.72840
17.69434
17.68126
17.68906
17.67769
17.66215
17.63740
17.63919
17.65141
17.65415
17.64613
17.62265
17.59601
17.59040
17.61225
17.63255
17.62188
17.62026
17.64943
17.67137
17.65318
17.63490
17.61816
17.59099
17.56361
17.56692
17.63585
17.67307
17.68120
17.67117
17.63530
17.59398
17.57849
17.80961
17.99242
17.97713
17.91303
17.84037
17.75700
17.68865
17.69387
17.71700
17.70514
17.66278
17.61180
17.56025
17.51462
17.47374
17.43871
17.40960
17.38199
17.36049
17.33522
17.32838
17.31737
17.35427
17.46331
17.50495
17.50329
17.48302
17.44775
17.42149
17.42045
17.40737
17.40373
17.48581
17.54158
17.55052
17.55135
17.51649
17.48092
17.44441
17.42618
17.39482
17.40031
17.43691
17.44929
17.41497
17.47266
17.65277
17.68499
17.70647
17.81872
17.87867
18.01960
18.20989
18.37699
18.39442
18.63108
19.04854
19.36601
19.58502
19.77220
19.80485
19.82322
19.85787
19.76239
19.65700
19.57129
19.39873
19.44357
19.37384
19.42596
19.76680
19.97140
20.07201
20.16675
20.21782
20.17021
20.04040
19.94914
19.97319
19.93875
19.80183
19.73140
19.65223
19.67495
19.73571
19.72553
19.68373
19.67332
19.80911
19.82218
19.80901
19.72719
19.57463
19.50949
19.49573
19.38302
19.31001
19.35065
19.44554
19.45760
19.41614
19.38896
19.41096
19.40422
19.35903
19.32209
19.29937
19.29024
19.48847
19.72792
19.71344
19.75620
19.81591
19.64931
19.53675
19.50041
19.43580
19.36120
19.22140
19.08382
19.04273
19.41051
19.72414
19.78806
19.62911
19.37943
19.28720
19.24797
19.18455
19.16907
19.20348
19.29984
19.41855
19.40773
19.36319
19.29751
19.27003
19.32222
19.40186
19.57734
19.62357
19.58816
19.54751
19.52062
19.62470
19.66712
19.69561
19.71565
19.68134
19.66575
19.68368
19.66520
19.62788
19.70373
19.85775
19.87659
19.83157
19.75293
19.69058
19.62821
19.61440
19.53758
19.53539
19.54272
19.56330
19.60975
19.58362
19.69352
19.64028
19.65454
19.74490
19.75232
19.73761
19.60852
19.53074
19.64169
19.72997
19.61674
19.64740
19.63371
19.77278
19.88945
19.82596
19.70525
19.65529
19.73890
19.72014
19.55584
19.50763
19.42281
19.42472
19.50943
19.54973
19.54189
19.53464
19.50334
19.51222
19.51305
19.55237
19.54252
19.65706
19.60131
19.57970
19.63558
19.53234
19.63387
19.68539
19.64264
19.63140
19.60519
19.62283
19.55457
19.08819
19.40769
19.53665
19.53175
19.68893
19.90873
19.95775
20.16044
20.20992
20.22802
20.27193
20.25277
20.15970
20.13632
20.12307
20.08119
19.99339
19.83394
19.87706
19.92088
19.97782
20.02737
20.01941
19.99354
19.96403
19.95235
19.90116
19.90000
19.85605
19.71447
19.56863
19.59777
19.59635
19.61920
19.74598
19.87668
19.93250
19.91657
19.80827
19.58564
19.50320
19.62296
19.53039
19.40631
19.43766
19.48656
19.58794
19.62175
19.66462
19.74582
19.87482
19.87841
20.10288
20.34170
20.39091
20.40042
20.41158
20.39480
20.28820
20.35367
20.29087
20.29529
20.28986
20.27944
20.32355
20.50666
20.69673
20.55916
20.40658
20.31731
20.21443
20.19809
20.30761
20.33598
20.31812
20.17765
20.10670
20.10471
20.18684
20.11170
20.16642
20.10517
20.11203
20.52412
20.83687
20.87420
20.80846
20.67167
20.58370
20.49590
20.42796
20.39933
20.34452
20.41281
20.68459
20.75685
20.68815
20.63515
20.62661
20.79289
20.79565
20.80908
20.87210
20.78787
20.64667
20.71038
20.67180
20.72036
20.76142
20.93313
20.93449
20.92719
20.85301
20.79533
20.77829
20.79846
20.79874
20.76546
20.73299
20.78266
20.80737
20.90850
20.95128
20.88611
20.92565
20.92850
20.95486
20.99476
20.85533
20.98818
21.09862
21.33328
21.64338
21.67802
21.49422
21.26667
21.22249
21.19700
21.23725
21.22013
21.37042
21.55353
21.65483
21.79192
21.81755
21.87304
21.79173
22.14471
22.79222
23.01663
23.13032
23.17898
23.07864
22.87853
22.54604
22.23681
22.20968
22.15217
21.95779
21.83932
22.17811
22.07791
22.00987
22.05831
21.95828
21.98262
22.01312
21.98871
21.77196
21.66185
21.73308
21.70591
21.68368
21.83714
21.90570
21.84824
21.72009
21.71124
21.77301
21.87110
22.00599
22.07414
22.10315
22.26080
22.43859
22.26726
21.97056
21.96179
22.02632
22.07433
22.38709
22.59781
22.60962
22.51260
22.45406
22.27816
22.11816
22.24556
22.16135
22.14704
22.26208
21.96891
21.94795
22.06416
22.02342
22.01580
21.94866
21.94577
21.84838
21.71196
21.83165
21.86226
21.86172
21.90216
21.87122
21.87557
21.79438
21.87294
21.79172
21.69293
21.79566
21.88640
21.85324
22.15101
22.15905
22.14943
22.38933
22.49784
22.44484
22.23056
22.13586
22.11368
21.96623
21.88581
21.91040
21.78864
21.71622
21.88338
21.88027
21.96070
22.09576
22.01103
21.89253
21.98328
21.98987
22.25724
22.25245
22.20347
22.10286
21.92363
21.69378
21.66338
22.16174
22.17287
22.43055
22.30862
22.11318
22.21925
22.18912
22.18780
22.16133
22.14511
22.13447
22.11892
22.09164
22.05863
22.12273
22.20742
22.26582
22.11001
22.06148
22.47324
22.55630
22.56771
22.34618
22.29613
22.30463
22.29973
22.42677
22.48229
22.79647
23.00588
22.94966
22.81352
22.48554
22.35075
22.16868
22.02940
22.05385
22.25386
22.32179
22.32621
22.30737
22.25037
22.22084
22.29877
22.25566
22.29549
22.23047
22.28238
22.32488
22.34698
22.43623
22.53330
22.51273
22.59432
22.55681
22.60461
22.52052
22.59941
22.54472
22.81052
23.23979
23.41486
23.37468
23.37850
23.43484
23.52472
23.64596
23.78481
23.90625
23.81699
23.72315
23.61127
23.56174
23.47259
23.51061
23.49255
23.30967
23.16473
23.04013
23.06875
23.39544
23.67261
23.49226
23.55025
23.60510
23.63004
23.64568
23.59546
23.49567
23.34405
23.32429
23.42030
23.58388
23.62100
23.84995
24.21977
24.67745
24.60394
24.54543
24.58334
24.40869
24.25025
24.18916
24.23775
24.15470
24.13242
24.00240
24.16449
24.20186
24.13301
24.00596
23.87638
23.83596
23.86091
23.85380
23.87584
23.85225
23.85079
23.83967
23.82771
23.79829
23.83806
23.87353
23.79854
23.96962
23.79402
23.96618
24.05293
24.06199
24.11000
24.17863
24.17603
24.18635
24.20215
24.17683
24.12450
24.06168
24.00779
23.96452
23.93060
23.92629
23.96768
24.09287
23.89089
23.82149
23.61075
23.48970
24.21839
24.07812
23.92443
23.94223
23.81490
23.81425
23.85342
23.77918
23.70993
23.66455
23.70880
23.77924
23.77473
23.72684
23.71520
23.76016
23.69354
23.79138
23.83359
23.86575
23.85919
23.57857
23.68816
23.86551
23.93346
23.93887
23.81480
23.76754
23.74902
23.59481
24.09992
24.22906
24.19487
24.36750
24.41136
24.48576
24.82364
24.92076
25.04608
25.25843
25.29784
25.29343
25.17789
25.02410
25.07832
25.08879
24.70846
24.66745
24.70828
24.80703
24.60749
24.63778
25.13947
25.29449
25.25772
25.16367
24.95499
24.90169
24.85491
24.90292
24.63133
24.63663
24.56645
24.62536
24.39163
24.61808
24.66720
24.50487
24.68184
24.57160
24.49348
24.38065
24.40002
24.35003
24.27133
24.35282
24.49083
24.47090
24.55473
24.65020
24.72430
24.69249
24.70784
24.71030
24.72166
24.71475
24.83507
25.04809
25.23979
25.24803
25.19347
25.10180
25.02322
24.86490
24.83356
24.79592
24.82079
24.97912
25.16883
25.22020
25.17910
25.10242
25.01640
24.94866
24.88556
24.93641
24.95629
24.90743
24.91141
24.90037
24.87517
24.85209
24.85783
24.85104
24.83895
24.81770
24.79555
24.77018
24.75294
24.73350
24.71312
24.69608
24.68175
24.66515
24.65295
24.62975
24.61234
24.59298
24.58454
24.57500
24.55412
24.53597
24.51538
24.50033
24.49119
24.48201
24.46923
24.45251
24.43515
24.41870
24.40240
24.38993
24.38613
24.37345
24.36415
24.35042
24.33520
24.31630
24.30437
24.30331
24.30463
24.29496
24.28326
24.27036
24.25951
24.24601
24.24562
24.23675
24.21473
24.19548
24.17715
24.15911
24.14507
24.13633
24.12077
24.10879
24.10065
24.09566
24.08625
24.07558
24.06296
24.05049
24.03941
24.03077
24.02127
24.01129
24.00143
23.99030
23.97564
23.96204
23.94663
23.92989
23.91552
23.90111
23.88632
23.86868
23.85606
23.84044
23.82432
23.80889
23.79904
23.78395
23.77099
23.74050
23.72457
23.70596
23.70042
23.67970
23.66969
23.64534
23.64402
23.61762
23.61890
23.59007
23.60653
23.58311
23.60238
23.56615
23.58672
23.53663
23.56210
23.50257
23.53851
23.46743
23.51560
23.44678
23.51609
23.42748
23.50175
23.38880
23.48006
23.35722
23.47147
23.32216
23.46242
23.28758
23.46425
23.26314
23.47080
23.21905
23.50676
23.42458
23.97720
23.78499
24.25518
23.75826
24.21876
23.51504
24.19052
23.22576
24.37265
