13.37176
12.44558
13.58985
13.43243
13.38391
12.78036
13.01150
12.97636
13.78038
13.49019
13.75767
13.92989
14.10216
14.20384
14.42596
14.22342
14.11890
13.91262
13.78819
13.61673
13.61825
14.59789
14.54399
13.85633
14.01308
13.95102
13.94497
14.24399
14.56822
14.41839
14.49435
14.47490
14.37690
14.85593
14.68501
14.45746
14.47667
15.00808
15.42779
14.72213
14.69579
14.93048
14.63006
15.01221
15.14987
14.79024
14.70888
14.47002
14.40541
14.43214
14.65838
14.79085
15.12132
14.81581
14.44498
14.71681
14.74365
14.89394
14.42212
14.22867
14.62603
14.96934
14.77651
14.59319
14.22227
14.39741
14.42659
14.54620
14.63006
14.48217
14.32528
14.39628
14.55958
14.51280
14.70697
14.68789
14.53296
14.87502
14.77560
14.91604
14.88040
14.79390
14.82366
14.92876
15.08101
14.85359
14.88314
15.65119
15.50481
15.85988
15.98627
15.64730
15.67386
15.45329
15.35671
15.13907
15.17833
15.12280
15.43774
15.24728
15.49849
15.66245
15.42872
15.01986
15.26802
15.44717
15.04710
14.85996
14.58203
14.40256
14.66730
15.07045
14.97274
14.94416
14.62587
14.35122
14.65907
15.11176
14.80598
14.87568
14.67308
14.53635
14.25725
14.28597
14.15464
14.22174
14.52068
14.88062
14.70353
14.62505
14.43030
14.59283
14.36798
14.43101
14.24282
13.46041
13.79995
14.14858
13.84942
13.92648
14.03317
14.33647
15.03638
15.09949
15.06061
15.01325
15.37927
15.50647
15.70959
15.96881
15.85061
15.26579
14.99985
14.74637
15.11601
15.41689
15.13341
15.32340
15.38911
15.62225
16.20562
16.33280
16.07222
15.47865
14.86752
14.52691
14.32827
14.40965
14.60008
15.19280
15.15618
14.62058
14.96291
14.86524
14.85056
14.65750
14.71270
14.63901
14.26030
14.24312
14.28278
14.54099
14.56835
14.24590
14.01314
13.87390
13.91745
14.12957
14.56972
14.76818
14.85588
14.58643
14.10675
14.04422
13.89603
14.00670
14.34303
14.35598
13.72780
13.39767
14.14789
14.19754
14.02574
13.69229
14.30576
14.68219
14.55585
14.01872
13.65842
13.71625
13.98921
14.17029
14.48147
14.54497
14.21082
14.02962
13.90638
14.15728
14.73023
14.78042
14.68183
14.70318
14.44546
14.45787
14.48749
14.41624
14.67265
14.63081
15.04443
15.23994
14.66648
14.46988
14.22303
14.36311
15.09091
15.05688
14.82991
14.62267
14.50235
14.40587
14.25137
14.43719
14.42237
14.61108
14.60211
14.43416
14.75403
14.59561
14.23120
14.07776
13.75735
13.88088
13.77674
14.28533
14.43991
14.36374
14.61885
14.49937
14.79907
14.64182
14.65574
14.75426
14.79443
14.56184
14.26511
14.33596
14.26295
14.37254
14.97612
14.99036
14.53799
14.43276
14.73803
14.95162
15.16466
14.88698
14.35396
14.03360
13.85788
14.45209
14.93768
14.81978
14.43422
14.76012
15.12396
14.98526
14.93331
15.04320
14.57229
14.36307
14.76514
14.95758
14.99587
14.76193
14.61156
14.38561
14.98885
15.36594
14.95493
14.67052
14.31755
14.38350
15.26081
15.14294
14.87093
15.11161
15.13133
15.27527
15.40817
15.30839
15.13047
14.79527
14.83134
14.99476
15.22698
14.94770
15.07024
14.96852
15.15639
15.22980
15.51833
15.78246
15.39179
15.40826
15.32965
15.04008
14.96045
14.96773
15.27894
14.54881
14.38643
14.80719
15.15923
15.37174
15.67709
15.67229
15.63853
15.45256
15.18422
15.16391
15.36177
15.48053
15.51793
15.26075
15.35154
15.65966
15.27042
15.94208
16.02798
15.34208
15.03846
14.98552
15.50405
15.80526
15.40194
15.14185
15.26043
14.71261
14.69914
15.26735
15.16786
14.92329
14.96336
15.24457
15.14271
15.04452
14.88944
14.95467
15.13670
15.02813
14.97410
14.91552
15.22095
15.42252
15.19996
15.28496
15.09662
15.43060
15.30649
15.00402
14.75068
14.56682
15.09563
14.94302
15.24338
15.40791
15.29526
15.12243
14.55487
14.47167
14.93728
14.90058
14.75212
14.99798
14.96595
15.10568
15.00115
14.85231
15.04658
15.24662
15.16009
15.25925
15.65561
15.41821
15.43784
15.17874
15.17291
15.61200
15.59286
15.42229
14.93387
15.23390
15.23028
15.29600
15.43956
15.57765
15.14996
15.01284
15.12911
15.10103
15.04025
15.23115
15.20648
15.14654
15.44206
15.61470
15.71666
15.69524
15.31656
15.12590
14.97241
14.87308
15.38115
15.69473
16.01191
16.06065
15.98430
15.68034
15.79593
16.12655
15.98371
15.70573
15.73156
15.49466
15.36086
14.93705
14.86490
15.14938
15.36825
15.44353
15.34501
15.12480
15.33633
15.85954
16.31144
16.45407
16.47703
15.72200
15.26734
14.93859
15.54597
15.71478
15.58777
15.44406
16.02549
15.96305
15.66660
16.16846
15.85895
16.13816
16.31136
16.41164
16.01192
15.95411
15.86302
15.52724
15.73931
16.28074
16.27302
16.31223
16.35742
16.29691
16.23149
16.29706
16.18848
16.30118
16.44481
16.69228
16.88530
16.55705
16.38768
16.19104
15.97742
15.57056
15.97859
16.13192
15.90466
15.74228
15.88983
16.00132
15.92843
15.59103
16.46463
16.31617
15.76366
15.71226
15.74464
16.50777
16.61811
16.20302
15.93950
15.96398
15.88220
16.16931
16.10560
16.00057
15.94473
15.84229
15.67800
15.56193
15.77478
16.37140
16.28343
15.74616
15.31607
15.65411
15.73393
15.93067
16.17833
15.90170
15.50217
15.24202
15.19119
15.25677
15.19012
15.35234
15.41241
15.24719
15.49244
16.06457
16.19507
15.80920
15.39543
15.43228
15.27987
15.63264
16.22631
16.16705
16.12272
15.98854
16.05560
16.15137
15.98196
15.95088
16.57072
16.80306
16.98505
17.08395
17.06735
16.78836
16.38815
16.19331
16.15267
16.22514
16.32138
16.32004
16.68395
16.54351
16.30111
16.73094
17.04639
17.20995
16.87056
16.60620
16.37344
16.13961
16.26868
16.60076
16.72604
16.51614
16.33987
16.41326
16.58133
16.45947
16.69919
16.75205
16.82944
16.88741
16.66054
16.41913
16.56559
16.53640
16.38232
16.45830
16.05031
16.46663
17.10645
16.99298
16.84984
16.68959
16.32273
16.41896
16.45297
16.42757
16.65736
16.97007
16.97806
16.74844
17.03989
17.21621
17.27604
17.38805
16.57321
16.32842
16.21944
16.57770
17.05290
17.10712
17.00154
17.22999
17.14435
17.57449
17.32857
16.74248
17.20605
17.43947
17.35313
17.17647
16.91940
16.71080
16.68385
16.63759
16.62088
16.76638
16.82999
16.82185
16.84347
17.34419
17.83545
17.43021
17.38779
17.19589
17.07143
17.04242
16.90319
17.04229
17.00755
17.00336
16.74947
16.77287
16.73613
16.89968
17.11365
17.49025
17.77356
17.54422
17.23852
17.21882
17.89459
18.04297
17.92515
17.94469
17.20245
17.40053
18.08751
17.53702
18.14134
18.29138
18.43248
18.30765
17.85462
17.54703
17.62710
17.42515
17.90408
18.36831
18.03078
18.15301
17.74401
17.71434
17.62767
17.71263
17.79866
18.01148
18.45344
18.16836
17.72888
17.61023
18.11270
17.98304
17.34512
16.96801
17.08967
17.17655
17.55042
17.81456
17.70829
17.50117
17.26141
17.58519
17.50665
17.30871
17.05614
16.99144
17.33213
17.31721
17.07398
17.06408
17.05460
17.17330
17.53934
17.78086
17.72233
17.13773
17.25096
17.26253
17.44702
17.38262
17.86998
18.13906
18.01433
18.00838
17.85378
17.85961
17.88076
18.22354
18.41237
18.30440
18.08333
17.84781
17.83564
17.79688
17.88719
17.95116
18.15923
18.96329
19.40102
19.61169
19.52862
19.85040
19.58662
19.11061
18.66989
18.42631
18.54125
18.70145
18.65416
18.63352
18.75090
18.77595
18.86974
19.07076
19.68558
19.68006
19.22353
18.83652
18.45358
18.38843
18.67174
18.64995
18.40504
18.41986
18.15756
18.21169
18.54227
18.26242
18.30315
18.09117
18.11019
18.03233
18.19577
18.00609
17.91408
17.98492
17.92219
17.92945
17.84675
17.80065
17.78571
17.80417
17.74951
17.83167
17.84568
17.84853
17.91251
17.83573
17.64661
17.77852
17.86397
17.84249
17.71690
17.65807
17.96299
18.33945
18.23502
17.99154
17.67498
17.56609
17.31633
17.04883
17.48463
17.66700
17.66894
17.65655
17.85686
17.73482
17.56155
17.47941
17.41658
17.46393
17.69353
17.65725
17.72884
17.72744
17.56734
17.39297
17.47513
17.55052
17.32326
17.01700
16.94818
17.32850
17.65984
17.92281
17.92607
17.84933
17.64169
17.44074
17.30724
17.27782
17.22596
17.22880
17.26798
17.97889
18.30759
18.29077
18.58059
18.39234
18.61489
18.71127
18.67207
18.61706
18.54158
18.42387
18.22905
18.21639
18.19264
18.22374
18.45892
18.35077
18.17806
18.06273
18.02745
17.95672
17.96887
17.93281
18.20772
18.65915
18.55525
18.27466
18.09249
18.00759
17.93877
17.87200
17.81594
17.74052
17.68576
17.63899
17.59554
17.59050
17.58673
18.20970
18.37350
18.10505
17.91921
17.78842
17.78267
17.73621
17.66529
17.66094
17.72021
17.81610
17.78825
17.86786
17.86810
17.91898
18.04135
17.95915
17.72129
17.99600
18.23084
18.89793
19.72489
19.93830
19.87502
19.71200
19.60273
20.52392
20.99931
20.64608
20.37066
19.95802
20.14985
20.46039
20.62212
21.33961
21.54873
21.64529
22.01229
22.85398
23.16830
22.71970
22.14212
22.71631
23.25115
23.56302
22.98200
23.18896
22.44177
22.88602
23.38829
22.82530
22.26182
22.50185
22.36520
22.98994
22.71278
23.06481
22.09003
22.20238
21.71378
24.23261
