33.11979
31.24773
31.81174
30.36921
30.79851
29.95730
30.46380
29.73302
30.36393
29.86061
29.79842
29.17641
29.25439
28.87524
29.08402
29.25561
29.38228
29.06189
29.34645
30.79946
31.38158
30.54924
30.32044
29.99194
30.27255
30.64342
30.75583
32.36871
33.22390
34.40571
34.33279
33.15828
32.58675
32.00920
31.96305
31.90967
32.11492
31.94091
31.56769
31.38293
31.15144
30.88444
30.71630
30.50781
30.33801
30.13445
29.99448
29.81427
29.62045
29.48493
29.30446
29.15381
29.00207
28.83742
28.69929
28.57512
28.44439
28.30443
28.19743
28.08343
27.95829
27.85358
27.70288
27.62076
27.51884
27.50427
27.87065
27.81455
27.63645
27.46354
27.32462
27.20796
27.09089
27.02726
27.04681
26.94995
26.83067
26.71062
26.60134
26.50922
26.39795
26.32493
26.21949
26.13127
26.06039
25.96966
25.88847
25.81304
25.72137
25.65135
25.57079
25.48147
25.40833
25.32243
25.25141
25.18113
25.09108
25.01514
24.94831
24.88882
24.82068
24.74001
24.67485
24.60406
24.51802
24.50730
24.46840
24.36219
24.38381
24.59544
25.00084
25.88807
26.58073
26.35946
26.19582
25.94524
25.81938
25.68626
25.96671
25.87067
25.70270
25.44212
25.55816
25.99975
27.45622
30.00748
29.86932
29.32547
28.95818
28.68794
28.43073
28.25810
28.21334
28.19451
27.99799
27.78255
27.64594
27.51605
27.47650
27.47027
27.34704
27.28197
27.14114
27.07598
26.95902
26.90553
26.84425
26.73042
26.93092
26.85883
27.00360
26.86591
27.99975
30.77351
30.79296
30.95504
31.58447
33.16601
34.56782
34.05129
33.50719
33.03314
32.58751
32.31964
32.64002
32.53792
32.06720
32.37781
32.10845
32.06163
31.66520
31.44766
31.03895
31.35668
31.36513
30.77139
30.34780
30.14025
29.79965
29.77756
29.26119
29.56461
30.59057
33.34228
35.68254
34.75598
34.42565
34.22203
33.42949
32.89551
33.51652
34.87123
34.33534
33.79929
33.37216
33.12809
33.08382
32.67269
32.56915
34.79439
34.19586
35.22083
35.88768
34.42850
33.43377
32.89147
32.74601
32.33287
32.31710
31.58707
31.25343
31.52012
31.62639
31.90649
31.75986
31.65793
31.32982
30.90300
30.48144
30.32866
29.99080
29.79388
29.62483
29.50048
29.25788
29.07834
28.99142
28.79237
29.06393
28.87671
28.88481
28.79164
28.52249
28.35097
28.64893
28.31608
27.93819
28.08903
28.40848
29.54662
29.65655
29.33769
29.13035
28.99714
28.91122
28.82009
28.75798
28.51970
28.44403
28.28114
29.27264
30.05784
29.45206
29.15108
28.83977
28.82703
28.61579
28.48141
28.66176
28.86603
28.58521
28.83892
28.86684
28.77281
28.83277
29.97485
31.13105
30.66736
30.21805
29.90127
29.85296
29.64678
29.54910
29.34401
29.20414
29.15545
29.23689
29.50053
29.64011
29.82719
30.62276
30.60831
30.35292
30.10917
31.25907
33.38284
33.84827
32.27475
31.72080
32.37792
33.56476
32.61047
32.73659
32.33320
31.90518
32.01942
31.50273
31.57405
31.23189
31.12535
33.09008
33.63162
32.91396
32.45105
33.39694
34.54337
34.26607
33.90872
33.32533
32.94969
32.77324
32.61869
32.76095
32.69160
32.31835
32.11000
31.84708
31.72130
31.57821
31.45341
31.30351
30.83903
30.40376
30.13959
30.09004
30.17032
29.93795
29.49796
29.33769
29.35680
29.63913
29.58942
29.37217
29.20656
29.07122
28.95111
28.80173
28.67081
28.53847
28.54570
28.63327
28.50490
28.44740
28.34047
28.31819
28.49817
28.62851
28.86855
29.16865
29.19238
29.24814
29.12891
29.15318
29.20391
28.89699
28.76016
28.89091
28.96283
28.99053
28.70953
28.73557
28.39360
29.20569
29.06632
29.69730
29.40093
28.28707
28.81401
28.71688
29.09668
29.11707
30.45157
31.28120
29.26071
29.35210
29.50855
29.31199
29.20480
29.05391
29.00074
28.89420
28.89697
28.93146
28.97841
28.78107
28.66447
28.51593
28.43675
28.24156
28.42074
28.30584
28.26542
28.11565
28.22708
28.44452
28.14024
28.20507
28.41887
28.13536
28.57717
28.02290
29.37402
30.17604
29.20463
29.51752
31.00869
32.98535
33.43523
34.07043
33.52743
33.28330
32.75370
32.38029
32.07346
31.93554
31.94774
31.63918
31.44614
31.67344
31.84101
31.45841
31.08287
30.77998
30.66645
30.51557
30.39489
30.39754
30.28893
30.16407
30.04049
30.01767
29.93111
29.77279
29.73530
29.73173
29.61689
29.44862
29.31095
29.19742
29.07203
29.01543
29.26060
29.27711
29.12986
28.97007
29.20042
29.29984
30.05437
29.83274
29.63196
29.26597
29.32631
28.81986
29.72685
30.02334
30.15085
30.99010
30.83091
30.71040
31.71075
32.77081
31.90066
31.69623
32.11260
32.27785
31.84884
31.83029
31.43259
31.32017
31.20192
31.65770
34.16781
35.61013
37.21531
38.02486
37.44197
36.89764
37.53884
39.14335
38.03095
38.36558
38.96157
38.05490
36.72097
36.10831
35.62000
35.26749
35.04760
34.96229
34.91669
34.74489
34.64917
34.52263
34.07797
33.65562
33.59777
33.50761
34.61395
34.83999
34.17037
33.85074
33.41290
33.38103
33.13852
33.62651
33.96745
33.74492
33.76430
33.51761
34.23073
34.20960
33.98018
34.53934
34.65202
35.12664
35.10989
36.06365
37.09491
37.11644
36.57163
35.68386
35.31343
34.87003
34.65286
34.41724
34.18140
34.41303
34.69085
34.17170
33.96642
33.77754
33.61118
33.35120
33.43897
33.80645
33.71049
34.24278
34.16470
33.74170
33.44081
33.24355
33.07636
32.93664
32.74141
32.73322
32.67141
32.54940
32.69616
32.89096
32.55602
32.65934
32.79826
32.58920
32.53113
34.65490
35.34535
34.67780
34.07939
34.10347
34.47335
34.00997
33.97141
35.34613
34.74144
35.40782
36.15300
36.44903
37.12857
36.91878
36.62943
36.79399
38.09568
37.55473
37.08989
36.60494
36.99015
39.36512
39.29890
38.17779
37.69452
37.34578
37.15865
36.90426
36.76802
36.56209
36.48835
36.44587
36.32148
36.14085
36.01161
35.86736
35.76084
35.63041
35.54322
35.41451
35.33823
35.24098
35.15744
35.04609
34.95146
34.85251
34.78095
34.67333
34.74778
35.26371
35.24972
35.06508
35.50434
35.59882
35.30597
35.14878
35.01378
34.94585
34.80065
34.79575
34.70534
34.64598
34.61082
34.54406
34.44585
34.71947
34.94823
35.98833
36.06213
36.44457
38.09718
37.81316
37.27638
36.93844
36.60318
36.87823
37.91989
37.53373
37.03079
36.72819
36.58400
36.40574
36.21942
36.05672
35.98167
36.02353
36.13461
36.05781
35.89812
36.12476
37.73366
37.77875
37.24575
37.46803
37.47943
37.14915
36.99433
36.80108
36.61212
36.44116
36.64972
37.25762
37.03226
36.67339
36.49933
36.32639
36.19409
36.07103
35.95095
35.91370
35.83833
35.77471
35.71781
35.72053
35.88533
35.68760
35.49974
35.40094
35.27841
35.17679
35.09741
35.04207
35.02810
34.95204
34.83128
34.73286
34.62792
34.54528
34.46188
34.37032
34.31727
34.24868
34.57704
34.65693
34.51774
34.39404
34.29868
34.28694
34.46738
34.57144
34.45592
34.44351
34.30799
34.19338
34.04519
34.01172
34.05559
34.28062
34.77640
34.68377
34.44626
34.31840
34.31143
34.27938
34.66220
35.44943
35.30378
35.15603
35.10916
34.96091
34.83089
34.83593
34.83624
34.62949
34.47710
34.39606
34.27244
34.40887
34.76570
34.55768
34.41687
34.27079
34.16170
34.06937
33.97269
33.85794
33.80137
33.71662
33.91450
35.84058
36.61136
35.95964
35.79028
35.81615
35.63646
35.37153
35.23978
35.07446
34.95361
34.83559
34.75138
35.25212
37.52846
37.54569
36.97770
37.48779
38.73170
40.34542
42.31145
44.26497
43.58887
43.00437
42.38361
41.99931
41.75399
41.37376
40.97199
40.68328
40.44442
40.20379
40.04590
39.86688
39.54208
39.30670
39.06206
38.82497
38.59318
38.40108
38.19008
38.01162
37.81817
37.64348
37.45657
37.30364
37.16011
37.01186
36.84798
36.69444
36.53950
36.42158
36.32305
36.17278
36.04087
35.92547
35.79193
35.66276
35.54819
35.44574
35.34912
35.22820
35.11473
35.00576
34.90000
34.78894
34.68134
34.57717
34.46298
34.36114
34.24600
34.15220
34.05864
33.97803
33.87764
33.79637
33.68530
33.58306
33.48292
33.38321
33.31093
33.21968
33.11463
33.02717
32.94842
32.87513
32.80731
32.73091
32.61567
32.52579
32.43500
32.35577
32.26880
32.21338
32.10581
32.05102
31.99619
31.93835
31.81710
31.74163
31.63735
31.55860
31.49231
31.46540
31.35657
31.30659
31.22247
31.15147
31.10223
32.11843
32.60799
32.36153
32.16886
32.07145
31.87460
32.23013
33.27226
33.52238
33.52565
33.23470
33.11894
32.92798
32.86053
32.67757
32.65738
32.51895
32.45951
32.36645
32.36736
32.19973
32.18886
32.00927
31.99818
31.84021
31.87907
31.66874
31.74853
31.50765
32.10862
33.57192
34.00172
33.50440
33.51856
33.10238
33.19962
32.84552
33.01752
32.74711
33.66936
33.34084
33.56695
32.97708
33.35025
32.77800
33.36981
32.86910
34.12092
33.00961
34.08238
32.48841
34.32049
