15.46406
14.53420
15.04183
14.29886
14.63313
14.18138
14.42594
14.18827
14.63548
14.40317
14.53880
14.20586
14.46504
14.58253
14.77869
14.56083
14.55659
14.46470
14.57409
14.39469
14.49637
14.52008
14.58008
14.48779
14.53611
14.41518
14.45340
14.33627
14.54376
15.02793
15.28481
15.43030
15.36912
15.15515
14.97231
14.75178
14.69335
14.74058
14.73188
14.82365
15.05461
15.07571
14.95730
14.79949
14.64487
14.52774
14.45280
14.40192
14.36201
14.34205
14.28312
14.45200
14.74525
14.79728
14.81304
14.81210
14.73854
14.61747
14.49741
14.40074
14.32777
14.28058
14.24098
14.21764
14.18661
14.37127
14.72705
14.74330
14.84558
15.17373
15.19863
15.05553
14.87375
14.99710
15.12126
15.20665
15.21676
15.22388
15.32522
15.27852
15.26760
15.14323
15.01037
14.87501
14.85931
14.88724
14.81256
14.72105
14.61760
14.72919
14.95201
14.94855
14.85435
14.75510
14.73931
14.74587
14.71679
14.73168
14.99479
15.15745
15.16809
15.14529
15.01945
14.93243
14.98419
15.05891
15.01651
14.90921
14.80595
14.73457
14.71921
14.64888
14.63778
14.59092
14.94148
15.44376
15.56831
15.68899
15.63066
15.44604
15.21347
15.02233
14.90344
14.84515
14.78012
14.74249
14.74469
14.77225
14.76527
14.76523
14.72506
14.68123
14.65667
14.63872
14.62816
14.83142
14.94261
14.92190
14.89773
14.83826
14.77224
14.88828
15.08912
15.17661
15.12808
15.03470
14.92096
14.88202
15.18863
15.35724
15.29303
15.31633
15.38552
15.77382
16.07420
16.12523
16.00494
15.91573
15.97458
15.83868
15.83191
15.71664
15.52479
15.26418
15.07469
14.92063
15.09329
15.11724
15.16558
15.26919
15.19407
15.17181
15.00381
14.99131
15.05842
15.11542
15.03033
15.02663
15.02770
14.93485
14.88797
14.74029
14.70677
14.70067
14.54936
14.49376
14.54303
14.56901
14.58060
14.66075
14.58775
14.51812
14.45887
14.48452
14.67445
14.65173
14.61154
14.63674
14.69656
14.78377
14.84107
14.63905
14.56543
14.57652
14.74009
14.86713
14.77636
14.69925
14.74230
15.13041
15.30448
15.27170
15.18724
15.08932
14.90798
15.00676
15.06735
14.89538
14.89926
14.75880
14.73203
14.75394
14.71527
14.68876
14.74124
14.69533
14.55650
14.49856
14.47549
14.36198
14.34390
14.34167
14.51118
14.85023
14.85142
14.79528
14.73712
14.67798
14.65038
14.77690
14.71610
14.81137
14.95466
14.79876
14.75954
14.66852
14.59714
14.55412
14.58770
14.69391
14.70892
14.56983
14.49361
14.45027
14.36540
14.35550
14.29624
14.24208
14.15523
14.08599
14.14946
14.13508
14.13576
14.13162
14.09874
14.10721
14.16320
14.13235
14.11462
14.08151
14.09323
14.06474
14.08305
13.99269
13.90402
13.86042
13.77437
13.85172
14.00994
14.11523
14.07837
13.99869
13.94702
13.91860
13.90064
13.82471
14.03270
14.40446
14.47413
14.38289
14.29697
14.22813
14.11740
14.03212
13.93563
13.89358
13.86503
13.83103
13.82559
13.82238
13.84964
13.83345
13.94029
14.16619
14.18142
14.18307
14.02846
13.88861
13.94309
13.92367
13.89195
13.83981
13.77226
13.73555
13.67166
13.76350
13.72785
13.68295
13.62540
13.63069
13.63562
13.64716
13.70884
13.70818
13.66068
13.64801
13.61731
13.46685
13.35966
13.62101
13.72381
13.64795
13.63022
13.55330
13.56385
13.47158
13.42517
13.38885
13.35981
13.25986
13.17996
13.16131
13.17814
13.16220
13.09465
13.11961
13.07107
13.12469
13.12062
13.04315
13.02624
13.01569
12.95514
12.95437
12.94137
12.89019
12.88987
12.94353
12.89078
12.93601
13.11682
13.10918
13.08765
13.11183
13.07370
13.06970
13.06372
13.04447
13.02345
13.05700
13.09153
12.98595
12.93751
12.89828
12.87482
12.88973
12.92243
12.93542
12.92354
12.94376
13.06134
13.43076
13.60193
13.60924
13.55247
13.73222
13.97451
14.01609
13.96550
13.84355
13.71925
13.59105
13.51788
13.47070
13.47955
13.51874
13.51246
13.45704
13.34677
13.22867
13.58290
13.99642
14.09445
14.04527
13.89452
13.71045
13.63598
13.61496
13.73419
13.84750
13.80584
13.82795
13.92040
13.90597
13.83889
13.73271
13.63173
13.55193
13.48665
13.47601
13.39647
13.28338
13.31586
13.33615
13.33833
13.30792
13.28043
13.30620
13.38488
13.38798
13.34096
13.27373
13.30536
13.36927
13.43073
13.44556
13.51685
13.67605
13.72504
13.63780
13.46056
13.41567
13.34726
13.33723
13.28196
13.28401
13.24225
13.19780
13.20825
13.27324
13.29309
13.28303
13.31684
13.37167
13.58031
13.69367
13.71539
13.70716
13.97542
14.18937
14.20816
14.62515
15.18823
15.52865
15.67993
15.59684
15.45414
15.19611
14.96038
14.81309
14.78571
14.77023
14.76030
14.68679
14.64962
14.59211
14.54977
14.45330
14.40734
14.39230
14.30819
14.18914
14.11845
14.09027
14.15346
14.16010
14.07883
14.02941
14.01730
14.22579
14.19433
14.26484
14.40263
14.59992
14.99387
15.22197
15.17209
15.13338
14.96501
14.77548
14.59681
14.50900
14.51166
14.40395
14.36935
14.34188
14.32144
14.29438
14.25167
14.18873
14.10368
14.09183
14.16957
14.12853
14.05979
14.00871
13.98405
13.94269
13.90683
13.82934
13.87574
13.91866
13.87113
13.90509
13.99239
14.02299
14.00425
13.96498
13.93847
13.92946
13.92873
13.88523
13.74703
13.76070
13.75661
13.80032
13.73820
13.75264
13.70418
13.65541
13.72034
13.81354
14.06605
14.31531
14.46876
14.37393
14.27594
14.20689
14.19141
14.16635
14.11776
14.09447
14.09558
14.19102
14.32878
14.48665
14.53481
14.51554
14.52407
14.56935
14.60077
14.56532
14.48724
14.40138
14.31137
14.26419
14.26260
14.26886
14.24343
14.22985
14.27671
14.24127
14.23035
14.19221
14.21760
14.18434
14.09180
14.08897
14.08926
14.05640
14.00322
14.08726
14.12706
14.11271
14.09176
14.11112
14.32892
14.57534
14.60613
14.59319
14.53613
14.47498
14.42485
14.53680
14.73651
14.71856
14.62359
14.68673
14.91927
15.25544
15.48684
15.96369
16.22124
16.26468
16.13661
15.93227
15.78630
15.62547
15.47289
15.46192
15.54394
15.82665
15.89769
15.84899
15.72745
15.79594
16.06644
16.09327
15.97241
16.00630
16.31126
16.39205
16.28089
16.14328
16.01438
16.00449
16.00541
15.94943
15.89095
15.80533
15.72826
15.64928
15.58118
15.51878
15.45949
15.41736
15.39874
15.39571
15.43357
15.54010
15.53784
15.89899
16.46680
16.57873
16.50140
16.28698
16.10967
15.95767
15.84485
15.83765
16.41714
16.74878
16.68048
16.50212
16.29925
16.16101
16.05893
15.96910
15.88382
15.82223
15.76819
15.72279
15.68716
15.65769
15.62594
15.59331
15.56277
15.53836
15.51644
15.48749
15.44864
15.41147
15.37506
15.34277
15.31191
15.27986
15.28852
15.34776
15.35989
15.35177
15.31210
15.27559
15.22466
15.28356
15.40749
15.42523
15.38044
15.31071
15.24923
15.19080
15.14368
15.10577
15.08197
15.12555
15.15088
15.12875
15.08216
15.03178
14.98838
14.94995
14.90807
14.94547
15.03408
15.10741
15.14257
15.10648
15.05244
15.03011
15.17654
15.26988
15.24456
15.21485
15.32760
15.40846
15.39947
15.50814
15.59081
15.54719
15.44857
15.35751
15.33129
15.36941
15.36940
15.32369
15.26617
15.21827
15.19597
15.14453
15.09997
15.04234
15.00733
14.94901
15.11033
15.57037
15.74531
15.70217
15.56217
15.48020
15.66372
16.07960
16.33101
16.31918
16.18338
16.07736
15.96755
15.82968
15.71533
15.58744
15.50743
15.42357
15.37296
15.32577
15.54128
15.76156
15.78935
15.68968
15.67910
15.72468
15.69305
15.58579
15.47938
15.39737
15.50107
15.61661
16.31843
17.46317
17.82127
17.83385
17.72180
17.53044
17.30898
17.12411
16.87243
16.65659
16.46338
16.34073
16.23641
16.14743
16.05386
15.98233
16.00310
16.04214
16.01304
15.95214
15.90118
15.86382
16.03799
16.31096
16.60192
17.04939
17.26062
17.25691
17.06411
16.87278
16.87574
16.86286
16.77226
16.66232
16.53699
16.42396
16.36492
16.39340
16.40631
16.38199
16.28945
16.20237
16.13462
16.07668
16.04156
16.03843
16.01924
15.98888
15.94769
15.90233
15.86332
15.83461
15.81232
15.78669
15.75617
15.72547
15.69181
15.65867
15.62419
15.59314
15.56016
15.52758
15.49045
15.50293
15.53302
15.52155
15.49098
15.45001
15.41198
15.37666
15.34482
15.30992
15.27778
15.24642
15.21717
15.19248
15.17276
15.14615
15.11832
15.09250
15.06462
15.03341
15.02384
15.05671
15.08440
15.08053
15.07357
15.05938
15.03271
15.01419
15.12507
15.28376
15.40209
15.44829
15.43445
15.40247
15.37112
15.35529
15.37437
15.36140
15.32161
15.28186
15.26060
15.22261
15.18611
15.14635
15.11120
15.07765
15.05092
15.02039
14.99998
14.97421
14.95439
14.92203
14.90205
14.86693
14.85732
14.89222
14.96188
14.95051
15.16370
15.62961
15.89787
15.91317
16.24518
16.81427
17.14437
17.25654
17.07461
16.85209
16.60377
16.43205
16.28393
16.16811
16.06587
15.98806
15.91570
15.85632
15.78084
15.72305
15.65477
15.59445
15.52872
15.50633
15.52565
15.50400
15.44956
15.38040
15.31151
15.24940
15.18978
15.13719
15.09502
15.08652
15.08261
15.04998
15.03109
15.00068
15.36102
15.92187
16.14070
16.26745
16.34074
16.28797
16.14026
15.97480
15.89073
15.81857
15.76040
15.67847
15.62225
15.56415
15.49480
15.66326
16.60567
17.23928
17.57027
17.56236
17.33724
17.01794
16.82085
16.61173
16.92903
17.29831
17.36216
17.14153
17.20915
17.69261
17.89070
17.79904
17.71681
17.44517
17.30719
17.23900
17.28602
17.08207
17.01919
16.77126
16.75613
16.73346
17.23705
17.17668
17.26522
16.88298
16.96107
16.57438
16.78558
16.34131
16.87336
17.10816
18.30659
