6.45388
6.07161
6.31744
6.06516
6.25713
6.08230
6.21662
6.06568
6.24000
6.20014
6.28078
6.16122
6.20976
6.12728
6.17505
6.10989
6.13449
6.07546
6.13643
6.12440
6.15552
6.10487
6.10491
6.04577
6.04414
5.99207
6.00352
5.99663
5.98628
5.95271
5.93754
5.94346
5.98926
5.98517
5.96580
5.93678
5.92053
5.89993
5.88187
5.87457
5.84295
5.81541
5.81662
5.86489
5.89799
5.87513
5.85520
5.86038
5.85137
5.82116
5.79610
5.77349
5.75664
5.73877
5.71986
5.70294
5.71239
5.72456
5.68824
5.69478
5.66428
5.62592
5.61232
5.58842
5.57258
5.55116
5.53572
5.51181
5.53393
5.60873
5.64019
5.63178
5.60625
5.57109
5.57131
5.60171
5.60657
5.58476
5.55975
5.57619
5.55600
5.53494
5.51405
5.49608
5.51037
5.55019
5.53754
5.52487
5.49697
5.46297
5.46058
5.49192
5.49706
5.48831
5.54296
5.59154
5.62217
5.62318
5.59106
5.57233
5.54437
5.53125
5.51535
5.50162
5.48787
5.48065
5.46269
5.45980
5.44849
5.43924
5.43153
5.58783
5.77645
5.79211
5.74953
5.71829
5.68029
5.64791
5.68158
5.72128
5.71101
5.69359
5.73165
6.02338
6.24416
6.33179
6.41826
6.47149
6.48783
6.53775
6.56182
6.52476
6.45050
6.41956
6.58539
6.64180
6.63531
6.61416
6.56695
6.50230
6.49827
6.70564
6.94627
7.11514
7.11092
7.08790
7.20068
7.33249
7.24893
7.16079
7.07340
7.04821
7.07350
7.04009
6.97626
6.93274
7.03535
7.26599
7.35278
7.32971
7.29726
7.46430
7.49603
7.38469
7.29557
7.48486
7.63426
7.52170
7.39126
7.27820
7.23314
7.19123
7.15352
7.11890
7.11189
7.14448
7.12832
7.10480
7.22984
7.39547
7.42973
7.37687
7.28736
7.22869
7.21351
7.16507
7.11341
7.06263
7.04019
7.02190
6.99611
6.97074
6.95540
6.91947
6.88487
6.85648
6.88366
6.90611
6.87894
6.82927
6.79848
6.78071
6.77662
6.75191
6.75331
6.82898
6.92033
6.92238
6.87048
6.82237
6.78005
6.73628
6.70913
6.69337
6.64993
6.69004
6.77388
7.06015
7.26211
7.26849
7.24470
7.20527
7.17615
7.14751
7.15028
7.22275
7.53385
7.64738
7.57146
7.46593
7.36586
7.29326
7.23676
7.18189
7.15753
7.12592
7.12771
7.07861
7.04132
7.04731
7.06064
7.06972
7.31983
7.57857
7.56650
7.44767
7.39406
7.32704
7.29267
7.29124
7.25286
7.23995
7.19064
7.12526
7.15936
7.15351
7.28397
7.50285
7.53039
7.45263
7.40346
7.37081
7.32065
7.28278
7.22634
7.20435
7.16575
7.13473
7.10969
7.11085
7.18126
7.20861
7.19062
7.20354
7.41416
7.64781
7.58040
7.68464
7.70047
7.61659
7.74573
7.92531
7.85658
7.75435
7.65167
7.56691
7.47245
7.44017
7.46487
7.40896
7.36529
7.35238
7.32660
7.32332
7.38662
7.44803
7.48977
7.38925
7.32438
7.47885
7.87163
8.14220
8.11622
8.22676
8.23699
8.30772
8.40868
8.30002
8.15570
8.02107
7.96117
7.87542
7.82768
7.80372
7.80418
7.79395
7.76744
7.94158
8.16092
8.12174
8.04415
7.92328
7.85938
7.99207
8.24190
8.18399
8.19863
8.48432
8.46233
8.58768
8.65141
8.75983
8.81486
8.79039
8.75317
8.62730
8.49393
8.44219
8.34789
8.26904
8.24115
8.24405
8.19539
8.25770
8.27977
8.36771
8.54267
8.67937
8.66042
8.80409
8.83658
9.29249
9.62910
9.54113
9.38245
9.36155
9.19949
9.27435
9.27784
9.23233
9.26014
9.33031
9.42326
9.49834
9.91819
10.02076
9.99085
9.84663
9.71590
9.79804
9.94422
9.96267
9.89572
9.86264
9.79036
9.67000
9.60540
9.75498
9.78232
9.69158
9.67574
9.66157
9.60379
9.52797
9.47586
9.42136
9.43028
9.40894
9.36841
9.36421
9.35452
9.32017
9.28618
9.26747
9.36494
9.43028
9.39331
9.40890
9.42535
9.35608
9.26674
9.21173
9.15231
9.11742
9.08899
9.06640
9.03860
8.99812
8.97589
8.93417
8.90172
8.90128
8.88430
8.85346
8.81911
8.81553
8.77223
8.74655
8.74523
8.70721
8.67304
8.62156
8.59718
8.57253
8.54229
8.51163
8.44647
8.41293
8.39018
8.36796
8.36329
8.40931
8.42480
8.41383
8.36404
8.28611
8.26636
8.26040
8.27431
8.24088
8.23815
8.26715
8.28074
8.26293
8.22369
8.18650
8.20699
8.37438
8.44348
8.38256
8.30115
8.22750
8.16490
8.12631
8.09557
8.06494
8.04100
8.01978
8.02070
8.01115
7.98533
7.96866
7.90562
7.89893
7.95243
7.98401
8.00493
8.00192
7.94933
7.93460
8.10943
8.21349
8.17015
8.10967
8.02952
7.98375
7.96436
7.93427
7.92356
7.87333
7.84608
7.81088
7.76131
7.74830
7.71298
7.68888
7.75704
7.89374
7.89640
7.95911
8.05385
8.07194
8.05058
8.00206
7.94468
7.87682
7.83759
7.80700
7.78038
7.74241
7.71052
7.67608
7.64676
7.61459
7.60207
7.57627
7.58582
7.60948
7.60309
7.56633
7.50837
7.47372
7.43317
7.40611
7.36596
7.33407
7.30911
7.36228
7.39695
7.39209
7.35146
7.30578
7.29659
7.28318
7.28320
7.27583
7.25175
7.22092
7.18949
7.16325
7.18500
7.23988
7.22519
7.25029
7.38318
7.43050
7.39957
7.34271
7.28337
7.25971
7.21836
7.21015
7.19825
7.17193
7.16186
7.13215
7.11228
7.09214
7.06670
7.08797
7.09316
7.06307
7.04896
6.99980
6.97471
6.95475
6.92998
6.91156
6.91353
6.90889
6.89907
6.87455
6.85250
6.82947
6.80232
6.77321
6.75471
6.74688
6.74347
6.72692
6.70287
6.67691
6.65990
6.64044
6.62985
6.62706
6.60476
6.58284
6.55977
6.54332
6.52486
6.51251
6.49492
6.49521
6.47619
6.45219
6.44473
6.45407
6.43053
6.44064
6.41631
6.42202
6.39591
6.37895
6.34102
6.34296
6.32645
6.33615
6.34376
6.32036
6.30272
6.28071
6.26281
6.24374
6.22460
6.20732
6.15457
6.15771
6.15992
6.14930
6.10442
6.06675
6.06507
6.12076
6.12976
6.12141
6.12661
6.10163
6.09018
6.08519
6.08372
6.06778
6.12216
6.32951
6.25908
6.17635
6.17576
6.20228
6.21962
6.16406
6.14147
6.13894
6.12108
6.10725
6.09491
6.09534
6.07498
6.05612
6.06334
6.07468
6.07759
6.04374
6.02133
6.00100
5.96059
5.93818
5.91790
5.90728
5.91385
5.90150
5.88590
5.86592
5.85130
5.80926
5.78422
5.76034
5.74309
5.72549
5.71041
5.69697
5.68190
5.66267
5.63864
5.61637
5.59001
5.56765
5.53616
5.53075
5.50590
5.50042
5.51787
5.50937
5.49765
5.47793
5.46707
5.45732
5.43889
5.42341
5.38735
5.34019
5.35036
5.34913
5.33125
5.31375
5.32200
5.30558
5.29177
5.27388
5.26859
5.25315
5.24288
5.22512
5.21388
5.19457
5.18409
5.16680
5.15936
5.15823
5.12743
5.11849
5.10823
5.09290
5.08456
5.06866
5.06017
5.04046
5.03278
5.01433
5.02494
4.99163
5.01727
5.03223
5.16772
5.21497
5.38676
5.51424
5.45909
5.45064
5.50209
5.55382
5.58346
5.57745
5.55563
5.53500
5.54754
5.58142
5.58216
5.55355
5.57067
5.54969
5.57962
5.57949
5.65044
5.84962
5.90110
5.97125
5.92744
5.90438
5.91043
5.97061
6.06599
6.20032
6.31809
6.39833
6.39351
6.37115
6.40745
6.45656
6.43118
6.40773
6.37155
6.33021
6.33317
6.38759
6.51344
6.54747
6.48663
6.45303
6.43013
6.41543
6.41574
6.45138
6.48796
6.48574
6.45323
6.43761
6.42217
6.42861
6.43129
6.48307
6.62306
6.66107
6.63285
6.58069
6.63241
6.71075
6.69668
6.66957
6.66964
6.68002
6.66442
6.64613
6.64910
6.79181
6.91811
6.90179
6.86528
6.86867
6.82041
6.76702
6.73565
6.72247
6.70787
6.70660
6.71891
6.72719
6.71272
6.71320
6.76447
6.80146
6.79193
6.76826
6.75278
6.82339
6.88203
6.85662
6.82910
6.80964
6.79387
6.78119
6.77695
6.78549
6.80867
6.77233
6.75935
6.76154
6.75755
6.74047
6.72466
6.71608
6.70981
6.69532
6.68386
6.67262
6.68699
6.69860
6.67515
6.65623
6.67271
6.67262
6.65409
6.62934
6.59811
6.58234
6.55634
6.55518
6.54105
6.58097
6.70286
6.73179
6.67519
6.64982
6.61551
6.64799
6.66343
6.65462
6.60975
6.60287
6.57336
6.64558
6.69761
6.71813
6.67125
6.64914
6.59589
6.60822
6.56445
6.58956
6.54002
6.57228
6.51924
6.56797
6.46838
6.52330
6.48733
6.61294
6.49771
6.58332
6.48170
6.59717
6.44544
6.56265
6.35577
6.56241
6.24648
6.59123
