16.46578
15.49172
16.21203
15.63339
16.04100
15.69086
16.25269
15.89260
16.07042
15.70412
15.87881
15.58157
16.07051
16.31551
16.44824
16.18782
16.20360
16.03928
16.04484
15.97168
15.99703
15.95390
16.22235
16.10393
16.04118
15.88678
15.86988
15.82267
15.87153
15.78154
15.76374
15.67774
15.65708
15.60734
15.69587
15.67662
15.62680
15.54944
15.51961
15.48253
15.44701
15.40460
15.38994
15.34308
15.31654
15.32088
15.33246
15.37918
15.37880
15.39367
15.38124
15.32553
15.28646
15.24523
15.20195
15.15749
15.12022
15.08502
15.05403
15.01728
14.98137
14.94639
14.91807
14.88359
14.85737
14.84067
14.80959
14.78814
14.78401
14.76051
14.73377
14.70040
14.67338
14.65589
14.74916
14.92786
14.95373
14.91244
14.83111
14.90068
15.09544
15.07860
14.98946
14.91149
14.85967
14.81155
14.77451
14.74458
14.74670
14.72602
14.68512
14.65088
14.64745
14.64888
14.61907
14.58486
14.54876
14.52025
14.48526
14.45715
14.42280
14.46119
14.50108
14.46284
14.42206
14.38824
14.36601
14.33968
14.32973
14.31444
14.28141
14.25503
14.23040
14.20543
14.18540
14.19123
14.17935
14.15101
14.11707
14.09100
14.09672
14.12446
14.07787
14.06354
14.01976
14.21614
14.57469
14.66387
14.61000
14.56483
14.57925
14.57579
14.50873
14.51041
14.57873
14.56042
14.53799
14.75394
15.20849
15.65982
16.10834
16.59259
16.70487
17.06998
17.32191
17.29800
17.12374
17.09222
17.36728
17.27704
17.08329
16.96995
16.76482
16.90287
17.11444
16.94249
16.77772
16.82317
17.02324
16.98453
16.91755
16.85060
16.78576
16.72614
16.73580
16.59047
16.94183
17.40965
17.25934
17.31862
17.35815
17.22258
17.08552
16.98787
17.06134
17.13332
17.54562
17.97053
17.78652
17.68694
17.61569
17.61469
17.73082
17.67943
17.64759
17.69105
17.72231
17.56172
17.75977
17.81424
17.67693
17.74259
17.80219
17.76595
17.70940
17.66610
17.73320
17.73547
17.71360
17.84116
17.74918
17.60094
17.77935
17.84259
17.81446
17.53501
17.52393
17.83857
18.12726
18.66616
18.97387
18.83142
18.69243
18.67659
18.56299
18.47424
18.41319
18.30136
18.22007
18.24668
18.19966
18.02455
17.99975
18.01017
18.00805
17.97281
18.04714
18.25481
18.07043
18.43826
18.59187
18.49634
19.46960
20.03709
19.70687
19.21189
19.04610
19.01600
18.99969
18.89970
18.84875
18.73303
18.68840
18.53007
18.46371
18.39451
18.42488
18.41598
18.44503
18.27367
17.95209
18.11154
18.19213
18.21901
18.17744
18.22421
18.25178
18.23193
18.03875
17.89439
17.80713
17.74283
17.76710
17.60314
17.56505
17.86064
18.00358
18.11003
18.05406
17.81847
17.98025
18.09432
18.13689
18.03281
17.96359
17.83237
17.90091
17.71490
17.71406
17.85763
17.79650
17.69965
17.61982
17.54729
17.51246
17.58620
17.72463
17.61951
17.88871
18.26934
18.40376
18.75964
18.46085
18.18763
18.03545
17.76802
17.82006
17.86279
17.78177
17.53205
17.79782
18.12290
17.82622
17.92342
17.84689
17.76172
17.77315
17.76497
17.74690
17.59952
17.49034
17.41367
17.76155
18.79382
19.23970
19.73542
20.11254
20.21545
20.16901
20.33690
20.22018
20.24039
20.18856
20.29033
20.71255
20.66264
20.39299
20.03745
19.97098
19.86484
20.09865
20.72139
20.67398
20.62234
20.67134
20.72897
20.71375
20.57480
20.40424
20.24291
20.07057
19.95759
19.78090
20.10404
20.40688
20.20580
20.02085
19.85925
19.78567
19.94100
20.02819
19.88744
19.74140
19.60775
19.52355
19.43864
19.39281
19.33270
19.25566
19.15719
19.09370
19.02535
18.97942
18.99634
18.99641
18.92850
18.89913
18.83047
18.79819
18.69900
18.66942
18.63967
18.63681
18.74704
18.73725
18.64789
18.59661
18.52985
18.48532
18.43841
18.41430
18.46273
18.41940
18.32213
18.31292
18.33939
18.51490
18.79140
18.75847
18.61277
18.48648
18.40154
18.33428
18.29197
18.23730
18.19012
18.18594
18.19064
18.86501
19.26503
19.10460
18.89716
18.72662
18.63530
18.56991
18.52793
18.59471
18.66978
18.56445
18.47819
18.39068
18.34536
18.28067
18.25449
18.18461
18.15226
18.08872
18.09758
18.15281
18.10032
18.00075
18.02983
18.10994
18.28625
18.55583
18.49524
18.35849
18.24938
18.23771
18.18862
18.15061
18.08275
18.02600
18.03343
18.03271
17.95473
17.97246
17.98816
17.98569
18.00552
18.36525
18.49837
18.38803
18.26306
18.15683
18.09429
18.04668
18.06339
18.32791
18.40289
18.27676
18.16202
18.08514
18.03286
17.98031
17.93426
17.97802
17.99005
17.92089
17.85848
17.81228
17.77207
17.72651
17.70551
17.68683
17.63404
17.68123
17.71768
17.70058
17.59887
17.82784
18.65714
19.27052
19.40025
19.40438
19.11801
18.89505
18.49561
18.77963
18.90460
19.21386
19.33825
19.21234
19.39972
19.42674
19.27209
19.02019
19.00630
19.19083
19.08743
19.05604
18.78543
18.58392
18.49168
18.62602
18.87392
19.02896
19.28151
18.87896
18.57978
18.53969
18.53115
18.77012
19.22982
19.12987
19.04328
19.00296
19.41436
19.79073
19.66263
19.80763
20.16291
20.05172
19.84115
19.65679
19.33548
19.40016
19.50412
19.38606
19.37980
19.43129
19.39076
19.33327
19.31926
19.30542
19.55072
19.79890
19.80359
19.96353
19.97899
19.56916
19.42398
19.47948
19.42905
19.46375
19.94461
19.90204
20.02390
20.28065
20.03823
19.95930
20.05264
20.01761
19.85216
20.26174
20.65182
20.44621
20.22104
19.71411
19.74327
19.98227
20.10074
20.08353
20.09231
19.97762
20.00168
19.97835
19.96940
20.07564
19.95715
19.82760
19.87176
19.74537
19.64429
19.47990
19.79277
20.04597
19.91020
19.85941
19.69422
19.60151
19.66457
19.71636
19.59077
19.74289
19.59363
19.73467
19.79123
19.86046
19.99936
19.85396
19.82554
19.59095
19.63277
19.68211
19.53764
19.55721
19.46912
19.56287
19.40086
19.25422
19.28633
19.35303
19.23601
19.25297
19.16863
19.28273
19.24504
19.20568
19.08703
19.12138
19.17577
19.00301
18.96534
18.91270
18.96536
19.10366
18.84900
19.06620
20.22427
20.76862
20.62194
20.37748
20.27948
20.36745
20.22169
20.13844
20.38864
20.35008
20.19537
20.17558
20.24520
20.18390
20.11404
20.00760
19.94870
19.85462
19.70533
19.64209
19.83208
19.72800
19.71789
19.68688
19.66824
19.71929
19.82515
20.34152
20.47942
20.31656
20.34729
20.34393
20.15532
20.18208
20.20372
20.14430
20.25722
20.02164
20.43298
20.78253
20.97640
21.17116
20.59465
20.42234
20.34474
20.68653
21.23258
21.41101
21.27622
21.10301
20.88112
20.85849
21.10545
20.90840
20.89806
20.83725
20.65832
20.74511
20.51353
20.89495
21.19212
21.35264
21.47320
21.57320
21.62299
21.55805
21.87518
22.29050
22.62493
22.64245
22.49136
22.28263
22.52294
22.54864
22.51121
22.34497
22.24010
22.34382
22.49435
22.74192
22.57684
22.37935
22.65240
22.77213
22.43598
22.35127
22.54594
22.60038
22.71926
22.66476
22.43797
22.24961
22.09337
21.94395
22.01571
22.53073
22.70091
22.45655
22.21837
22.01548
22.15169
22.50572
22.37439
22.13837
21.96247
21.89813
21.83777
21.74599
21.64657
21.60685
21.61461
21.55695
21.50586
21.43933
21.39292
21.33610
21.27911
21.22125
21.19784
21.13786
21.09242
21.02327
21.01776
20.91717
21.54248
22.55770
22.60350
22.53333
22.71148
22.92125
23.16512
23.38641
23.34652
23.08545
22.79498
22.59443
22.52800
22.43466
22.35574
22.42670
22.81127
23.01936
23.26159
23.23165
23.27743
23.34976
23.08965
22.87387
22.63413
22.57579
22.53263
22.40580
22.24817
22.10157
22.22732
22.58706
23.34349
23.64231
23.26724
22.93697
22.70662
22.56094
22.46484
22.45769
22.47629
22.42724
22.31166
22.21131
22.09968
22.02200
22.09120
22.21786
22.17698
22.04803
21.93905
21.88388
22.00305
22.08081
22.01388
21.90592
21.81031
21.73997
21.72204
21.71912
21.64351
21.55385
21.48710
21.44261
21.43840
21.39404
21.58734
21.71061
21.61881
21.50648
21.42842
21.37118
21.39083
21.41567
21.35121
21.29907
21.25715
21.23797
21.32954
21.48179
21.46333
21.37661
21.30684
21.25595
21.19606
21.14447
21.10399
21.07527
21.03205
20.98291
20.93121
20.88179
20.83545
20.78421
20.73677
20.69012
20.68390
20.68953
20.68921
20.79658
20.78085
20.71975
20.69674
20.65315
20.57861
20.51806
20.45712
20.40414
20.34354
20.27936
20.22909
20.19638
20.14116
20.09090
20.03867
19.99477
19.94402
19.89705
19.85421
19.84749
19.79904
19.75202
19.68928
19.65588
19.60000
19.56677
19.50868
19.48127
19.42232
19.46083
19.42142
19.59179
19.83983
19.86235
19.75655
19.70534
19.64276
19.71207
19.61747
19.59890
19.51007
19.59645
19.54177
19.62723
19.48150
19.49892
19.32991
19.39154
19.21957
19.31458
19.13617
19.51492
19.55840
19.72851
19.43124
19.61658
19.31920
19.55436
19.17938
19.60776
19.30511
19.77947
19.27408
19.87500
19.01677
