16.67906
15.79730
16.46207
15.83036
16.25652
15.79967
16.10492
15.75520
16.06875
15.82674
16.02149
15.78095
15.93194
15.72597
15.84177
15.67370
15.77807
15.63722
15.71117
15.57503
15.62557
15.51053
15.54672
15.45010
15.48801
15.40969
15.42895
15.35707
15.36565
15.30985
15.33906
15.32561
15.34419
15.30898
15.27822
15.25554
15.28281
15.27119
15.28398
15.28872
15.27796
15.26860
15.22953
15.29245
15.69423
16.00621
16.14521
16.44617
17.16073
17.44977
17.46158
17.38902
17.22328
17.15339
17.14946
17.06724
17.01133
16.89410
16.82030
16.74610
16.72215
16.79294
16.97438
17.19814
17.22738
17.28231
17.39331
17.41484
17.34760
17.20511
17.06487
16.93308
16.83079
16.73722
16.65182
16.57259
16.50702
16.44347
16.46467
16.48361
16.43754
16.46747
16.51756
16.52432
16.92470
17.36988
17.44184
17.36603
17.22956
17.06045
16.88600
16.74405
16.62146
16.52189
16.44327
16.37685
16.30972
16.25579
16.20853
16.15901
16.10456
16.04935
15.99587
15.94653
15.90458
15.86232
15.82337
15.78547
15.74562
15.69611
15.64926
15.60219
15.56067
15.52052
15.48463
15.44297
15.40925
15.36892
15.33641
15.29520
15.25952
15.21594
15.18378
15.14460
15.13079
15.10143
15.10578
15.08685
15.06181
14.98186
15.05779
15.26905
15.61181
15.87085
15.96842
16.08788
16.08187
16.17375
16.01907
16.06333
16.10425
16.02430
15.95416
15.85010
15.74017
15.64271
15.54900
15.49116
15.44643
15.39660
15.35131
15.33100
15.30295
15.26991
15.24357
15.20091
15.16191
15.11457
15.06486
15.02862
15.03172
14.99944
14.97660
14.93058
14.93484
14.98880
15.04849
15.08955
15.06285
15.05189
15.01875
14.95713
14.86634
14.81274
14.75476
14.74781
14.71779
14.68927
14.63093
14.59335
14.54009
14.50233
14.49170
14.72114
14.84310
14.74656
14.58629
14.72969
14.68097
14.62393
14.66169
14.74350
14.90820
14.82966
14.73942
14.63391
14.49123
14.30507
14.31139
14.24811
14.22993
14.22421
14.23068
14.07597
14.15452
14.11129
14.16219
14.10615
14.30882
14.52104
14.54143
14.54629
14.48464
14.41545
14.34576
14.26533
14.27360
14.17810
14.01290
14.02197
13.98208
13.99817
13.95878
13.92063
13.90813
13.87937
13.84902
13.80936
13.77437
13.74234
13.70307
13.71791
13.68066
13.63355
13.83941
13.71833
13.58673
13.63052
13.57278
13.48032
13.46063
13.45410
13.41383
13.54137
13.48947
13.48687
13.61964
13.56552
13.33060
13.33464
13.27380
13.24006
13.23664
13.25253
13.22240
13.16250
13.20961
13.39803
13.31486
13.29613
13.37529
13.43845
13.45021
13.39071
13.26888
13.12717
13.21839
13.17463
13.12152
13.12261
13.09116
13.06654
13.01397
12.96043
12.95645
13.04128
13.19425
13.13024
13.18670
13.14443
13.18973
13.18206
13.24290
13.24798
13.23439
13.40951
13.64023
13.78961
14.03764
14.11890
14.15987
14.09001
14.03161
13.92327
13.83965
13.78328
13.69709
13.63549
13.57245
13.42713
13.37888
13.50084
13.51895
13.48724
13.42454
13.32392
13.34246
13.19971
13.27942
13.45066
13.48496
13.37422
13.31432
13.20458
13.18116
13.14168
13.14920
13.11179
13.09165
13.16639
13.25791
13.23643
13.72412
14.98516
16.28991
17.13288
17.94556
18.48768
18.64725
18.63722
18.39326
17.99529
17.65512
17.41904
17.10930
17.03706
16.91956
16.92143
16.89143
16.99361
17.03217
17.88190
18.63239
18.66202
18.87918
18.89300
18.74581
18.50239
18.24126
18.02311
17.79904
17.62377
17.51584
17.46460
17.36412
17.36937
17.31931
17.21853
17.08218
17.08077
17.24301
17.27876
17.13973
17.14939
17.22521
17.20644
17.17247
17.04895
16.95122
16.86104
16.78146
16.69837
16.62134
16.53223
16.46594
16.38548
16.33486
16.34592
16.40278
16.35463
16.34760
16.35975
16.31148
16.24346
16.19946
16.15931
16.21254
16.24407
16.26551
16.32625
16.38310
16.38624
16.33561
16.34032
16.32458
16.32031
16.37092
16.39440
16.47199
16.53220
16.56365
16.55807
16.50167
16.54572
17.20716
18.12405
18.68196
18.97989
19.01418
18.84041
18.65718
18.43163
18.44451
18.52705
18.49888
18.44563
18.36104
18.23581
18.13534
18.04500
17.99443
17.91992
17.85672
17.78441
17.74770
17.68269
17.64723
17.57967
17.77170
18.49229
18.93353
19.05943
19.11759
19.00897
18.89317
18.72443
18.65915
18.30624
17.88990
17.97323
18.11187
18.38394
18.60902
18.73652
18.64351
18.54357
18.37250
18.37722
18.40096
18.45888
18.68645
18.79457
18.74886
18.69025
18.60840
18.54298
18.45091
18.35075
18.22819
18.10250
18.21968
18.75003
18.86370
18.81660
18.84709
18.90841
18.81874
18.74449
18.63381
18.50417
18.48587
18.69278
19.69540
20.71043
21.21772
21.23410
20.99142
20.70558
20.47990
20.08880
19.90536
20.06763
20.09698
20.04791
19.92313
19.58600
19.42447
19.25794
19.18496
19.19041
19.42870
19.50717
19.45267
19.41257
19.26719
19.17358
19.11344
19.07655
18.90713
18.92582
18.93924
18.86262
18.87225
18.91527
19.04725
19.36782
20.27870
21.01847
21.19566
21.13054
20.94720
20.74996
20.53366
20.34019
20.17451
20.02768
19.92092
19.84147
19.96628
20.05422
20.02164
19.93201
19.82478
19.72386
19.65244
19.59618
19.52852
19.46963
19.39609
19.32919
19.27280
19.22608
19.19749
19.13493
19.06433
18.91129
18.84252
18.77431
18.86733
19.01049
19.31411
19.44846
19.50375
19.47937
19.32901
19.23982
19.22772
19.15999
19.10873
19.08934
19.03189
19.01901
19.01156
18.97915
18.98491
18.73947
18.60848
18.55460
18.53334
18.48268
18.49309
18.43880
18.46612
18.54178
18.30962
18.25476
18.37000
18.44987
18.42051
18.50083
18.52053
18.55310
18.49623
18.57630
18.44965
18.41443
18.38631
18.39290
18.24804
18.20699
18.20833
18.24916
18.51935
18.60423
18.62323
18.54890
18.48475
18.38954
18.31098
18.32013
18.28357
18.21678
18.24227
18.08864
18.32914
18.35992
18.59631
18.46029
18.59253
18.85104
18.98718
19.05138
18.96923
18.74264
18.88209
18.90367
18.97452
19.27587
19.57900
19.72422
19.48591
19.62419
19.60629
19.64016
19.57161
19.48184
19.36491
19.22571
18.96179
18.91036
18.91136
19.20519
19.58002
19.71474
19.81784
20.19726
20.62998
20.82051
20.67531
20.45760
20.52027
20.95620
21.13152
21.04879
20.85282
20.49944
20.32694
20.16547
19.97590
19.90913
19.75920
19.64949
19.57742
19.47886
19.56427
19.44275
19.42508
19.36262
19.28994
19.20208
19.03308
18.79928
18.82776
18.77105
18.81703
18.90519
18.73258
18.78059
19.33009
19.50932
20.02509
20.88119
20.22703
20.10015
20.12848
20.03175
19.86008
19.64085
19.46559
19.61170
19.57737
19.37580
19.27038
19.37869
19.23317
19.16072
19.52783
19.65764
19.57075
19.41241
19.05854
19.10256
19.03539
19.16499
19.12349
19.38334
19.44099
19.80396
19.92816
19.49888
19.33550
19.19786
19.22658
19.16765
19.23348
19.16438
19.05062
19.12117
19.46956
19.06245
18.82126
18.90172
18.74546
18.97494
18.76086
18.92504
18.86552
18.67744
18.76674
18.75062
18.87987
18.88826
18.66911
18.60765
18.58638
18.66104
18.60035
19.30028
19.90219
20.36111
21.34744
21.95935
22.23574
22.26552
21.89138
21.75694
21.77065
21.63070
21.45266
21.37824
21.55301
21.46374
21.38045
21.33496
21.30816
21.32784
21.28940
21.19527
21.16998
21.11952
21.16870
21.08631
20.92986
20.95858
20.87885
20.74039
20.66595
20.74504
21.15114
21.78706
22.46813
22.67397
22.50747
22.68545
22.43404
22.40569
22.23018
22.05702
22.01029
21.82896
21.63028
21.60090
21.66133
21.63694
21.68416
21.69198
21.72205
21.63228
21.54817
21.41650
21.30395
21.19018
21.08952
20.98458
20.91225
20.82400
20.74512
20.66461
20.58435
20.49632
20.41823
20.34833
20.28483
20.21995
20.14212
20.07023
20.01267
19.94859
19.88196
19.82168
19.76611
19.71064
19.65165
19.59641
19.53702
19.48456
19.43319
19.37992
19.33080
19.27941
19.22898
19.18407
19.13725
19.08863
19.04079
18.99165
18.94376
18.89821
18.85532
18.81268
18.76581
18.71860
18.67959
18.63582
18.59186
18.54864
18.50362
18.46325
18.42385
18.38659
18.35696
18.33494
18.30879
18.29470
18.31816
18.33437
18.32691
18.31055
18.28783
18.25618
18.21876
18.17715
18.14343
18.10453
18.06506
18.02300
17.97498
17.93886
17.89362
17.85585
17.81372
17.77690
17.73565
17.70431
17.66017
17.62956
17.58329
17.54992
17.49615
17.46480
17.40990
17.38231
17.32392
17.29832
17.23709
17.22079
17.15860
17.14635
17.07816
17.07136
17.00412
17.00532
16.92735
16.93081
16.84476
16.85825
16.76033
16.78227
16.67362
16.70320
16.57692
16.64321
16.51102
16.59851
16.42836
16.54198
16.33690
16.49088
16.22998
16.45840
16.08653
16.48442
